1600311600000,0.01071,0.219,0.01071,0.11098,198751.3
1600315200000,0.11095,0.11098,0.08402,0.09546,93008.8
1600318800000,0.09696,0.13,0.08748,0.09123,154093.7
1600322400000,0.09093,0.1439,0.08909,0.13569,149885.3
1600326000000,0.13681,0.17,0.12236,0.12644,129780.6
1600329600000,0.12748,0.136,0.10693,0.10861,136387.4
1600333200000,0.10777,0.125,0.10153,0.10939,121869.8
1600336800000,0.10925,0.129,0.107,0.11183,72977.2
1600340400000,0.11184,0.11683,0.1045,0.10694,48835.2
1600344000000,0.10773,0.10773,0.0921,0.09899,81961.5
1600347600000,0.0989,0.1123,0.097,0.108,68566.6
1600351200000,0.10861,0.11957,0.10226,0.11086,68019.1
1600354800000,0.11126,0.12271,0.11022,0.113,80899.9
1600358400000,0.11366,0.13998,0.11133,0.13668,106417.0
1600362000000,0.137,0.15081,0.13284,0.13764,137623.1
1600365600000,0.13763,0.15524,0.12197,0.13122,101012.8
1600369200000,0.13167,0.1375,0.12604,0.13043,56971.9
1600372800000,0.13041,0.14485,0.12949,0.13813,65674.8
1600376400000,0.138,0.145,0.1322,0.135,78833.0
1600380000000,0.13533,0.14251,0.11656,0.12,69204.7
1600383600000,0.1202,0.13598,0.1193,0.12782,50289.9
1600387200000,0.12813,0.135,0.124,0.124,37047.6
1600390800000,0.12401,0.125,0.1174,0.12108,32515.1
1600394400000,0.12162,0.134,0.12057,0.1306,34523.5
1600398000000,0.13045,0.15194,0.1266,0.14749,67998.6
1600401600000,0.14749,0.1756,0.14702,0.16214,159173.6
1600405200000,0.16234,0.1756,0.15388,0.16647,79288.0
1600408800000,0.16704,0.19368,0.16067,0.18558,107835.5
1600412400000,0.1857,0.215,0.18117,0.20879,131206.8
1600416000000,0.20895,0.20998,0.171,0.18712,153405.5
1600419600000,0.1861,0.195,0.17,0.18332,70729.5
1600423200000,0.18155,0.189,0.17714,0.18459,38702.9
1600426800000,0.18459,0.189,0.1689,0.16987,58291.0
1600430400000,0.17131,0.186,0.17097,0.18398,59872.9
1600434000000,0.18419,0.2037,0.18221,0.19783,74234.4
1600437600000,0.19725,0.21471,0.19204,0.21241,60497.8
1600441200000,0.2115,0.249,0.20529,0.23204,149633.0
1600444800000,0.23204,0.25958,0.22435,0.25802,113117.6
1600448400000,0.25737,0.297,0.24997,0.28686,150625.3
1600452000000,0.287,0.32158,0.23522,0.2448,183458.4
1600455600000,0.24481,0.26098,0.22604,0.2347,75197.8
1600459200000,0.2347,0.25948,0.22354,0.25422,112096.5
1600462800000,0.25423,0.277,0.24148,0.27227,86299.9
1600466400000,0.27146,0.2876,0.26027,0.287,58146.6
1600470000000,0.28767,0.28767,0.243,0.25075,48411.8
1600473600000,0.25023,0.27204,0.25004,0.25928,38066.6
1600477200000,0.25886,0.26768,0.23376,0.24314,42733.2
1600480800000,0.24356,0.24897,0.22947,0.23323,32842.4
1600484400000,0.23258,0.2413,0.22455,0.22646,30009.3
1600488000000,0.22646,0.25038,0.22646,0.24364,40639.1
1600491600000,0.24262,0.26206,0.2412,0.25209,40693.0
1600495200000,0.253,0.25451,0.23499,0.24292,27129.4
1600498800000,0.24447,0.2457,0.2347,0.2362,13807.9
1600502400000,0.23622,0.28,0.23432,0.24482,53637.4
1600506000000,0.24424,0.25833,0.24324,0.2519,27155.7
1600509600000,0.25187,0.25273,0.238,0.24425,30273.6
1600513200000,0.24411,0.27118,0.24322,0.26533,38300.7
1600516800000,0.26453,0.26602,0.25073,0.2621,42277.9
1600520400000,0.26206,0.27413,0.2585,0.26264,30004.6
1600524000000,0.26264,0.26298,0.24416,0.24927,30095.0
1600527600000,0.24931,0.25137,0.23947,0.24606,31647.2
1600531200000,0.24524,0.25374,0.23479,0.23479,29120.8
1600534800000,0.23469,0.24146,0.22,0.22523,49966.9
1600538400000,0.22546,0.2271,0.20659,0.2257,91142.1
1600542000000,0.2257,0.23171,0.20225,0.21601,50067.3
1600545600000,0.21649,0.23781,0.21477,0.22072,31931.8
1600549200000,0.22107,0.22107,0.20169,0.20848,36541.5
1600552800000,0.20786,0.21028,0.19066,0.20662,46782.5
1600556400000,0.20623,0.21471,0.20306,0.2103,19686.8
1600560000000,0.2103,0.21417,0.2037,0.20778,9941.7
1600563600000,0.20809,0.20865,0.19591,0.20437,21465.7
1600567200000,0.20437,0.21367,0.20256,0.2077,14332.6
1600570800000,0.2077,0.22549,0.204,0.22089,22999.3
1600574400000,0.22111,0.2247,0.21319,0.22134,14015.9
1600578000000,0.22134,0.22134,0.21381,0.21601,17586.8
1600581600000,0.21613,0.21613,0.206,0.20627,16234.4
1600585200000,0.20664,0.21558,0.20625,0.20716,15109.7
1600588800000,0.20717,0.20885,0.19993,0.20478,23716.7
1600592400000,0.20394,0.21295,0.20288,0.20974,13680.7
1600596000000,0.20973,0.21559,0.20704,0.212,21762.6
1600599600000,0.21175,0.21262,0.20601,0.20952,10147.7
1600603200000,0.20928,0.20928,0.19949,0.20357,21672.4
1600606800000,0.20357,0.20437,0.19205,0.19571,45714.0
1600610400000,0.19635,0.19714,0.184,0.18882,42197.4
1600614000000,0.18901,0.19736,0.18714,0.18976,19417.8
1600617600000,0.1907,0.19545,0.18268,0.19545,39980.9
1600621200000,0.19447,0.20195,0.19188,0.19965,47954.6
1600624800000,0.19964,0.20201,0.18976,0.19386,14804.3
1600628400000,0.19447,0.19912,0.18898,0.19163,13203.0
1600632000000,0.19123,0.19285,0.18218,0.18862,28152.5
1600635600000,0.18882,0.19825,0.183,0.19285,16969.2
1600639200000,0.19377,0.19591,0.18638,0.19104,8523.3
1600642800000,0.19157,0.21007,0.19157,0.1982,30722.1
1600646400000,0.19862,0.2121,0.19862,0.2069,30492.8
1600650000000,0.2064,0.20778,0.19714,0.19836,10286.7
1600653600000,0.19836,0.20299,0.19447,0.19653,7660.3
1600657200000,0.19689,0.20343,0.19537,0.20306,16508.4
1600660800000,0.20261,0.21446,0.19921,0.21182,12436.4
1600664400000,0.21133,0.21344,0.20608,0.20952,10910.1
1600668000000,0.20938,0.21201,0.20486,0.20632,8998.1
1600671600000,0.2056,0.20821,0.19817,0.19959,14181.7
1600675200000,0.19945,0.20168,0.1907,0.19469,22583.9
1600678800000,0.19509,0.198,0.18404,0.18566,28091.2
1600682400000,0.18566,0.19345,0.18,0.19165,48457.9
1600686000000,0.19187,0.19235,0.17734,0.18306,31590.2
1600689600000,0.18306,0.19473,0.18,0.19285,23191.0
1600693200000,0.19224,0.19486,0.18551,0.18789,15670.8
1600696800000,0.18849,0.18952,0.18101,0.18734,21948.2
1600700400000,0.18734,0.18953,0.1823,0.1823,20748.3
1600704000000,0.18222,0.18555,0.18043,0.18208,11215.1
1600707600000,0.18183,0.18605,0.18051,0.18244,9159.2
1600711200000,0.18183,0.20201,0.18133,0.19089,17727.8
1600714800000,0.19137,0.19486,0.18882,0.19469,11313.2
1600718400000,0.19418,0.199,0.18882,0.19035,27227.6
1600722000000,0.19038,0.19125,0.18397,0.18618,15347.0
1600725600000,0.18693,0.18933,0.18502,0.1863,5296.4
1600729200000,0.1872,0.1872,0.18243,0.18367,4409.5
1600732800000,0.18489,0.18734,0.1811,0.18629,11753.7
1600736400000,0.18664,0.18733,0.18279,0.18695,7123.9
1600740000000,0.18698,0.18845,0.18503,0.18584,9035.2
1600743600000,0.18551,0.18825,0.18469,0.18658,7801.0
1600747200000,0.18668,0.19051,0.18551,0.18882,6068.3
1600750800000,0.18918,0.19238,0.18694,0.18918,7721.8
1600754400000,0.18882,0.19102,0.17723,0.18012,23018.7
1600758000000,0.18002,0.18161,0.16421,0.16734,38365.1
1600761600000,0.16698,0.17229,0.16558,0.16935,34682.5
1600765200000,0.16935,0.17093,0.16629,0.16725,17903.4
1600768800000,0.16742,0.16883,0.1649,0.16615,23442.7
1600772400000,0.16612,0.16676,0.1593,0.16108,25162.3
1600776000000,0.16102,0.16245,0.15428,0.16037,30211.3
1600779600000,0.16052,0.1624,0.15907,0.15949,13417.1
1600783200000,0.15949,0.16486,0.15853,0.16226,21917.2
1600786800000,0.16234,0.16429,0.16002,0.16346,13456.9
1600790400000,0.16384,0.17562,0.163,0.17213,33016.0
1600794000000,0.171,0.17373,0.169,0.17089,12465.7
1600797600000,0.17224,0.17968,0.17203,0.17702,16633.1
1600801200000,0.178,0.178,0.17067,0.17231,6603.2
1600804800000,0.17231,0.17482,0.16918,0.17386,10099.9
1600808400000,0.17408,0.18499,0.1702,0.17263,18373.8
1600812000000,0.17295,0.17296,0.16977,0.17033,4151.0
1600815600000,0.17116,0.17131,0.16068,0.16282,11872.7
1600819200000,0.16294,0.16628,0.16149,0.16166,8578.3
1600822800000,0.16269,0.17092,0.16204,0.17092,6086.6
1600826400000,0.171,0.17704,0.17018,0.17425,12812.9
1600830000000,0.17483,0.17836,0.16994,0.16994,11268.0
1600833600000,0.17116,0.17621,0.16612,0.17298,9677.0
1600837200000,0.17336,0.19098,0.17,0.17457,16355.0
1600840800000,0.17506,0.17699,0.17153,0.17518,6246.0
1600844400000,0.17482,0.17578,0.17017,0.17213,8996.9
1600848000000,0.17206,0.17672,0.16816,0.17588,16893.2
1600851600000,0.17584,0.17744,0.17311,0.17574,12133.1
1600855200000,0.17528,0.18628,0.17488,0.18482,12585.7
1600858800000,0.1845,0.20084,0.18358,0.19515,68102.2
1600862400000,0.19515,0.2095,0.19125,0.20378,43944.3
1600866000000,0.20315,0.20696,0.19093,0.19386,25589.5
1600869600000,0.19422,0.201,0.19137,0.19137,24952.0
1600873200000,0.19184,0.20214,0.18929,0.19714,18740.7
1600876800000,0.19718,0.21518,0.19664,0.21476,21709.5
1600880400000,0.2153,0.22382,0.21064,0.21523,31825.7
1600884000000,0.21514,0.21514,0.20489,0.20548,20076.9
1600887600000,0.20548,0.20612,0.19536,0.20057,21982.3
1600891200000,0.19993,0.20725,0.181,0.18739,26800.2
1600894800000,0.18919,0.19421,0.18448,0.19211,13437.2
1600898400000,0.19163,0.19876,0.1906,0.19483,13539.5
1600902000000,0.19485,0.19485,0.18789,0.19145,7428.4
1600905600000,0.19144,0.20571,0.1888,0.20506,11849.8
1600909200000,0.20596,0.20929,0.19902,0.20018,10835.6
1600912800000,0.20021,0.20679,0.19789,0.20178,18465.8
1600916400000,0.20198,0.20499,0.1999,0.20236,4535.9
1600920000000,0.2035,0.21142,0.20204,0.20353,12448.5
1600923600000,0.20346,0.20671,0.20066,0.20462,12573.2
1600927200000,0.20539,0.20793,0.20253,0.20416,9271.1
1600930800000,0.20451,0.21284,0.20295,0.21121,23136.4
1600934400000,0.21177,0.21403,0.20628,0.21081,23487.2
1600938000000,0.211,0.21352,0.20248,0.20653,21104.7
1600941600000,0.20756,0.21067,0.20502,0.20966,31512.6
1600945200000,0.20911,0.21798,0.20842,0.21499,42811.7
1600948800000,0.215,0.2153,0.2011,0.203,48834.7
1600952400000,0.20307,0.20521,0.19838,0.20385,59176.0
1600956000000,0.2041,0.2082,0.20069,0.2055,13257.1
1600959600000,0.20642,0.21122,0.20215,0.20801,22979.9
1600963200000,0.20829,0.21458,0.20341,0.20747,20337.0
1600966800000,0.20856,0.20896,0.2008,0.20274,20880.6
1600970400000,0.20306,0.20517,0.20069,0.2017,7081.9
1600974000000,0.20208,0.20622,0.20203,0.20387,7234.5
1600977600000,0.2043,0.21012,0.20262,0.2057,16508.8
1600981200000,0.2057,0.21437,0.2057,0.21118,12810.7
1600984800000,0.21025,0.215,0.20741,0.21196,6946.4
1600988400000,0.2115,0.21326,0.2076,0.21,7539.2
1600992000000,0.21035,0.21035,0.2001,0.20423,16320.0
1600995600000,0.20412,0.20793,0.2028,0.20628,5892.4
1600999200000,0.20651,0.22093,0.2057,0.21853,15660.1
1601002800000,0.21741,0.225,0.21326,0.21418,18075.5
1601006400000,0.2149,0.21853,0.21371,0.21556,8335.9
1601010000000,0.21556,0.225,0.21214,0.2139,18524.2
1601013600000,0.21451,0.22119,0.21327,0.21936,12246.4
1601017200000,0.219,0.2193,0.2144,0.21481,7755.9
1601020800000,0.2153,0.21777,0.20254,0.20658,19808.0
1601024400000,0.20622,0.21016,0.20454,0.20838,13683.1
1601028000000,0.208,0.21365,0.20783,0.20954,10277.1
1601031600000,0.2088,0.21124,0.20751,0.20902,9665.4
1601035200000,0.20899,0.21077,0.2065,0.20909,7785.1
1601038800000,0.2089,0.21031,0.20334,0.20609,7259.0
1601042400000,0.20612,0.20713,0.19823,0.2047,13187.8
1601046000000,0.20421,0.21041,0.20264,0.2078,8195.9
1601049600000,0.20825,0.21282,0.20703,0.20884,8827.5
1601053200000,0.20863,0.21326,0.2085,0.21181,3875.8
1601056800000,0.21187,0.21205,0.20784,0.20852,3405.5
1601060400000,0.20925,0.20943,0.2018,0.20516,4407.5
1601064000000,0.20516,0.20555,0.20033,0.20033,7334.4
1601067600000,0.20021,0.20373,0.19832,0.20213,6057.6
1601071200000,0.2034,0.2034,0.20048,0.20274,1933.8
1601074800000,0.20237,0.2027,0.19823,0.19908,4172.4
1601078400000,0.19824,0.20095,0.195,0.19572,6544.9
1601082000000,0.19686,0.19791,0.19047,0.19501,7105.5
1601085600000,0.19563,0.20019,0.194,0.1987,6076.4
1601089200000,0.19886,0.20015,0.19597,0.19678,7160.3
1601092800000,0.19665,0.19979,0.19483,0.1975,3022.9
1601096400000,0.19793,0.20019,0.19489,0.19889,5791.5
1601100000000,0.19827,0.20063,0.19776,0.19822,2249.0
1601103600000,0.19851,0.19852,0.1951,0.19741,6488.1
1601107200000,0.198,0.19888,0.19531,0.1961,6091.9
1601110800000,0.19542,0.19593,0.19356,0.19468,5738.5
1601114400000,0.19399,0.19399,0.1914,0.1917,6110.9
1601118000000,0.19145,0.19258,0.19047,0.1915,3232.6
1601121600000,0.19126,0.19126,0.1864,0.18894,8492.6
1601125200000,0.18946,0.19124,0.18771,0.18839,11164.2
1601128800000,0.18903,0.19591,0.18813,0.19369,10988.0
1601132400000,0.1929,0.19482,0.19082,0.19082,6518.8
1601136000000,0.1917,0.19367,0.19022,0.19159,10229.1
1601139600000,0.19135,0.19135,0.18855,0.18939,8214.4
1601143200000,0.18951,0.19002,0.186,0.18661,8184.9
1601146800000,0.1866,0.18793,0.1859,0.1874,3645.2
1601150400000,0.18746,0.18794,0.1844,0.18519,3092.8
1601154000000,0.18464,0.1848,0.1808,0.18205,15166.5
1601157600000,0.18184,0.18511,0.18,0.18361,8763.3
1601161200000,0.18393,0.1872,0.18393,0.186,6762.7
1601164800000,0.18617,0.18663,0.18259,0.1831,6930.6
1601168400000,0.18318,0.1843,0.1821,0.18333,5182.0
1601172000000,0.18389,0.19638,0.18359,0.19409,11973.5
1601175600000,0.19363,0.1953,0.19245,0.1943,8278.3
1601179200000,0.1943,0.19651,0.19311,0.19311,4688.6
1601182800000,0.1938,0.1938,0.18822,0.18904,4955.7
1601186400000,0.18912,0.19021,0.18693,0.18765,6199.3
1601190000000,0.18773,0.18943,0.186,0.18645,2500.2
1601193600000,0.18651,0.18713,0.18256,0.18467,5964.1
1601197200000,0.1842,0.18624,0.18351,0.18472,3527.4
1601200800000,0.18513,0.18624,0.18441,0.18583,5743.5
1601204400000,0.18555,0.18681,0.18175,0.18175,2627.4
1601208000000,0.18172,0.18552,0.18099,0.18471,7962.6
1601211600000,0.18406,0.1855,0.18319,0.18385,2858.9
1601215200000,0.18402,0.18455,0.18148,0.1825,3785.4
1601218800000,0.1825,0.18536,0.18238,0.18342,4306.1
1601222400000,0.18302,0.18333,0.17958,0.18043,5671.6
1601226000000,0.18029,0.18399,0.18029,0.18339,4354.1
1601229600000,0.18324,0.18433,0.18202,0.18268,4111.6
1601233200000,0.18301,0.18568,0.1829,0.1837,2655.7
1601236800000,0.18368,0.18532,0.18316,0.18457,1362.3
1601240400000,0.18468,0.18647,0.18336,0.18376,4263.8
1601244000000,0.18381,0.18555,0.18353,0.18457,2638.3
1601247600000,0.18457,0.18594,0.18401,0.18515,3660.0
1601251200000,0.18485,0.18826,0.18469,0.18493,5372.6
1601254800000,0.18535,0.18668,0.182,0.1823,4900.7
1601258400000,0.1827,0.1828,0.1798,0.18152,4980.2
1601262000000,0.18135,0.18143,0.17901,0.18051,2368.8
1601265600000,0.1804,0.18041,0.17831,0.17844,2005.5
1601269200000,0.17855,0.17986,0.17786,0.17794,4030.6
1601272800000,0.17822,0.18016,0.17182,0.17422,7658.6
1601276400000,0.1743,0.17563,0.17045,0.17373,13541.3
1601280000000,0.17381,0.17588,0.17175,0.17355,20831.8
1601283600000,0.17338,0.1738,0.17053,0.17111,6629.3
1601287200000,0.17084,0.17384,0.1702,0.17084,6323.9
1601290800000,0.17095,0.17269,0.1703,0.17148,4550.0
1601294400000,0.17109,0.17332,0.17002,0.17152,3639.6
1601298000000,0.17158,0.17212,0.1703,0.17048,5308.6
1601301600000,0.17052,0.17052,0.16769,0.1688,5066.1
1601305200000,0.16911,0.16991,0.1616,0.16257,6768.1
1601308800000,0.16257,0.16349,0.15866,0.16285,12096.4
1601312400000,0.16293,0.165,0.16201,0.16376,6790.7
1601316000000,0.16384,0.16465,0.16164,0.16219,4898.1
1601319600000,0.16227,0.16258,0.15908,0.16014,12355.9
1601323200000,0.16019,0.16165,0.15979,0.16085,2984.8
1601326800000,0.16085,0.16165,0.15933,0.16101,3952.2
1601330400000,0.16105,0.16177,0.16003,0.16101,3646.2
1601334000000,0.1608,0.16182,0.15629,0.15719,8597.3
1601337600000,0.15765,0.15977,0.15717,0.159,3730.0
1601341200000,0.15862,0.16008,0.15805,0.15834,3225.1
1601344800000,0.15805,0.15872,0.1571,0.15774,4908.2
1601348400000,0.15766,0.15825,0.1551,0.1558,3265.2
1601352000000,0.1558,0.15798,0.1558,0.15664,2738.8
1601355600000,0.15647,0.15656,0.15158,0.15316,16176.2
1601359200000,0.15316,0.15665,0.15009,0.15219,11869.2
1601362800000,0.15265,0.1536,0.1517,0.15213,5409.3
1601366400000,0.15252,0.15765,0.15176,0.15754,19651.2
1601370000000,0.15715,0.1585,0.15082,0.15219,16365.8
1601373600000,0.15246,0.15323,0.15,0.1504,14063.7
1601377200000,0.15072,0.15195,0.14921,0.14978,9636.3
1601380800000,0.1498,0.1498,0.14741,0.14838,8946.9
1601384400000,0.14835,0.15109,0.14792,0.15029,9908.4
1601388000000,0.15037,0.15173,0.14992,0.15006,6054.2
1601391600000,0.15053,0.15133,0.14876,0.14974,3621.0
1601395200000,0.14933,0.15198,0.14889,0.15198,5032.4
1601398800000,0.15151,0.15151,0.14959,0.14959,10340.5
1601402400000,0.14958,0.1501,0.14817,0.14817,5103.4
1601406000000,0.14808,0.14874,0.14671,0.14737,4083.7
1601409600000,0.14694,0.148,0.1467,0.14726,3077.0
1601413200000,0.1479,0.14972,0.14764,0.14921,3647.7
1601416800000,0.14936,0.15056,0.14741,0.14762,3852.2
1601420400000,0.1474,0.15214,0.14739,0.15192,5540.2
1601424000000,0.15164,0.15228,0.15059,0.15109,2384.4
1601427600000,0.15117,0.15134,0.14911,0.15132,4895.7
1601431200000,0.15134,0.15158,0.14841,0.14863,1131.6
1601434800000,0.14866,0.14937,0.148,0.14897,9107.8
1601438400000,0.14882,0.14882,0.147,0.14822,2450.8
1601442000000,0.14835,0.14866,0.14404,0.14463,7938.4
1601445600000,0.14475,0.1459,0.14338,0.14509,9472.3
1601449200000,0.14478,0.1451,0.14238,0.14277,3987.0
1601452800000,0.14282,0.14556,0.14282,0.14445,3823.1
1601456400000,0.14449,0.14515,0.14262,0.14377,4798.2
1601460000000,0.14351,0.14522,0.14285,0.14384,3177.1
1601463600000,0.14384,0.14391,0.14145,0.14222,6527.7
1601467200000,0.14211,0.14357,0.14113,0.14357,4036.3
1601470800000,0.14366,0.14386,0.14264,0.14291,5995.7
1601474400000,0.1429,0.14542,0.1429,0.14296,4302.0
1601478000000,0.14278,0.14281,0.13933,0.13933,10718.2
1601481600000,0.13933,0.14091,0.13923,0.14053,3140.8
1601485200000,0.14053,0.14299,0.14053,0.14299,1915.5
1601488800000,0.143,0.14313,0.1409,0.14155,3842.7
1601492400000,0.14104,0.14183,0.14011,0.14171,4096.3
1601496000000,0.14171,0.14226,0.14088,0.14199,3842.8
1601499600000,0.14162,0.14207,0.14083,0.14086,1755.7
1601503200000,0.14061,0.14192,0.14055,0.14192,2871.5
1601506800000,0.14232,0.14268,0.14114,0.14172,1613.6
1601510400000,0.14214,0.14229,0.14044,0.1418,4257.3
1601514000000,0.14158,0.14382,0.14143,0.14374,3791.0
1601517600000,0.14357,0.14393,0.14228,0.14326,3146.5
1601521200000,0.1433,0.14776,0.1422,0.14736,20953.8
1601524800000,0.14723,0.14757,0.14615,0.14658,2036.4
1601528400000,0.14658,0.14823,0.14615,0.14717,1466.6
1601532000000,0.14771,0.15651,0.14771,0.15283,13179.3
1601535600000,0.15283,0.15339,0.151,0.15119,2275.1
1601539200000,0.15178,0.15258,0.14912,0.14977,7343.2
1601542800000,0.15027,0.15243,0.15027,0.15211,4165.4
1601546400000,0.15243,0.154,0.15188,0.15295,3957.5
1601550000000,0.15391,0.15602,0.15249,0.15391,4463.6
1601553600000,0.15426,0.15437,0.15218,0.1526,1795.6
1601557200000,0.15306,0.15384,0.15158,0.15315,3032.2
1601560800000,0.15314,0.15337,0.15122,0.15255,5649.9
1601564400000,0.15337,0.15567,0.15285,0.15361,3583.5
1601568000000,0.15301,0.15378,0.14603,0.15259,17194.1
1601571600000,0.15197,0.1539,0.149,0.15043,10588.4
1601575200000,0.15064,0.15155,0.14842,0.15145,4210.7
1601578800000,0.15175,0.15402,0.1512,0.15274,2142.3
1601582400000,0.152,0.15482,0.152,0.15482,2882.7
1601586000000,0.15413,0.1547,0.15124,0.15185,5015.8
1601589600000,0.15185,0.15309,0.1508,0.15309,2089.3
1601593200000,0.1534,0.15607,0.1534,0.1545,7295.9
1601596800000,0.1545,0.15558,0.15285,0.15285,2797.9
1601600400000,0.15243,0.15276,0.15096,0.15096,2413.8
1601604000000,0.15078,0.1516,0.15066,0.15066,667.7
1601607600000,0.15049,0.1505,0.14615,0.14966,5895.6
1601611200000,0.14966,0.15175,0.14965,0.15076,1922.0
1601614800000,0.15061,0.15088,0.14695,0.14965,4222.2
1601618400000,0.1494,0.1494,0.14703,0.14735,3001.8
1601622000000,0.14735,0.15099,0.14705,0.14773,6128.7
1601625600000,0.14821,0.14923,0.14573,0.14669,5268.2
1601629200000,0.14652,0.14883,0.14652,0.14671,3268.5
1601632800000,0.14653,0.14653,0.13918,0.14171,10065.0
1601636400000,0.14245,0.1433,0.14082,0.14106,3024.6
1601640000000,0.14171,0.14411,0.14132,0.1441,2422.8
1601643600000,0.1441,0.14568,0.14093,0.14366,3792.0
1601647200000,0.14379,0.14644,0.14307,0.14644,5759.7
1601650800000,0.14646,0.14696,0.1428,0.14315,4610.1
1601654400000,0.14259,0.14531,0.14222,0.14307,1540.3
1601658000000,0.14296,0.14413,0.14164,0.14284,6881.5
1601661600000,0.14306,0.14394,0.14228,0.14365,617.1
1601665200000,0.14286,0.14331,0.1419,0.1419,2083.0
1601668800000,0.142,0.14409,0.142,0.14258,827.7
1601672400000,0.14325,0.14347,0.14069,0.14157,1796.7
1601676000000,0.14094,0.14334,0.14062,0.14334,997.0
1601679600000,0.14298,0.14377,0.14257,0.14257,505.9
1601683200000,0.14269,0.1427,0.14138,0.14148,1221.4
1601686800000,0.14146,0.14204,0.14011,0.1407,1050.5
1601690400000,0.14043,0.14119,0.1401,0.14075,2598.6
1601694000000,0.14122,0.14482,0.14122,0.1442,1408.7
1601697600000,0.14446,0.14448,0.14016,0.14106,3499.4
1601701200000,0.14073,0.141,0.13987,0.14072,1886.5
1601704800000,0.14077,0.14166,0.14,0.14032,1063.7
1601708400000,0.14146,0.14157,0.14123,0.14151,1058.8
1601712000000,0.14089,0.14146,0.13973,0.14146,3119.3
1601715600000,0.14151,0.14288,0.1415,0.14258,1576.7
1601719200000,0.14204,0.14234,0.14146,0.14213,589.9
1601722800000,0.14187,0.14262,0.14185,0.14229,36517.0
1601726400000,0.14216,0.14224,0.1402,0.14104,1353.6
1601730000000,0.14031,0.14128,0.14027,0.14075,1255.4
1601733600000,0.14067,0.141,0.13897,0.13915,2678.1
1601737200000,0.1391,0.1391,0.13705,0.13809,7321.1
1601740800000,0.13904,0.13976,0.13784,0.13882,3628.1
1601744400000,0.13892,0.13993,0.13829,0.13943,4593.6
1601748000000,0.13947,0.14646,0.1393,0.14481,4180.1
1601751600000,0.14433,0.14476,0.1431,0.14373,2472.4
1601755200000,0.1444,0.14441,0.14239,0.14323,2258.2
1601758800000,0.14346,0.14369,0.14222,0.14333,3132.1
1601762400000,0.14369,0.14375,0.14136,0.14226,1253.2
1601766000000,0.14236,0.1426,0.13758,0.13852,3110.8
1601769600000,0.13855,0.13865,0.137,0.13735,1382.7
1601773200000,0.13715,0.13782,0.13672,0.13756,787.4
1601776800000,0.13787,0.1383,0.13452,0.13535,2859.5
1601780400000,0.13523,0.13529,0.13149,0.13262,5765.9
1601784000000,0.13283,0.13401,0.13139,0.1339,5715.5
1601787600000,0.13357,0.13375,0.13238,0.13306,1161.9
1601791200000,0.13317,0.13581,0.1328,0.13581,2445.5
1601794800000,0.13534,0.13534,0.13439,0.13439,1216.4
1601798400000,0.13464,0.13641,0.13413,0.13487,3556.9
1601802000000,0.13489,0.13489,0.13187,0.13361,3392.6
1601805600000,0.13358,0.13364,0.13238,0.13309,1892.3
1601809200000,0.13309,0.13412,0.13151,0.13151,1826.9
1601812800000,0.1314,0.13225,0.12803,0.13186,13727.2
1601816400000,0.13178,0.13178,0.12921,0.12934,19458.6
1601820000000,0.12931,0.13057,0.12794,0.12871,5329.5
1601823600000,0.12889,0.12943,0.12541,0.12666,11414.5
1601827200000,0.12609,0.12813,0.12532,0.12765,4066.7
1601830800000,0.12766,0.12803,0.12617,0.12676,4048.0
1601834400000,0.1278,0.1307,0.12723,0.12952,7022.8
1601838000000,0.12952,0.12988,0.12825,0.12852,3357.1
1601841600000,0.12885,0.12933,0.12743,0.12746,3556.7
1601845200000,0.12733,0.12818,0.12705,0.12787,1627.2
1601848800000,0.12841,0.13052,0.12769,0.1296,4959.6
1601852400000,0.13005,0.13006,0.12789,0.1285,1829.9
1601856000000,0.12881,0.13072,0.12855,0.12929,2289.5
1601859600000,0.12927,0.13004,0.1285,0.12862,4422.1
1601863200000,0.1287,0.12938,0.12817,0.12868,1507.6
1601866800000,0.12868,0.12897,0.12722,0.12795,1641.1
1601870400000,0.12707,0.1276,0.12672,0.127,4931.4
1601874000000,0.1272,0.12841,0.12685,0.12789,1554.7
1601877600000,0.12756,0.12758,0.12186,0.12351,8114.2
1601881200000,0.12333,0.12333,0.12118,0.12297,10613.5
1601884800000,0.12306,0.12345,0.12102,0.12154,5416.0
1601888400000,0.12154,0.1234,0.12147,0.12336,4618.5
1601892000000,0.1231,0.1245,0.12309,0.1238,2976.9
1601895600000,0.12361,0.12445,0.12348,0.12372,849.0
1601899200000,0.1245,0.12506,0.12368,0.1248,6895.9
1601902800000,0.12485,0.1256,0.1239,0.1246,6160.0
1601906400000,0.12469,0.12542,0.12431,0.12474,4328.1
1601910000000,0.12427,0.12427,0.12153,0.12258,4433.6
1601913600000,0.12207,0.12231,0.11713,0.11875,15435.8
1601917200000,0.1185,0.119,0.112,0.11483,17462.6
1601920800000,0.11588,0.11725,0.11443,0.11683,17574.7
1601924400000,0.11708,0.11847,0.11695,0.11709,4162.4
1601928000000,0.11738,0.11738,0.11428,0.11539,8651.1
1601931600000,0.11532,0.11623,0.11391,0.11475,4486.9
1601935200000,0.1148,0.11569,0.11443,0.11487,5159.5
1601938800000,0.1153,0.117,0.11424,0.11609,62123.3
1601942400000,0.11614,0.11623,0.11485,0.11556,3491.3
1601946000000,0.11528,0.11565,0.11273,0.11441,4650.6
1601949600000,0.11411,0.11446,0.11284,0.113,3161.4
1601953200000,0.11276,0.11308,0.10958,0.11134,12014.3
1601956800000,0.11135,0.11428,0.11134,0.11361,6937.1
1601960400000,0.11285,0.11309,0.10981,0.10984,7627.6
1601964000000,0.10981,0.11059,0.1081,0.10979,9316.0
1601967600000,0.11008,0.11024,0.10527,0.10527,8149.7
1601971200000,0.10518,0.10682,0.10479,0.10523,5662.1
1601974800000,0.10523,0.10624,0.10364,0.10598,42569.5
1601978400000,0.10571,0.10679,0.10203,0.10282,8933.7
1601982000000,0.10303,0.1047,0.10151,0.10344,13126.5
1601985600000,0.10219,0.1051,0.10165,0.104,9326.9
1601989200000,0.104,0.1084,0.104,0.10667,42774.9
1601992800000,0.10754,0.10809,0.10671,0.10736,11835.6
1601996400000,0.107,0.11198,0.10603,0.10966,11798.1
1602000000000,0.10937,0.10961,0.10633,0.107,6282.8
1602003600000,0.10735,0.10877,0.10719,0.10802,4268.0
1602007200000,0.1077,0.1077,0.10281,0.1045,9965.2
1602010800000,0.1034,0.1048,0.10259,0.10383,11294.2
1602014400000,0.10401,0.10545,0.10295,0.10349,4348.5
1602018000000,0.10355,0.10535,0.1034,0.10364,4852.1
1602021600000,0.10378,0.10545,0.10338,0.10373,1399.6
1602025200000,0.10351,0.10351,0.09531,0.09799,17178.0
1602028800000,0.09814,0.09814,0.09462,0.09596,17902.6
1602032400000,0.09621,0.09668,0.09124,0.09322,13207.3
1602036000000,0.093,0.09633,0.093,0.09633,6305.7
1602039600000,0.09633,0.09633,0.09371,0.09511,9040.9
1602043200000,0.09498,0.10073,0.09449,0.09876,12198.1
1602046800000,0.09924,0.10261,0.09828,0.10096,7749.5
1602050400000,0.10085,0.10137,0.09962,0.10111,2752.4
1602054000000,0.10112,0.10112,0.09529,0.09739,13369.0
1602057600000,0.09731,0.09773,0.09586,0.09752,4219.2
1602061200000,0.09783,0.10091,0.097,0.0999,5551.7
1602064800000,0.09988,0.10169,0.09854,0.10088,2356.7
1602068400000,0.10036,0.101,0.09931,0.0999,1527.9
1602072000000,0.10037,0.1021,0.09867,0.09885,2426.3
1602075600000,0.09951,0.10075,0.09828,0.10007,17066.3
1602079200000,0.09988,0.09988,0.0964,0.09734,8851.2
1602082800000,0.09735,0.09863,0.09638,0.0982,4268.8
1602086400000,0.09762,0.09804,0.09368,0.09442,7553.8
1602090000000,0.09456,0.09848,0.09336,0.0982,12016.0
1602093600000,0.09844,0.10405,0.09788,0.104,9183.3
1602097200000,0.10415,0.10721,0.10183,0.10219,36001.4
1602100800000,0.10249,0.10523,0.10217,0.10463,5748.5
1602104400000,0.10484,0.10551,0.10337,0.10365,4799.3
1602108000000,0.10382,0.10407,0.10247,0.10379,4947.0
1602111600000,0.10386,0.10853,0.10386,0.10714,25562.3
1602115200000,0.10655,0.1072,0.10512,0.10655,4978.1
1602118800000,0.10599,0.10711,0.1043,0.10615,4758.1
1602122400000,0.10578,0.10593,0.10389,0.10537,1338.2
1602126000000,0.10589,0.10655,0.10423,0.10464,3414.2
1602129600000,0.10429,0.10506,0.10387,0.10461,1801.2
1602133200000,0.10389,0.10448,0.10074,0.10098,17491.5
1602136800000,0.10168,0.1025,0.09974,0.10028,2728.2
1602140400000,0.0999,0.10256,0.09931,0.10193,8858.3
1602144000000,0.10214,0.10349,0.1005,0.10118,5932.4
1602147600000,0.10098,0.10353,0.1005,0.10353,3564.6
1602151200000,0.10304,0.10613,0.10304,0.10427,7912.8
1602154800000,0.10368,0.10492,0.10357,0.10491,2256.3
1602158400000,0.10506,0.10878,0.10404,0.10808,13762.5
1602162000000,0.1081,0.113,0.10796,0.11099,10649.1
1602165600000,0.11101,0.11785,0.11002,0.1165,12036.9
1602169200000,0.1168,0.12178,0.11486,0.11955,18828.9
1602172800000,0.1197,0.12292,0.11758,0.1187,14818.2
1602176400000,0.11882,0.11884,0.11499,0.116,8327.3
1602180000000,0.11602,0.11903,0.11592,0.11802,8383.7
1602183600000,0.11787,0.11921,0.11741,0.11847,3897.0
1602187200000,0.11882,0.12364,0.1173,0.12222,14507.7
1602190800000,0.12245,0.12474,0.12042,0.12313,12385.0
1602194400000,0.12358,0.12595,0.12215,0.12297,12701.2
1602198000000,0.12261,0.12261,0.11865,0.12062,9049.6
1602201600000,0.12047,0.12157,0.11668,0.11703,8806.0
1602205200000,0.11684,0.11921,0.11651,0.11788,3818.4
1602208800000,0.11741,0.11903,0.11705,0.11808,3192.6
1602212400000,0.11807,0.11875,0.11687,0.11689,5865.2
1602216000000,0.11689,0.11715,0.115,0.1157,5499.7
1602219600000,0.1159,0.11727,0.11483,0.11498,4418.9
1602223200000,0.11482,0.11624,0.11444,0.1153,4239.9
1602226800000,0.11579,0.1196,0.11579,0.11848,7096.8
1602230400000,0.11848,0.12273,0.11756,0.12208,13424.0
1602234000000,0.12208,0.12271,0.11938,0.1206,8824.9
1602237600000,0.1206,0.1238,0.11928,0.12284,13157.1
1602241200000,0.12349,0.12716,0.12254,0.12306,10202.2
1602244800000,0.1231,0.12416,0.12128,0.12143,7399.0
1602248400000,0.12143,0.12272,0.11975,0.12106,14862.3
1602252000000,0.12102,0.12319,0.121,0.12193,4325.4
1602255600000,0.12214,0.12308,0.1207,0.12215,4661.0
1602259200000,0.12247,0.12247,0.11659,0.11747,12622.6
1602262800000,0.11714,0.11826,0.11642,0.11802,4291.7
1602266400000,0.11802,0.11802,0.11442,0.1155,4720.5
1602270000000,0.11569,0.11836,0.11478,0.11724,3586.6
1602273600000,0.11777,0.11984,0.11748,0.11911,4323.0
1602277200000,0.11911,0.12135,0.11849,0.12102,2004.3
1602280800000,0.12089,0.12089,0.11874,0.11942,8691.9
1602284400000,0.11942,0.12257,0.11924,0.11924,3869.2
1602288000000,0.11999,0.12071,0.1186,0.11949,2945.5
1602291600000,0.11861,0.11861,0.11668,0.11668,739.7
1602295200000,0.11654,0.12551,0.11611,0.12388,10290.6
1602298800000,0.12428,0.12551,0.12257,0.12277,6967.1
1602302400000,0.12289,0.12326,0.12156,0.12269,2896.2
1602306000000,0.12214,0.12289,0.11949,0.12026,2136.4
1602309600000,0.12002,0.12102,0.1192,0.11992,6382.9
1602313200000,0.11984,0.12294,0.11984,0.1225,3142.7
1602316800000,0.12214,0.12225,0.1199,0.12159,1076.4
1602320400000,0.1218,0.12239,0.118,0.11907,3477.3
1602324000000,0.11897,0.11999,0.11762,0.11988,5726.8
1602327600000,0.12002,0.12079,0.1185,0.11875,1490.0
1602331200000,0.11846,0.11916,0.11646,0.1183,1409.0
1602334800000,0.11798,0.1205,0.11785,0.1188,2611.5
1602338400000,0.11878,0.11888,0.118,0.11855,3634.6
1602342000000,0.11855,0.11938,0.11741,0.11808,2248.8
1602345600000,0.11816,0.11818,0.11546,0.11616,4518.7
1602349200000,0.11588,0.11785,0.11576,0.1177,6396.1
1602352800000,0.1177,0.11902,0.11729,0.11829,909.1
1602356400000,0.11809,0.11845,0.11768,0.11768,1262.4
1602360000000,0.11761,0.11837,0.11726,0.11732,2547.2
1602363600000,0.11731,0.1189,0.11638,0.11777,2327.4
1602367200000,0.11774,0.11906,0.11768,0.11905,1629.5
1602370800000,0.1187,0.1187,0.11616,0.11616,2115.9
1602374400000,0.116,0.11698,0.11354,0.11512,3789.5
1602378000000,0.11569,0.1168,0.11464,0.11673,620.5
1602381600000,0.1163,0.11674,0.1151,0.11594,650.9
1602385200000,0.11606,0.11607,0.11443,0.11478,4442.9
1602388800000,0.11512,0.11541,0.11389,0.11443,391.9
1602392400000,0.1145,0.11567,0.11376,0.1154,1238.7
1602396000000,0.11568,0.11654,0.11528,0.11648,262.0
1602399600000,0.11627,0.11897,0.1159,0.11786,3222.4
1602403200000,0.11785,0.12065,0.11704,0.11993,1745.1
1602406800000,0.1196,0.12013,0.11826,0.11932,1249.0
1602410400000,0.11999,0.12124,0.11849,0.12123,6914.8
1602414000000,0.12117,0.12117,0.1183,0.11871,4145.5
1602417600000,0.11827,0.11827,0.117,0.117,579.1
1602421200000,0.11682,0.11744,0.1161,0.11616,2708.1
1602424800000,0.11681,0.1183,0.11623,0.11623,1253.6
1602428400000,0.11623,0.11701,0.11606,0.11664,1831.0
1602432000000,0.11645,0.11928,0.11484,0.11784,13599.6
1602435600000,0.11784,0.12024,0.11784,0.11843,2703.9
1602439200000,0.11827,0.11979,0.11791,0.11806,1518.8
1602442800000,0.11806,0.11845,0.117,0.11789,2552.8
1602446400000,0.11844,0.1185,0.1165,0.1165,1050.0
1602450000000,0.1165,0.11714,0.11597,0.11714,426.8
1602453600000,0.11738,0.11787,0.11642,0.11784,2371.0
1602457200000,0.11779,0.11849,0.11663,0.11832,1403.8
1602460800000,0.11788,0.11807,0.11701,0.11725,403.5
1602464400000,0.11684,0.11759,0.11623,0.11721,450.5
1602468000000,0.11693,0.11741,0.11625,0.11741,1726.5
1602471600000,0.11713,0.11832,0.11668,0.11785,973.2
1602475200000,0.11715,0.11758,0.11657,0.11758,628.1
1602478800000,0.11758,0.11988,0.11758,0.1186,3287.6
1602482400000,0.11785,0.11827,0.1159,0.1159,2474.4
1602486000000,0.11639,0.11651,0.1148,0.11549,848.8
1602489600000,0.11523,0.11523,0.11268,0.11428,14603.0
1602493200000,0.11429,0.11435,0.11131,0.1125,7101.1
1602496800000,0.11257,0.11288,0.11064,0.11138,3106.1
1602500400000,0.11122,0.11122,0.1097,0.11008,1370.7
1602504000000,0.11019,0.11071,0.10972,0.11048,1744.6
1602507600000,0.11,0.11261,0.10916,0.11174,886.7
1602511200000,0.11214,0.11321,0.11174,0.1124,1243.5
1602514800000,0.11229,0.11236,0.11096,0.11133,1896.4
1602518400000,0.11195,0.114,0.11145,0.11364,1020.0
1602522000000,0.11427,0.1151,0.11271,0.11276,6449.5
1602525600000,0.11284,0.1138,0.11208,0.11258,3130.4
1602529200000,0.11272,0.11331,0.11241,0.11263,1221.6
1602532800000,0.11324,0.11583,0.11324,0.11498,4585.1
1602536400000,0.1154,0.11625,0.11462,0.11462,1036.8
1602540000000,0.11566,0.11567,0.11376,0.11413,9829.2
1602543600000,0.11399,0.114,0.11149,0.11244,1043.2
1602547200000,0.11299,0.11352,0.11054,0.11142,3460.7
1602550800000,0.11071,0.1117,0.11042,0.1116,87.1
1602554400000,0.11149,0.1117,0.10937,0.10965,2706.4
1602558000000,0.11011,0.11012,0.1083,0.1089,3851.9
1602561600000,0.10923,0.11034,0.10923,0.11034,1897.8
1602565200000,0.11035,0.11114,0.1094,0.10969,1947.1
1602568800000,0.10969,0.11051,0.10967,0.10982,5840.1
1602572400000,0.10969,0.111,0.10969,0.11036,2555.1
1602576000000,0.11025,0.11225,0.11025,0.11225,4128.6
1602579600000,0.11225,0.11262,0.11099,0.11161,2684.4
1602583200000,0.11177,0.11193,0.11105,0.11105,1054.8
1602586800000,0.11163,0.11195,0.11112,0.11112,426.1
1602590400000,0.11155,0.11195,0.11099,0.1111,283.8
1602594000000,0.1111,0.11148,0.11,0.11051,2422.2
1602597600000,0.11067,0.111,0.10958,0.10978,1155.4
1602601200000,0.10959,0.11099,0.10952,0.11014,1522.7
1602604800000,0.11018,0.11018,0.10782,0.10849,1629.3
1602608400000,0.10849,0.10873,0.1081,0.10837,297.0
1602612000000,0.10873,0.10961,0.10766,0.10797,1316.4
1602615600000,0.10751,0.10862,0.10751,0.10773,590.5
1602619200000,0.108,0.10845,0.10788,0.10845,575.0
1602622800000,0.10876,0.1089,0.10846,0.10868,1051.2
1602626400000,0.1087,0.11002,0.10782,0.10963,2336.3
1602630000000,0.10964,0.10965,0.10905,0.10923,174.4
1602633600000,0.10904,0.11055,0.10903,0.10969,394.5
1602637200000,0.10974,0.10983,0.1094,0.1098,5235.7
1602640800000,0.10986,0.11133,0.10917,0.10933,1394.6
1602644400000,0.10978,0.11017,0.10933,0.10949,299.8
1602648000000,0.10973,0.10991,0.1097,0.10986,252.7
1602651600000,0.10964,0.10978,0.1093,0.1095,1470.2
1602655200000,0.10905,0.1098,0.10905,0.10933,8269.1
1602658800000,0.10986,0.11004,0.10878,0.10878,807.7
1602662400000,0.10878,0.1089,0.1083,0.1089,576.9
1602666000000,0.10932,0.10932,0.10822,0.10897,1014.8
1602669600000,0.10862,0.10862,0.10648,0.10648,1802.9
1602673200000,0.10668,0.10759,0.10662,0.10728,2268.2
1602676800000,0.10693,0.10721,0.105,0.10721,4638.6
1602680400000,0.1075,0.10799,0.10613,0.10799,339.2
1602684000000,0.10767,0.10825,0.10577,0.10612,2337.7
1602687600000,0.1058,0.10642,0.10442,0.10472,5482.1
1602691200000,0.10421,0.10446,0.09922,0.09948,9082.5
1602694800000,0.0999,0.09991,0.09871,0.09911,2276.0
1602698400000,0.09917,0.10033,0.09729,0.09971,7444.5
1602702000000,0.09999,0.10056,0.0991,0.09936,1477.5
1602705600000,0.09933,0.10071,0.09933,0.10046,2622.6
1602709200000,0.10036,0.10081,0.10001,0.10003,1565.4
1602712800000,0.1004,0.1004,0.1,0.10026,1069.3
1602716400000,0.10056,0.10129,0.09951,0.10099,4411.9
1602720000000,0.10103,0.10103,0.0997,0.0999,548.3
1602723600000,0.09962,0.09962,0.09873,0.099,2397.8
1602727200000,0.09919,0.09942,0.0984,0.09841,4672.9
1602730800000,0.09854,0.09964,0.09803,0.09942,6035.8
1602734400000,0.09934,0.10002,0.09847,0.09955,2071.7
1602738000000,0.09946,0.10068,0.09946,0.10068,768.8
1602741600000,0.10007,0.10007,0.09964,0.09993,5311.0
1602745200000,0.10008,0.10008,0.09959,0.09975,8060.7
1602748800000,0.09975,0.09975,0.098,0.098,8952.8
1602752400000,0.098,0.09861,0.09576,0.09657,9154.5
1602756000000,0.09675,0.09738,0.09621,0.0972,3187.7
1602759600000,0.09695,0.09791,0.09592,0.0961,3644.6
1602763200000,0.09592,0.09791,0.09543,0.09791,936.3
1602766800000,0.09792,0.09992,0.09792,0.09925,2835.9
1602770400000,0.09861,0.09922,0.09804,0.09833,809.7
1602774000000,0.09833,0.09842,0.09662,0.09762,2205.0
1602777600000,0.09693,0.09889,0.09639,0.0966,1926.3
1602781200000,0.09692,0.09775,0.09633,0.09723,1048.2
1602784800000,0.09732,0.09791,0.0967,0.097,691.1
1602788400000,0.0966,0.09743,0.09636,0.09743,831.2
1602792000000,0.09784,0.10132,0.09784,0.10022,19395.3
1602795600000,0.09994,0.10016,0.09915,0.09957,2193.1
1602799200000,0.09971,0.09971,0.09806,0.09816,3035.7
1602802800000,0.09818,0.09898,0.09818,0.09831,3571.8
1602806400000,0.09806,0.09806,0.097,0.0975,2260.3
1602810000000,0.09727,0.09804,0.09672,0.09738,1228.3
1602813600000,0.0975,0.09847,0.0972,0.09805,2645.3
1602817200000,0.0979,0.09812,0.09731,0.09731,756.9
1602820800000,0.09726,0.1011,0.09586,0.1011,183184.8
1602824400000,0.10074,0.11141,0.10047,0.10724,23521.9
1602828000000,0.10735,0.10735,0.10405,0.1048,4787.1
1602831600000,0.10496,0.10736,0.10484,0.10539,12031.0
1602835200000,0.10545,0.10732,0.10545,0.10663,4246.5
1602838800000,0.10634,0.10736,0.10523,0.10638,7213.6
1602842400000,0.10671,0.10766,0.1061,0.10679,6283.1
1602846000000,0.10664,0.10712,0.10603,0.10613,5121.9
1602849600000,0.10643,0.10643,0.10523,0.10555,3076.2
1602853200000,0.10557,0.10575,0.10466,0.10575,10863.8
1602856800000,0.10566,0.10632,0.10485,0.10518,5859.3
1602860400000,0.10529,0.10579,0.10512,0.1053,2241.0
1602864000000,0.10559,0.107,0.10559,0.10587,1055.7
1602867600000,0.10592,0.10608,0.10058,0.10154,17446.4
1602871200000,0.10163,0.10247,0.1015,0.10152,2463.8
1602874800000,0.10159,0.10208,0.10052,0.10165,15042.9
1602878400000,0.1017,0.1021,0.10089,0.10165,3250.5
1602882000000,0.1015,0.10259,0.10105,0.10196,1106.8
1602885600000,0.1019,0.10314,0.1019,0.10231,7225.5
1602889200000,0.10226,0.10277,0.10105,0.10135,1219.3
1602892800000,0.1017,0.10191,0.09993,0.10153,5296.2
1602896400000,0.10105,0.10314,0.10072,0.10262,11829.3
1602900000000,0.10261,0.10305,0.1015,0.10154,12848.6
1602903600000,0.10154,0.10194,0.10119,0.10164,1144.2
1602907200000,0.102,0.10277,0.10135,0.10192,3266.5
1602910800000,0.10214,0.10231,0.10137,0.10174,822.5
1602914400000,0.10173,0.10215,0.10173,0.10215,499.2
1602918000000,0.10196,0.10196,0.10114,0.10114,2121.9
1602921600000,0.10154,0.10155,0.1001,0.10094,8387.5
1602925200000,0.10085,0.10112,0.09938,0.09978,5325.4
1602928800000,0.09938,0.10034,0.09896,0.10031,5301.7
1602932400000,0.10005,0.10005,0.09938,0.09938,1675.5
1602936000000,0.09962,0.10017,0.09907,0.09962,1707.2
1602939600000,0.09952,0.0999,0.09952,0.09973,2223.5
1602943200000,0.09974,0.10094,0.09968,0.10094,2861.0
1602946800000,0.10094,0.10132,0.09978,0.09978,3247.7
1602950400000,0.09974,0.10014,0.09908,0.09968,2238.8
1602954000000,0.09955,0.0999,0.09948,0.09988,1511.3
1602957600000,0.09972,0.09972,0.09923,0.09943,649.9
1602961200000,0.0995,0.09998,0.0995,0.09994,698.3
1602964800000,0.09994,0.10114,0.09994,0.10057,4227.5
1602968400000,0.10057,0.10132,0.10057,0.10095,1320.7
1602972000000,0.10093,0.10148,0.10059,0.10123,7902.5
1602975600000,0.10106,0.10166,0.10102,0.10116,1218.3
1602979200000,0.10116,0.10151,0.10092,0.10104,2038.4
1602982800000,0.1009,0.1009,0.09908,0.09923,7658.2
1602986400000,0.09909,0.10054,0.099,0.10051,903.0
1602990000000,0.1002,0.10084,0.09976,0.10055,1824.7
1602993600000,0.10071,0.10076,0.10003,0.10004,2066.7
1602997200000,0.10008,0.10063,0.09998,0.10054,605.1
1603000800000,0.1005,0.10109,0.09983,0.10109,3478.1
1603004400000,0.10109,0.10462,0.10074,0.10351,11373.1
1603008000000,0.10371,0.10371,0.10151,0.102,6013.6
1603011600000,0.102,0.10324,0.10043,0.10059,18415.1
1603015200000,0.10086,0.10174,0.10086,0.10142,1674.7
1603018800000,0.10142,0.10204,0.1013,0.10201,6047.3
1603022400000,0.10191,0.102,0.10126,0.10198,2079.6
1603026000000,0.102,0.10323,0.10165,0.10285,5963.5
1603029600000,0.10293,0.10402,0.10247,0.1034,5750.7
1603033200000,0.10314,0.1034,0.10187,0.10262,5566.1
1603036800000,0.10262,0.10608,0.10262,0.10608,22231.6
1603040400000,0.10591,0.10639,0.10542,0.10608,2910.1
1603044000000,0.10608,0.10609,0.10484,0.10518,2984.2
1603047600000,0.10519,0.10571,0.10506,0.10508,1186.0
1603051200000,0.10524,0.10575,0.10506,0.10573,1507.5
1603054800000,0.10539,0.10619,0.10523,0.10613,2832.5
1603058400000,0.1059,0.10745,0.1054,0.10682,6824.0
1603062000000,0.10668,0.10716,0.10636,0.10693,1816.9
1603065600000,0.10693,0.10717,0.10626,0.10716,2610.7
1603069200000,0.10679,0.10679,0.10587,0.10607,2021.0
1603072800000,0.10636,0.10637,0.10539,0.10592,995.8
1603076400000,0.10608,0.10697,0.10571,0.10608,4605.8
1603080000000,0.10594,0.10624,0.10523,0.10575,3931.0
1603083600000,0.10583,0.10695,0.10575,0.1068,7948.9
1603087200000,0.10676,0.10736,0.1062,0.10684,4496.1
1603090800000,0.10682,0.10682,0.10634,0.10645,446.2
1603094400000,0.10639,0.10639,0.10542,0.10592,3614.5
1603098000000,0.10591,0.10756,0.10591,0.10708,2107.4
1603101600000,0.10681,0.10713,0.10627,0.10644,1487.4
1603105200000,0.10666,0.10701,0.10649,0.10649,1705.0
1603108800000,0.10637,0.10713,0.10596,0.10647,3926.2
1603112400000,0.10671,0.10695,0.10537,0.10643,5116.8
1603116000000,0.10651,0.10651,0.10505,0.10559,4773.2
1603119600000,0.10575,0.10608,0.1052,0.10551,1210.9
1603123200000,0.10558,0.10736,0.10551,0.10736,6769.5
1603126800000,0.10703,0.10743,0.10638,0.10674,2454.9
1603130400000,0.1065,0.10658,0.10578,0.10578,3978.7
1603134000000,0.10616,0.10634,0.10557,0.10591,2848.9
1603137600000,0.10555,0.10555,0.10455,0.10544,3679.5
1603141200000,0.1053,0.10541,0.1044,0.1048,4688.9
1603144800000,0.10472,0.10545,0.10426,0.10496,2922.0
1603148400000,0.10515,0.10623,0.10514,0.10619,4382.7
1603152000000,0.10623,0.10669,0.10598,0.10639,1287.4
1603155600000,0.10641,0.10641,0.10519,0.10525,3551.8
1603159200000,0.10514,0.10519,0.10433,0.10457,5105.4
1603162800000,0.10457,0.10533,0.10397,0.1048,3850.6
1603166400000,0.10478,0.1049,0.1028,0.10334,3507.9
1603170000000,0.10319,0.104,0.10319,0.10391,715.8
1603173600000,0.10385,0.10433,0.10366,0.10366,1119.5
1603177200000,0.1035,0.10519,0.10333,0.10391,6780.5
1603180800000,0.10433,0.10498,0.10377,0.10464,6334.6
1603184400000,0.10482,0.10493,0.10433,0.10434,3150.9
1603188000000,0.10433,0.10511,0.10119,0.10119,11258.8
1603191600000,0.10118,0.10171,0.09903,0.10102,23853.5
1603195200000,0.10074,0.10208,0.10072,0.10202,4769.0
1603198800000,0.10165,0.10296,0.10091,0.10196,8031.3
1603202400000,0.10231,0.10245,0.10043,0.10059,10839.8
1603206000000,0.10043,0.10292,0.09844,0.1017,13918.8
1603209600000,0.10175,0.1022,0.09953,0.10175,12805.3
1603213200000,0.1018,0.10264,0.10013,0.10048,5728.5
1603216800000,0.10063,0.10112,0.09951,0.0999,3800.8
1603220400000,0.10019,0.10024,0.09824,0.09868,7215.7
1603224000000,0.09882,0.10021,0.09882,0.09983,3563.5
1603227600000,0.09968,0.1,0.09886,0.09972,5827.9
1603231200000,0.1,0.10039,0.09935,0.09935,3874.4
1603234800000,0.09935,0.09964,0.09879,0.09922,3958.0
1603238400000,0.09942,0.10123,0.09916,0.10112,6895.4
1603242000000,0.10119,0.10119,0.09996,0.10016,1636.2
1603245600000,0.10016,0.1002,0.09846,0.09859,8003.0
1603249200000,0.09834,0.10563,0.09834,0.10284,18045.5
1603252800000,0.10297,0.10345,0.10169,0.10189,3908.8
1603256400000,0.10168,0.10242,0.1001,0.10149,5993.1
1603260000000,0.10119,0.10141,0.1008,0.10089,1597.7
1603263600000,0.10089,0.10124,0.09965,0.10111,6065.5
1603267200000,0.10099,0.10171,0.10043,0.10127,8055.8
1603270800000,0.10113,0.10192,0.10113,0.10144,2719.4
1603274400000,0.10148,0.10201,0.10067,0.1018,3025.3
1603278000000,0.10148,0.1017,0.10084,0.10144,12280.6
1603281600000,0.10119,0.10203,0.10013,0.10109,5717.3
1603285200000,0.10074,0.10308,0.10022,0.10149,7256.6
1603288800000,0.1014,0.10185,0.0999,0.10033,3369.8
1603292400000,0.10033,0.10122,0.09934,0.09955,7709.3
1603296000000,0.09972,0.10154,0.09893,0.09907,8940.1
1603299600000,0.09898,0.10063,0.0989,0.10025,6028.1
1603303200000,0.10025,0.1011,0.1,0.1007,4293.0
1603306800000,0.10063,0.10067,0.0998,0.09992,3039.6
1603310400000,0.10017,0.1008,0.0997,0.09977,2435.2
1603314000000,0.0997,0.09971,0.09737,0.09813,14681.7
1603317600000,0.09805,0.09839,0.09746,0.09803,2020.3
1603321200000,0.09808,0.09986,0.09808,0.09883,5232.1
1603324800000,0.09886,0.09942,0.09806,0.09821,1709.8
1603328400000,0.09821,0.09899,0.09711,0.0972,10573.8
1603332000000,0.0972,0.09807,0.09686,0.09788,4631.2
1603335600000,0.09809,0.09894,0.09804,0.09837,3800.0
1603339200000,0.09841,0.09915,0.09819,0.09884,684.8
1603342800000,0.09911,0.09913,0.09849,0.09894,1207.3
1603346400000,0.09898,0.09905,0.09795,0.09837,3073.9
1603350000000,0.09836,0.09839,0.09615,0.0963,6531.7
1603353600000,0.09617,0.09822,0.09602,0.09814,5661.9
1603357200000,0.09791,0.09898,0.09746,0.09898,4874.3
1603360800000,0.09897,0.10027,0.09857,0.09857,10683.6
1603364400000,0.09852,0.09942,0.09797,0.09834,3966.9
1603368000000,0.09834,0.0984,0.09792,0.098,2406.6
1603371600000,0.09806,0.10002,0.09721,0.09983,11766.2
1603375200000,0.09968,0.09972,0.09891,0.09938,1194.1
1603378800000,0.09923,0.09972,0.09852,0.09923,2299.6
1603382400000,0.09957,0.10017,0.09868,0.09868,5741.8
1603386000000,0.09913,0.10002,0.09879,0.1,2094.2
1603389600000,0.10011,0.1027,0.10003,0.10119,18241.4
1603393200000,0.10118,0.10171,0.10089,0.10135,1825.4
1603396800000,0.10142,0.10146,0.10013,0.1003,2667.5
1603400400000,0.1003,0.10063,0.09858,0.09898,6573.9
1603404000000,0.09898,0.09945,0.09893,0.09893,2621.0
1603407600000,0.09893,0.09987,0.09879,0.09925,1541.3
1603411200000,0.09925,0.09941,0.0979,0.09865,3835.3
1603414800000,0.0987,0.09925,0.09819,0.09849,3086.1
1603418400000,0.09883,0.09883,0.09837,0.09873,522.7
1603422000000,0.09871,0.09871,0.0979,0.09813,1235.0
1603425600000,0.09824,0.09855,0.0979,0.09846,1771.5
1603429200000,0.09819,0.09942,0.09819,0.09927,1614.6
1603432800000,0.09893,0.09895,0.09772,0.0979,5955.8
1603436400000,0.09824,0.09937,0.0965,0.09718,14549.0
1603440000000,0.09697,0.09872,0.09697,0.09799,2874.9
1603443600000,0.09785,0.09801,0.09746,0.09765,2584.2
1603447200000,0.0975,0.0978,0.09699,0.09699,4164.6
1603450800000,0.09695,0.09723,0.09678,0.09712,2081.3
1603454400000,0.09713,0.10025,0.09712,0.0994,13657.2
1603458000000,0.09946,0.10019,0.09928,0.09928,3621.0
1603461600000,0.09923,0.09927,0.09824,0.09844,5056.4
1603465200000,0.09828,0.09846,0.0979,0.09815,2408.1
1603468800000,0.09805,0.09957,0.09763,0.09915,10999.0
1603472400000,0.09918,0.09927,0.09864,0.09892,1148.7
1603476000000,0.09864,0.09899,0.09819,0.09883,3376.6
1603479600000,0.09885,0.09918,0.09834,0.09914,2390.4
1603483200000,0.09884,0.09901,0.09841,0.09868,3074.2
1603486800000,0.0986,0.09893,0.09821,0.09834,1376.4
1603490400000,0.09834,0.09868,0.09821,0.09836,1640.8
1603494000000,0.0985,0.09883,0.09819,0.09825,149.2
1603497600000,0.09867,0.09868,0.09813,0.0984,1594.3
1603501200000,0.09819,0.09834,0.09755,0.09779,6036.7
1603504800000,0.09788,0.10045,0.09754,0.09986,8599.0
1603508400000,0.09968,0.09968,0.09897,0.0991,1332.2
1603512000000,0.09923,0.09987,0.09857,0.09857,2749.4
1603515600000,0.09898,0.09913,0.0983,0.09911,3310.3
1603519200000,0.09917,0.09987,0.09911,0.09971,4620.5
1603522800000,0.09953,0.09976,0.09908,0.09921,546.4
1603526400000,0.09902,0.09913,0.09857,0.09885,1967.4
1603530000000,0.09885,0.09903,0.09864,0.09876,452.7
1603533600000,0.09864,0.09864,0.09805,0.09829,2107.6
1603537200000,0.09841,0.09844,0.09775,0.0978,3101.3
1603540800000,0.09778,0.09809,0.09726,0.09798,2390.3
1603544400000,0.09816,0.09924,0.09816,0.09832,3782.4
1603548000000,0.0984,0.0984,0.0975,0.09777,3424.9
1603551600000,0.09765,0.09768,0.09715,0.09768,4293.6
1603555200000,0.0976,0.09778,0.0972,0.09772,1815.8
1603558800000,0.09778,0.09898,0.09772,0.0985,2079.5
1603562400000,0.09812,0.09816,0.09782,0.09786,329.4
1603566000000,0.09786,0.09801,0.09738,0.0977,1658.0
1603569600000,0.09774,0.09784,0.09756,0.09763,921.4
1603573200000,0.09746,0.09795,0.09622,0.09631,4315.3
1603576800000,0.09655,0.09689,0.09569,0.09569,3055.3
1603580400000,0.09584,0.09677,0.09582,0.09625,2011.4
1603584000000,0.09597,0.09597,0.09385,0.09518,7261.6
1603587600000,0.09474,0.09521,0.09474,0.09521,1249.1
1603591200000,0.09525,0.09598,0.09517,0.09584,5718.1
1603594800000,0.09541,0.0956,0.09451,0.09556,2636.1
1603598400000,0.09558,0.09615,0.09471,0.09615,8332.3
1603602000000,0.09591,0.09676,0.09519,0.09519,1655.9
1603605600000,0.09522,0.09579,0.09522,0.09555,675.6
1603609200000,0.09561,0.09592,0.09522,0.09534,1352.4
1603612800000,0.09569,0.09661,0.09546,0.09616,4161.5
1603616400000,0.09612,0.0963,0.09581,0.09581,2314.0
1603620000000,0.0959,0.09749,0.0957,0.09702,4388.6
1603623600000,0.0967,0.0975,0.09659,0.09737,2498.6
1603627200000,0.09749,0.09753,0.09688,0.09696,853.8
1603630800000,0.0973,0.09745,0.09704,0.09732,1139.9
1603634400000,0.09712,0.09712,0.09653,0.09664,690.0
1603638000000,0.09646,0.09677,0.09614,0.09669,999.0
1603641600000,0.09614,0.0965,0.09519,0.0959,2249.8
1603645200000,0.09623,0.09623,0.09459,0.09527,4761.8
1603648800000,0.09511,0.09608,0.0951,0.09544,2169.7
1603652400000,0.09574,0.09574,0.0955,0.09552,691.9
1603656000000,0.09552,0.09552,0.09483,0.09483,1632.2
1603659600000,0.09486,0.09504,0.09331,0.09361,5385.7
1603663200000,0.0936,0.09363,0.09001,0.09144,23130.4
1603666800000,0.09184,0.09263,0.09165,0.0919,4665.9
1603670400000,0.09229,0.09361,0.09093,0.09361,5343.9
1603674000000,0.09373,0.09373,0.09326,0.09339,413.1
1603677600000,0.09343,0.09343,0.092,0.09261,4026.3
1603681200000,0.09266,0.09355,0.09265,0.09326,4548.7
1603684800000,0.09326,0.09344,0.09279,0.09282,722.0
1603688400000,0.09271,0.09347,0.09261,0.09315,1675.4
1603692000000,0.09336,0.09476,0.09335,0.09354,6781.7
1603695600000,0.0935,0.0935,0.09124,0.09124,6264.6
1603699200000,0.09135,0.09185,0.09042,0.09107,26405.0
1603702800000,0.09107,0.09139,0.09008,0.09009,11164.3
1603706400000,0.09012,0.09053,0.08937,0.0905,19498.1
1603710000000,0.0905,0.09082,0.09013,0.09013,2737.4
1603713600000,0.09046,0.09057,0.0891,0.0891,7373.0
1603717200000,0.08919,0.08949,0.08838,0.08881,11941.6
1603720800000,0.08902,0.0891,0.0882,0.08874,3751.4
1603724400000,0.0891,0.08965,0.08604,0.08666,20295.5
1603728000000,0.08666,0.08687,0.08359,0.08502,19191.6
1603731600000,0.0849,0.08687,0.0849,0.0862,9116.7
1603735200000,0.08616,0.08632,0.08561,0.08567,4955.1
1603738800000,0.08592,0.08694,0.08536,0.0857,8120.6
1603742400000,0.08557,0.08648,0.08494,0.08507,3321.1
1603746000000,0.08525,0.08656,0.08525,0.08606,7952.9
1603749600000,0.08658,0.08731,0.08599,0.08687,5637.6
1603753200000,0.08688,0.08789,0.08645,0.087,3942.9
1603756800000,0.08775,0.08775,0.08646,0.08664,4071.9
1603760400000,0.08643,0.08709,0.086,0.08684,3946.7
1603764000000,0.08711,0.08853,0.08698,0.08824,17922.2
1603767600000,0.0882,0.09153,0.08783,0.09011,14315.5
1603771200000,0.09007,0.09123,0.08975,0.09123,5821.3
1603774800000,0.09047,0.09057,0.08967,0.09,4450.2
1603778400000,0.08965,0.08999,0.08919,0.08919,1705.9
1603782000000,0.08924,0.08955,0.08873,0.0888,5204.5
1603785600000,0.0888,0.08891,0.0878,0.0889,10953.6
1603789200000,0.0882,0.0884,0.08758,0.08808,3644.8
1603792800000,0.08808,0.08931,0.08808,0.08878,1246.2
1603796400000,0.0891,0.09047,0.08882,0.0904,5446.8
1603800000000,0.09042,0.091,0.0899,0.09075,4178.8
1603803600000,0.09091,0.09279,0.08895,0.08931,23005.8
1603807200000,0.08928,0.08955,0.08829,0.08848,4398.0
1603810800000,0.08835,0.08838,0.08743,0.08748,6117.8
1603814400000,0.08767,0.09041,0.08766,0.08985,13793.6
1603818000000,0.0898,0.09055,0.08871,0.08909,8428.8
1603821600000,0.08901,0.09028,0.08901,0.09015,3409.6
1603825200000,0.08982,0.08983,0.08879,0.08955,4671.5
1603828800000,0.08955,0.08955,0.08858,0.08932,1936.3
1603832400000,0.08936,0.08958,0.08863,0.08876,5338.3
1603836000000,0.08906,0.08931,0.0877,0.08885,5389.7
1603839600000,0.08894,0.08955,0.08796,0.08932,6745.7
1603843200000,0.08911,0.09002,0.08867,0.08909,4424.4
1603846800000,0.08936,0.0898,0.08877,0.08943,3319.0
1603850400000,0.08967,0.09001,0.08844,0.08848,9453.2
1603854000000,0.08846,0.08875,0.08713,0.08778,6599.2
1603857600000,0.08791,0.08791,0.08643,0.0866,2783.1
1603861200000,0.08656,0.08726,0.08643,0.08726,1736.8
1603864800000,0.08718,0.08778,0.08562,0.08562,4916.6
1603868400000,0.0856,0.08714,0.08526,0.08686,5940.0
1603872000000,0.087,0.08809,0.08667,0.08809,2200.7
1603875600000,0.0881,0.08825,0.08656,0.08674,2165.2
1603879200000,0.08679,0.08731,0.08672,0.08726,683.5
1603882800000,0.08703,0.08767,0.08681,0.08722,2338.3
1603886400000,0.08718,0.08883,0.08718,0.08883,4237.6
1603890000000,0.08873,0.08873,0.08756,0.08785,2599.6
1603893600000,0.08771,0.08856,0.08764,0.08764,2343.5
1603897200000,0.08764,0.08805,0.08726,0.08779,4599.3
1603900800000,0.08732,0.0874,0.08643,0.08672,3236.8
1603904400000,0.08682,0.08774,0.08657,0.08774,2726.9
1603908000000,0.08775,0.08841,0.08769,0.08835,4907.8
1603911600000,0.08814,0.08814,0.08762,0.08787,545.0
1603915200000,0.08778,0.08792,0.08714,0.08737,3273.2
1603918800000,0.08742,0.08742,0.08663,0.08678,12291.3
1603922400000,0.08712,0.0878,0.08696,0.08751,613.9
1603926000000,0.08794,0.0882,0.08764,0.0881,1487.0
1603929600000,0.08776,0.08904,0.08767,0.08904,2128.7
1603933200000,0.08881,0.09055,0.08881,0.08958,4983.2
1603936800000,0.08948,0.08948,0.08869,0.08905,4179.5
1603940400000,0.08887,0.08936,0.08831,0.08908,3112.8
1603944000000,0.08883,0.08901,0.0881,0.08813,4816.3
1603947600000,0.08822,0.08878,0.08822,0.08843,118.3
1603951200000,0.08832,0.08865,0.08809,0.08854,442.8
1603954800000,0.08864,0.08943,0.08785,0.08854,2661.4
1603958400000,0.08872,0.08872,0.08791,0.08791,2246.8
1603962000000,0.08794,0.08823,0.0877,0.08794,5656.3
1603965600000,0.08799,0.08799,0.08699,0.08725,7210.4
1603969200000,0.08716,0.08775,0.08703,0.08718,6074.2
1603972800000,0.08718,0.08732,0.08497,0.086,8827.0
1603976400000,0.08601,0.08658,0.0857,0.08612,8824.1
1603980000000,0.08598,0.08729,0.08598,0.08681,4866.3
1603983600000,0.08673,0.08692,0.0864,0.08671,1495.1
1603987200000,0.08643,0.08687,0.08529,0.0858,1734.2
1603990800000,0.08559,0.08566,0.08409,0.08418,11118.1
1603994400000,0.08415,0.0853,0.08396,0.08469,6059.0
1603998000000,0.08442,0.08472,0.08394,0.08472,6264.4
1604001600000,0.08464,0.08549,0.08463,0.08494,3260.8
1604005200000,0.08522,0.08524,0.08427,0.08508,10393.4
1604008800000,0.08513,0.08555,0.08401,0.08407,9110.8
1604012400000,0.08415,0.08522,0.08415,0.08506,1509.5
1604016000000,0.08491,0.085,0.08418,0.08488,3311.3
1604019600000,0.08427,0.08474,0.08384,0.08396,909.2
1604023200000,0.08393,0.08393,0.07531,0.0799,56251.9
1604026800000,0.07998,0.08111,0.0796,0.0808,9252.7
1604030400000,0.08092,0.08152,0.08073,0.08092,1911.2
1604034000000,0.081,0.08411,0.08076,0.08411,16025.1
1604037600000,0.08383,0.08487,0.0829,0.08307,8895.5
1604041200000,0.08322,0.08463,0.08247,0.08437,13860.1
1604044800000,0.0843,0.08488,0.08319,0.08442,8153.7
1604048400000,0.08446,0.08463,0.0824,0.0824,8292.6
1604052000000,0.08217,0.08258,0.08152,0.08181,6960.5
1604055600000,0.08215,0.08258,0.08116,0.0823,4890.9
1604059200000,0.0823,0.08401,0.0812,0.083,9581.6
1604062800000,0.08279,0.08308,0.08202,0.083,6708.3
1604066400000,0.08309,0.08323,0.08192,0.08235,6849.8
1604070000000,0.08278,0.083,0.08244,0.08258,15649.9
1604073600000,0.08235,0.08238,0.0805,0.08165,10543.8
1604077200000,0.0815,0.08216,0.0815,0.08215,2906.9
1604080800000,0.08208,0.08367,0.08147,0.083,3382.0
1604084400000,0.08317,0.08415,0.08258,0.08407,2928.8
1604088000000,0.0837,0.0837,0.08225,0.083,5370.1
1604091600000,0.08319,0.08331,0.08258,0.083,4021.8
1604095200000,0.08323,0.08411,0.08293,0.08293,2755.0
1604098800000,0.08287,0.08516,0.0825,0.0849,14052.0
1604102400000,0.08468,0.08468,0.08272,0.08275,8374.2
1604106000000,0.08273,0.08358,0.08258,0.08358,1668.5
1604109600000,0.08361,0.08364,0.0821,0.08266,4960.3
1604113200000,0.08265,0.08323,0.08255,0.08283,784.9
1604116800000,0.08279,0.08323,0.08258,0.08258,167.5
1604120400000,0.08262,0.083,0.08094,0.08293,8236.2
1604124000000,0.08282,0.08347,0.08248,0.08291,3824.2
1604127600000,0.08281,0.083,0.08234,0.083,1803.5
1604131200000,0.08284,0.0837,0.08191,0.08361,7517.3
1604134800000,0.08347,0.08358,0.08174,0.08235,5750.6
1604138400000,0.08235,0.08351,0.08159,0.08302,6729.9
1604142000000,0.08288,0.08293,0.08196,0.08208,4249.3
1604145600000,0.08258,0.08285,0.08216,0.08284,1300.4
1604149200000,0.083,0.08361,0.08249,0.08249,2959.8
1604152800000,0.08265,0.08279,0.08217,0.08229,3536.8
1604156400000,0.08232,0.0828,0.08191,0.0828,3272.1
1604160000000,0.0828,0.08323,0.08174,0.08181,4932.4
1604163600000,0.08198,0.08198,0.08102,0.08148,7218.6
1604167200000,0.08161,0.08226,0.0812,0.08129,18612.9
1604170800000,0.08124,0.08191,0.08116,0.08147,1689.1
1604174400000,0.08142,0.08174,0.08133,0.08145,157.1
1604178000000,0.0814,0.0814,0.08019,0.08102,4027.7
1604181600000,0.08085,0.08126,0.0799,0.0799,6332.8
1604185200000,0.07982,0.07999,0.07901,0.07984,4972.6
1604188800000,0.07979,0.0805,0.07946,0.0802,2812.1
1604192400000,0.08018,0.08102,0.0799,0.08051,3133.2
1604196000000,0.08045,0.08068,0.08027,0.08027,650.5
1604199600000,0.0805,0.08114,0.07997,0.08085,2690.8
1604203200000,0.08051,0.08051,0.07948,0.07965,6252.9
1604206800000,0.07945,0.07976,0.07882,0.07923,2362.4
1604210400000,0.07903,0.07941,0.0786,0.07919,1613.9
1604214000000,0.07929,0.08034,0.07923,0.07997,2481.0
1604217600000,0.07998,0.08022,0.07944,0.07954,2155.9
1604221200000,0.07954,0.0797,0.07888,0.07906,2469.1
1604224800000,0.07911,0.08008,0.07911,0.07988,3471.9
1604228400000,0.0801,0.08069,0.07947,0.07954,5198.9
1604232000000,0.07954,0.0801,0.07954,0.08,3003.7
1604235600000,0.08003,0.08048,0.08003,0.08047,2387.1
1604239200000,0.08051,0.08051,0.07969,0.07985,5118.0
1604242800000,0.07985,0.08349,0.07978,0.08208,16323.2
1604246400000,0.08232,0.08232,0.08148,0.08154,1344.6
1604250000000,0.08154,0.08169,0.08092,0.0813,3030.5
1604253600000,0.08105,0.08121,0.08083,0.08121,1163.8
1604257200000,0.08111,0.08189,0.08111,0.0815,1612.9
1604260800000,0.08165,0.08278,0.0815,0.08253,4000.1
1604264400000,0.08273,0.08643,0.08271,0.08556,17110.0
1604268000000,0.08549,0.08571,0.08442,0.08533,6145.7
1604271600000,0.08539,0.08567,0.08311,0.0833,6658.1
1604275200000,0.08341,0.0855,0.083,0.08364,14930.6
1604278800000,0.08395,0.08427,0.08276,0.08323,6109.0
1604282400000,0.08333,0.08356,0.08278,0.08334,2248.2
1604286000000,0.08334,0.08334,0.08271,0.08321,221.1
1604289600000,0.08278,0.0834,0.08148,0.08188,5304.0
1604293200000,0.08203,0.08215,0.08133,0.08208,3033.1
1604296800000,0.08187,0.08251,0.08185,0.08185,1525.7
1604300400000,0.08174,0.08225,0.08123,0.0814,3980.1
1604304000000,0.08132,0.08148,0.07929,0.07954,11374.0
1604307600000,0.07937,0.07988,0.07929,0.07968,2282.5
1604311200000,0.07938,0.07975,0.07894,0.07971,1599.8
1604314800000,0.0795,0.0795,0.07888,0.07925,1748.9
1604318400000,0.07914,0.08026,0.07879,0.07969,9185.1
1604322000000,0.07982,0.0808,0.07947,0.08,5556.2
1604325600000,0.08,0.08056,0.07975,0.0801,1572.9
1604329200000,0.07999,0.08062,0.07996,0.08057,838.9
1604332800000,0.08018,0.08085,0.07978,0.08046,6649.6
1604336400000,0.08046,0.08046,0.08007,0.08026,2231.2
1604340000000,0.08025,0.08076,0.08025,0.08075,1120.5
1604343600000,0.08059,0.08153,0.08059,0.08153,4364.4
1604347200000,0.08148,0.08182,0.08092,0.08131,2007.6
1604350800000,0.08132,0.08236,0.08132,0.08205,2966.9
1604354400000,0.08183,0.08184,0.08099,0.08167,6672.1
1604358000000,0.08139,0.08139,0.08081,0.08091,4397.4
1604361600000,0.08088,0.083,0.08076,0.083,12317.8
1604365200000,0.08284,0.08335,0.08258,0.08314,1005.4
1604368800000,0.08315,0.08384,0.08148,0.08364,2229.6
1604372400000,0.08321,0.08342,0.07969,0.0801,15078.8
1604376000000,0.07975,0.08068,0.07958,0.08034,2363.6
1604379600000,0.08018,0.08018,0.0785,0.07964,11928.4
1604383200000,0.07932,0.08063,0.07895,0.08011,3583.5
1604386800000,0.07998,0.08005,0.07945,0.07946,4196.8
1604390400000,0.07969,0.0801,0.07902,0.07914,5427.2
1604394000000,0.07908,0.08026,0.07881,0.07987,4003.5
1604397600000,0.08003,0.08077,0.07964,0.08077,2157.5
1604401200000,0.08028,0.08048,0.07972,0.07979,4330.7
1604404800000,0.07969,0.0797,0.07888,0.07942,6952.5
1604408400000,0.07942,0.08025,0.07913,0.07923,5010.3
1604412000000,0.07944,0.07969,0.07925,0.07951,472.2
1604415600000,0.07953,0.08022,0.07896,0.07896,5404.2
1604419200000,0.07889,0.07889,0.07788,0.07884,10115.3
1604422800000,0.07829,0.07913,0.07758,0.07862,6219.1
1604426400000,0.07908,0.07932,0.079,0.07917,2399.9
1604430000000,0.07889,0.07896,0.07858,0.07858,1648.8
1604433600000,0.0787,0.07891,0.07859,0.07868,1042.6
1604437200000,0.07889,0.07889,0.07796,0.07803,3086.1
1604440800000,0.078,0.07932,0.07748,0.07932,3712.0
1604444400000,0.07938,0.07988,0.07877,0.07952,6644.4
1604448000000,0.07983,0.08098,0.07975,0.08083,5883.3
1604451600000,0.08051,0.08085,0.07969,0.0801,1635.5
1604455200000,0.08016,0.08016,0.07894,0.07906,4544.1
1604458800000,0.07954,0.08038,0.07954,0.08037,5895.2
1604462400000,0.08044,0.08051,0.08007,0.0805,1489.6
1604466000000,0.08056,0.08121,0.08051,0.08051,3400.8
1604469600000,0.08036,0.08046,0.08021,0.08046,307.0
1604473200000,0.08083,0.08107,0.07929,0.07975,3822.2
1604476800000,0.07945,0.07945,0.07815,0.07845,8226.0
1604480400000,0.0783,0.07888,0.0783,0.07857,425.8
1604484000000,0.07847,0.07853,0.0772,0.07754,1396.3
1604487600000,0.07744,0.07777,0.07677,0.07731,6427.5
1604491200000,0.07747,0.07776,0.07711,0.07731,2235.2
1604494800000,0.07712,0.07714,0.07574,0.07577,13646.0
1604498400000,0.07598,0.07601,0.07265,0.07397,22178.1
1604502000000,0.07389,0.07442,0.07382,0.07383,4198.1
1604505600000,0.0737,0.07656,0.07217,0.07498,22205.7
1604509200000,0.0751,0.07524,0.07382,0.07382,7586.4
1604512800000,0.074,0.07473,0.07394,0.07404,7816.4
1604516400000,0.07395,0.07421,0.07297,0.07297,7538.4
1604520000000,0.07313,0.0737,0.07291,0.0735,3733.9
1604523600000,0.07345,0.07351,0.07259,0.07276,5536.6
1604527200000,0.07273,0.07281,0.07168,0.07175,8683.4
1604530800000,0.07185,0.07209,0.07119,0.0716,7230.5
1604534400000,0.07136,0.07185,0.0706,0.07088,8455.9
1604538000000,0.07091,0.07126,0.07088,0.07088,1200.7
1604541600000,0.071,0.07128,0.06984,0.07023,7362.6
1604545200000,0.07023,0.07056,0.06834,0.06876,10846.3
1604548800000,0.06857,0.0689,0.06796,0.06807,7661.5
1604552400000,0.06826,0.06836,0.06669,0.0678,12162.4
1604556000000,0.06772,0.06791,0.06696,0.06699,6450.6
1604559600000,0.06739,0.0674,0.06439,0.06557,23598.8
1604563200000,0.06559,0.06578,0.06437,0.06576,10416.7
1604566800000,0.06582,0.06675,0.06536,0.06632,11504.1
1604570400000,0.06617,0.06714,0.06551,0.06667,13317.8
1604574000000,0.06684,0.06804,0.06671,0.06685,11199.3
1604577600000,0.06686,0.06767,0.06671,0.06742,10483.9
1604581200000,0.06736,0.0777,0.06715,0.07613,36631.8
1604584800000,0.07643,0.08051,0.07643,0.08051,30986.5
1604588400000,0.08057,0.08709,0.07999,0.083,37423.1
1604592000000,0.08341,0.08541,0.08219,0.08411,35464.8
1604595600000,0.08427,0.08568,0.08071,0.08114,17377.8
1604599200000,0.08122,0.08216,0.077,0.08216,27559.5
1604602800000,0.08184,0.08184,0.08047,0.0809,5457.7
1604606400000,0.08105,0.08285,0.08082,0.08103,9166.5
1604610000000,0.08144,0.08164,0.07856,0.07929,8644.3
1604613600000,0.07917,0.0794,0.07793,0.07897,15160.2
1604617200000,0.07878,0.08051,0.07878,0.07919,9777.4
1604620800000,0.07915,0.083,0.07849,0.08077,14968.8
1604624400000,0.08062,0.08568,0.08042,0.08502,28696.7
1604628000000,0.08546,0.0859,0.08226,0.08279,12576.1
1604631600000,0.0828,0.08319,0.08193,0.08213,11795.3
1604635200000,0.08213,0.08452,0.08213,0.08325,7375.8
1604638800000,0.0838,0.08526,0.0824,0.08268,6462.6
1604642400000,0.08268,0.08404,0.08213,0.08287,7823.9
1604646000000,0.08275,0.08669,0.08227,0.08503,12309.1
1604649600000,0.08503,0.0852,0.08331,0.08331,7953.1
1604653200000,0.08339,0.08492,0.08303,0.08491,6257.1
1604656800000,0.0849,0.09107,0.0849,0.08747,34978.6
1604660400000,0.08757,0.08883,0.0867,0.08781,16372.2
1604664000000,0.08734,0.08734,0.08526,0.08648,11584.6
1604667600000,0.08659,0.09119,0.08587,0.09054,26721.2
1604671200000,0.09015,0.09192,0.08775,0.08849,20386.3
1604674800000,0.08849,0.08878,0.0857,0.08717,20777.7
1604678400000,0.08691,0.08831,0.08664,0.08673,5925.7
1604682000000,0.08684,0.08775,0.0864,0.08673,2497.5
1604685600000,0.08683,0.08745,0.08649,0.0869,4207.6
1604689200000,0.08705,0.08897,0.08705,0.08856,10645.7
1604692800000,0.089,0.08929,0.08726,0.08875,5128.1
1604696400000,0.08833,0.08887,0.08775,0.0878,1158.2
1604700000000,0.0878,0.0899,0.08775,0.08945,7788.7
1604703600000,0.08936,0.08952,0.0875,0.0885,11019.3
1604707200000,0.08865,0.09245,0.08826,0.09224,12846.1
1604710800000,0.0925,0.10247,0.09196,0.10063,34426.8
1604714400000,0.1005,0.101,0.09508,0.09508,23337.3
1604718000000,0.09529,0.097,0.09421,0.09493,15027.8
1604721600000,0.09505,0.09639,0.09474,0.09569,6175.9
1604725200000,0.0953,0.09723,0.09511,0.09605,6200.1
1604728800000,0.09642,0.09811,0.09535,0.09698,5939.2
1604732400000,0.09698,0.09922,0.0964,0.09828,8967.9
1604736000000,0.09869,0.09941,0.09663,0.09792,8494.3
1604739600000,0.09828,0.10063,0.098,0.0985,21748.0
1604743200000,0.0985,0.09979,0.09715,0.09945,9101.4
1604746800000,0.09946,0.10204,0.09835,0.09835,18368.0
1604750400000,0.09907,0.09958,0.09811,0.09904,7633.5
1604754000000,0.09867,0.09869,0.094,0.09614,12540.1
1604757600000,0.09566,0.09613,0.09085,0.09121,8823.9
1604761200000,0.09093,0.0941,0.08902,0.0941,14342.1
1604764800000,0.09356,0.09595,0.09025,0.09517,4678.7
1604768400000,0.09529,0.09584,0.09269,0.09394,7689.4
1604772000000,0.09373,0.09485,0.08925,0.09081,11365.3
1604775600000,0.09112,0.09256,0.09081,0.09139,6644.8
1604779200000,0.09139,0.09356,0.09025,0.09293,4077.8
1604782800000,0.09287,0.09287,0.09027,0.09185,2743.3
1604786400000,0.0914,0.09199,0.09019,0.09089,8819.3
1604790000000,0.09111,0.09199,0.08855,0.08914,8403.0
1604793600000,0.08935,0.09151,0.08854,0.09149,8540.0
1604797200000,0.09138,0.09199,0.08988,0.09162,6426.3
1604800800000,0.09143,0.09238,0.09081,0.09088,5508.4
1604804400000,0.09082,0.09093,0.08945,0.0895,5269.7
1604808000000,0.08952,0.09193,0.08945,0.09056,6392.8
1604811600000,0.09081,0.09108,0.08985,0.09108,2549.2
1604815200000,0.09115,0.09139,0.0904,0.09105,1998.3
1604818800000,0.09065,0.09109,0.09029,0.0906,1258.6
1604822400000,0.0909,0.09133,0.0907,0.09103,1535.5
1604826000000,0.09125,0.0946,0.09125,0.09419,5957.3
1604829600000,0.09409,0.09642,0.09362,0.096,15506.8
1604833200000,0.09632,0.09637,0.09485,0.0954,3073.1
1604836800000,0.09586,0.09614,0.09428,0.09542,5404.3
1604840400000,0.09539,0.0954,0.09385,0.09469,3148.5
1604844000000,0.09469,0.09714,0.0946,0.09714,11627.1
1604847600000,0.09723,0.09761,0.09602,0.0967,10332.5
1604851200000,0.09698,0.09927,0.09651,0.09903,7853.5
1604854800000,0.09925,0.10038,0.09867,0.10025,8831.6
1604858400000,0.10028,0.10145,0.09836,0.0995,8717.3
1604862000000,0.09926,0.09976,0.09775,0.09908,7003.9
1604865600000,0.09923,0.1004,0.09861,0.09969,4109.0
1604869200000,0.1001,0.10057,0.09806,0.09843,6924.2
1604872800000,0.09843,0.1017,0.09843,0.10134,7343.9
1604876400000,0.10091,0.1031,0.10057,0.10071,8094.7
1604880000000,0.10069,0.10116,0.09979,0.09991,4530.6
1604883600000,0.09986,0.09987,0.09747,0.09819,6789.6
1604887200000,0.09802,0.09837,0.09652,0.09702,2655.7
1604890800000,0.09664,0.09714,0.09618,0.09672,2144.4
1604894400000,0.09654,0.09654,0.09397,0.09536,16251.5
1604898000000,0.0953,0.09712,0.09476,0.09712,6399.9
1604901600000,0.09712,0.09733,0.09572,0.0962,3426.9
1604905200000,0.09612,0.09679,0.09474,0.095,2181.1
1604908800000,0.09474,0.09542,0.09303,0.09485,4929.8
1604912400000,0.09506,0.09669,0.09474,0.09615,6586.4
1604916000000,0.09588,0.09746,0.09517,0.09651,3973.3
1604919600000,0.09666,0.09812,0.09633,0.09769,6518.9
1604923200000,0.09764,0.09784,0.09558,0.09558,3062.4
1604926800000,0.09566,0.09566,0.094,0.09544,3855.7
1604930400000,0.09528,0.09565,0.09421,0.09421,2521.9
1604934000000,0.09421,0.09544,0.09373,0.09471,3247.8
1604937600000,0.09428,0.09595,0.09421,0.09567,3471.8
1604941200000,0.09599,0.0968,0.09565,0.09629,3770.1
1604944800000,0.09608,0.09614,0.09561,0.09561,2166.2
1604948400000,0.09563,0.09593,0.09513,0.09593,1711.0
1604952000000,0.09567,0.09599,0.0948,0.09511,914.4
1604955600000,0.09542,0.09703,0.09542,0.09658,4682.0
1604959200000,0.09658,0.09658,0.09542,0.09542,3887.6
1604962800000,0.09564,0.09571,0.0953,0.09534,994.3
1604966400000,0.09552,0.09594,0.0946,0.09517,1542.3
1604970000000,0.09517,0.09775,0.09512,0.09723,6945.3
1604973600000,0.09755,0.09784,0.09642,0.09653,3565.6
1604977200000,0.0965,0.09878,0.09646,0.09878,8325.3
1604980800000,0.09865,0.10035,0.09854,0.09962,7686.7
1604984400000,0.09988,0.10165,0.09923,0.1009,9545.0
1604988000000,0.1007,0.10217,0.09942,0.10012,8922.5
1604991600000,0.10012,0.10163,0.09985,0.10019,13899.7
1604995200000,0.10057,0.10165,0.09942,0.09957,7056.0
1604998800000,0.09988,0.1026,0.09983,0.1026,5379.8
1605002400000,0.10261,0.10679,0.10148,0.103,16383.7
1605006000000,0.10258,0.10284,0.09945,0.10175,3997.9
1605009600000,0.10188,0.10532,0.10113,0.10438,9906.5
1605013200000,0.1043,0.10532,0.10226,0.10516,6766.7
1605016800000,0.10529,0.10529,0.10113,0.10217,6639.6
1605020400000,0.10207,0.103,0.10163,0.10295,3464.5
1605024000000,0.10321,0.1066,0.10278,0.10622,6088.6
1605027600000,0.10622,0.10984,0.10622,0.10971,11636.6
1605031200000,0.10971,0.10992,0.10679,0.10691,6047.3
1605034800000,0.10742,0.10806,0.1062,0.10781,6659.4
1605038400000,0.10777,0.10786,0.10532,0.10597,2418.4
1605042000000,0.10553,0.10754,0.10553,0.10693,1928.3
1605045600000,0.10747,0.11201,0.10747,0.11065,16683.9
1605049200000,0.11051,0.11076,0.10802,0.10912,8164.6
1605052800000,0.10934,0.11147,0.10848,0.11023,5919.7
1605056400000,0.11019,0.11198,0.10848,0.11183,11019.8
1605060000000,0.11203,0.11283,0.11059,0.1107,7785.0
1605063600000,0.11064,0.11323,0.11064,0.11176,11363.7
1605067200000,0.11171,0.11254,0.11109,0.11109,2931.1
1605070800000,0.11148,0.11194,0.10929,0.10957,8665.5
1605074400000,0.11016,0.11072,0.10957,0.10957,4325.4
1605078000000,0.11016,0.11333,0.11016,0.1132,5268.9
1605081600000,0.1128,0.11289,0.11037,0.11083,5035.9
1605085200000,0.11092,0.11174,0.10802,0.10912,3908.0
1605088800000,0.10882,0.10966,0.10835,0.10912,2367.6
1605092400000,0.10899,0.10899,0.10447,0.10582,10975.7
1605096000000,0.10595,0.10898,0.10532,0.10743,9917.2
1605099600000,0.10729,0.10774,0.10566,0.10573,2203.7
1605103200000,0.10589,0.10841,0.10589,0.10828,5397.2
1605106800000,0.10808,0.10973,0.10777,0.10932,5018.8
1605110400000,0.10927,0.11258,0.10927,0.11071,10387.0
1605114000000,0.11071,0.11155,0.10973,0.1102,5329.8
1605117600000,0.1102,0.1102,0.10928,0.11,966.2
1605121200000,0.10959,0.11023,0.10818,0.10881,2984.9
1605124800000,0.10838,0.10853,0.10566,0.10627,8286.0
1605128400000,0.10661,0.10834,0.10569,0.10789,3710.9
1605132000000,0.10752,0.10871,0.10607,0.10653,2784.3
1605135600000,0.10625,0.10657,0.10373,0.10479,3919.0
1605139200000,0.10458,0.1051,0.10237,0.10491,4736.4
1605142800000,0.10485,0.10639,0.10441,0.10595,4637.7
1605146400000,0.10601,0.10988,0.10543,0.10958,4672.4
1605150000000,0.10971,0.11217,0.10912,0.10949,6807.5
1605153600000,0.10995,0.1104,0.10877,0.1098,3475.9
1605157200000,0.1098,0.11066,0.10838,0.10849,3938.8
1605160800000,0.10843,0.1094,0.10838,0.10884,3763.9
1605164400000,0.10896,0.11023,0.10848,0.10948,3275.1
1605168000000,0.10947,0.11081,0.10857,0.10862,1439.6
1605171600000,0.10862,0.10957,0.10838,0.10909,3725.5
1605175200000,0.10932,0.10945,0.10747,0.10747,2800.9
1605178800000,0.1074,0.10913,0.1071,0.10887,3384.2
1605182400000,0.10894,0.10965,0.10857,0.10868,2884.6
1605186000000,0.10848,0.10868,0.1071,0.10763,1612.3
1605189600000,0.10779,0.10893,0.10568,0.10633,5494.4
1605193200000,0.10673,0.10764,0.10639,0.10724,4442.9
1605196800000,0.10728,0.10728,0.10476,0.10523,3084.5
1605200400000,0.10523,0.10542,0.10374,0.10396,6829.1
1605204000000,0.10396,0.1064,0.10396,0.10597,3328.6
1605207600000,0.10557,0.10719,0.10557,0.10719,3028.4
1605211200000,0.10704,0.10747,0.10639,0.10679,3057.6
1605214800000,0.10676,0.10747,0.10633,0.10673,2800.4
1605218400000,0.10706,0.1088,0.10706,0.10806,3677.9
1605222000000,0.10806,0.10806,0.10678,0.10693,3194.2
1605225600000,0.10691,0.10751,0.1066,0.10751,1640.8
1605229200000,0.1074,0.11188,0.10737,0.11035,8970.2
1605232800000,0.11041,0.11254,0.10957,0.11221,3886.8
1605236400000,0.11216,0.11486,0.11216,0.11295,5942.1
1605240000000,0.11337,0.11372,0.11177,0.11194,3849.0
1605243600000,0.11205,0.11372,0.111,0.11371,4587.0
1605247200000,0.11363,0.1142,0.11305,0.11319,1655.8
1605250800000,0.11285,0.11428,0.11202,0.11356,4312.1
1605254400000,0.1134,0.11831,0.11151,0.118,21793.9
1605258000000,0.11744,0.11771,0.11594,0.11613,7192.7
1605261600000,0.11572,0.11737,0.1155,0.1167,4000.8
1605265200000,0.1167,0.117,0.1155,0.11697,3683.5
1605268800000,0.11712,0.11817,0.11628,0.11688,5444.4
1605272400000,0.11688,0.12261,0.11641,0.12186,11935.6
1605276000000,0.12178,0.1228,0.12044,0.12263,14838.3
1605279600000,0.12253,0.12421,0.12133,0.12285,5814.3
1605283200000,0.12357,0.13,0.12357,0.12638,16560.3
1605286800000,0.12698,0.12857,0.12533,0.12857,4539.4
1605290400000,0.12827,0.12928,0.1263,0.12712,6252.7
1605294000000,0.12685,0.13212,0.1268,0.13138,16043.0
1605297600000,0.13116,0.13532,0.13042,0.13511,9453.6
1605301200000,0.13494,0.14156,0.13405,0.13428,30293.3
1605304800000,0.13499,0.13641,0.13248,0.13416,10019.8
1605308400000,0.13441,0.14022,0.13441,0.13655,16815.0
1605312000000,0.13698,0.13698,0.13222,0.13321,17099.8
1605315600000,0.1332,0.13323,0.12877,0.13142,5203.8
1605319200000,0.13173,0.1329,0.13042,0.13117,7341.8
1605322800000,0.13117,0.13299,0.13091,0.13214,5745.0
1605326400000,0.13261,0.13342,0.12961,0.13071,4601.1
1605330000000,0.13089,0.13979,0.12928,0.1333,9587.2
1605333600000,0.13315,0.13879,0.13201,0.13536,11008.0
1605337200000,0.13535,0.13575,0.13285,0.13436,5773.5
1605340800000,0.13492,0.13651,0.13214,0.13304,5406.0
1605344400000,0.13222,0.1326,0.12883,0.12907,7730.6
1605348000000,0.12881,0.13346,0.12827,0.12933,8594.3
1605351600000,0.12988,0.13307,0.12988,0.13254,5678.8
1605355200000,0.13208,0.13544,0.13125,0.13544,5492.4
1605358800000,0.13557,0.13595,0.13369,0.13482,14046.1
1605362400000,0.13501,0.13857,0.13501,0.13738,5174.4
1605366000000,0.13741,0.13767,0.13347,0.13365,7782.6
1605369600000,0.13372,0.13668,0.13256,0.13465,2215.9
1605373200000,0.13428,0.14022,0.13186,0.14022,6545.2
1605376800000,0.13928,0.1429,0.13883,0.13995,10466.4
1605380400000,0.13977,0.14083,0.13774,0.13782,12334.0
1605384000000,0.13857,0.13857,0.1358,0.13742,3715.6
1605387600000,0.1371,0.13827,0.13533,0.13685,4870.9
1605391200000,0.13646,0.13946,0.13646,0.1392,8705.4
1605394800000,0.1392,0.13998,0.13623,0.13649,7847.1
1605398400000,0.1368,0.13821,0.13573,0.13806,4496.9
1605402000000,0.13754,0.13928,0.13571,0.13895,5194.8
1605405600000,0.13931,0.14419,0.13837,0.14284,9870.6
1605409200000,0.14345,0.14612,0.14189,0.14407,3832.3
1605412800000,0.14423,0.14572,0.14308,0.14344,3319.3
1605416400000,0.14375,0.15138,0.14372,0.1513,13233.8
1605420000000,0.1513,0.15183,0.14903,0.14929,4183.8
1605423600000,0.14903,0.14926,0.14641,0.14843,4308.1
1605427200000,0.14854,0.15022,0.1456,0.1456,7661.6
1605430800000,0.1465,0.14793,0.14551,0.14637,5806.9
1605434400000,0.14659,0.14824,0.14452,0.14578,3535.9
1605438000000,0.14571,0.14866,0.14528,0.14589,2124.9
1605441600000,0.14655,0.14866,0.14631,0.14753,2007.0
1605445200000,0.14766,0.15097,0.14682,0.15011,6222.9
1605448800000,0.14977,0.14978,0.14692,0.14786,4778.6
1605452400000,0.148,0.1488,0.14575,0.14711,4441.3
1605456000000,0.14656,0.14859,0.14612,0.14772,2490.0
1605459600000,0.147,0.14745,0.1355,0.13873,19418.4
1605463200000,0.13858,0.14125,0.13745,0.13981,11679.9
1605466800000,0.13975,0.14169,0.13893,0.13941,3385.5
1605470400000,0.13917,0.14119,0.13685,0.13685,8988.6
1605474000000,0.13706,0.13871,0.13386,0.13386,10555.4
1605477600000,0.13404,0.13953,0.1333,0.13953,6398.2
1605481200000,0.1386,0.14127,0.13797,0.13872,8929.1
1605484800000,0.13864,0.13932,0.13561,0.13885,9666.7
1605488400000,0.13846,0.14164,0.13702,0.13785,9198.9
1605492000000,0.13825,0.13841,0.1335,0.13448,5795.2
1605495600000,0.13428,0.13655,0.13424,0.13582,2201.6
1605499200000,0.13583,0.13875,0.13422,0.13875,10612.4
1605502800000,0.13846,0.1394,0.13738,0.13783,4310.8
1605506400000,0.13799,0.14016,0.13796,0.1392,4401.3
1605510000000,0.1392,0.13933,0.13611,0.13642,4997.8
1605513600000,0.13666,0.13981,0.13641,0.1391,8973.6
1605517200000,0.13912,0.13921,0.13784,0.13835,7316.1
1605520800000,0.1391,0.14174,0.1391,0.14002,4280.3
1605524400000,0.13959,0.13962,0.13735,0.13741,5392.9
1605528000000,0.13743,0.13911,0.13585,0.13716,6455.1
1605531600000,0.13722,0.13752,0.13435,0.1346,7762.2
1605535200000,0.13446,0.13601,0.13377,0.13506,5585.0
1605538800000,0.13506,0.13539,0.1299,0.13093,13909.0
1605542400000,0.13027,0.13027,0.12345,0.12639,36847.3
1605546000000,0.12699,0.13078,0.12698,0.12797,19134.5
1605549600000,0.12886,0.13126,0.12881,0.12944,8534.7
1605553200000,0.12977,0.12977,0.125,0.12565,15940.5
1605556800000,0.12622,0.12797,0.1249,0.1249,10463.1
1605560400000,0.1249,0.12726,0.12376,0.12574,12499.9
1605564000000,0.12568,0.12896,0.12568,0.12896,3368.9
1605567600000,0.12849,0.12954,0.12717,0.1275,5351.8
1605571200000,0.1275,0.135,0.12724,0.13428,11264.7
1605574800000,0.13472,0.13583,0.13189,0.13307,4161.2
1605578400000,0.13299,0.13613,0.13261,0.13286,5708.4
1605582000000,0.13291,0.13385,0.13164,0.13164,1207.1
1605585600000,0.13159,0.13434,0.13055,0.13434,6523.0
1605589200000,0.1336,0.1336,0.13064,0.13064,2606.8
1605592800000,0.131,0.13148,0.13027,0.13067,2639.4
1605596400000,0.13057,0.13188,0.12764,0.12808,4745.7
1605600000000,0.12837,0.12932,0.12812,0.12824,4641.5
1605603600000,0.12823,0.12823,0.12319,0.12445,14331.0
1605607200000,0.12445,0.12665,0.12441,0.1252,9972.0
1605610800000,0.1252,0.126,0.12257,0.12509,11074.2
1605614400000,0.12466,0.1292,0.12406,0.128,6950.7
1605618000000,0.12834,0.12961,0.12637,0.12737,13027.6
1605621600000,0.1276,0.12805,0.12549,0.12549,4095.1
1605625200000,0.12604,0.12626,0.1228,0.12534,13082.2
1605628800000,0.12563,0.12889,0.12451,0.12533,4090.2
1605632400000,0.12579,0.12674,0.12493,0.1252,10071.2
1605636000000,0.12574,0.12702,0.12511,0.12658,1170.5
1605639600000,0.12702,0.13082,0.1268,0.13,4766.4
1605643200000,0.12933,0.13003,0.12745,0.12943,3542.6
1605646800000,0.12943,0.12943,0.12673,0.12824,12820.5
1605650400000,0.12826,0.12958,0.128,0.12948,3707.3
1605654000000,0.12924,0.13554,0.12868,0.1336,24632.8
1605657600000,0.13358,0.13457,0.12961,0.13198,10384.2
1605661200000,0.13164,0.13253,0.13068,0.13224,3382.7
1605664800000,0.13179,0.13249,0.13105,0.1316,3256.5
1605668400000,0.13108,0.1316,0.12997,0.13141,3813.1
1605672000000,0.13066,0.13121,0.128,0.12921,6563.6
1605675600000,0.12966,0.1309,0.12346,0.12619,7750.2
1605679200000,0.12543,0.12702,0.12494,0.12626,4354.0
1605682800000,0.12577,0.12766,0.12499,0.12687,3324.4
1605686400000,0.12685,0.12766,0.12619,0.1276,3630.3
1605690000000,0.12673,0.12684,0.1253,0.12585,2614.4
1605693600000,0.12533,0.12628,0.12498,0.12628,207.2
1605697200000,0.12637,0.12638,0.12427,0.12459,3148.7
1605700800000,0.12435,0.125,0.12261,0.12333,1791.5
1605704400000,0.1233,0.12505,0.1233,0.12388,4453.0
1605708000000,0.12387,0.12473,0.12179,0.12179,2513.9
1605711600000,0.12179,0.12244,0.11867,0.1218,5386.7
1605715200000,0.12154,0.12315,0.12047,0.12228,1936.6
1605718800000,0.122,0.124,0.12178,0.12341,2930.0
1605722400000,0.12292,0.12333,0.1212,0.12121,2464.1
1605726000000,0.12199,0.12226,0.12066,0.12138,1803.2
1605729600000,0.12088,0.12168,0.12016,0.12076,1335.3
1605733200000,0.12035,0.12077,0.11912,0.12017,4787.8
1605736800000,0.12092,0.12359,0.12077,0.12359,2431.2
1605740400000,0.12364,0.12454,0.12288,0.1233,3721.3
1605744000000,0.12334,0.12407,0.12202,0.12407,1096.4
1605747600000,0.12433,0.12556,0.12294,0.12448,1903.3
1605751200000,0.12495,0.12495,0.12332,0.12448,608.7
1605754800000,0.12448,0.12494,0.12261,0.12344,2593.6
1605758400000,0.12353,0.12353,0.12136,0.12271,1160.8
1605762000000,0.12229,0.12261,0.12136,0.12226,707.0
1605765600000,0.12232,0.12264,0.12044,0.12073,2406.6
1605769200000,0.12095,0.12167,0.12064,0.12091,2138.4
1605772800000,0.12083,0.12139,0.11997,0.12122,1737.7
1605776400000,0.12077,0.12125,0.11665,0.11665,11348.2
1605780000000,0.11775,0.11911,0.117,0.11911,3157.3
1605783600000,0.11835,0.11997,0.11821,0.11997,1311.3
1605787200000,0.12,0.12832,0.12,0.12673,42686.1
1605790800000,0.1268,0.12909,0.12665,0.12794,9322.1
1605794400000,0.12794,0.12831,0.12632,0.12755,1907.8
1605798000000,0.12701,0.13549,0.12522,0.13549,17121.4
1605801600000,0.13512,0.13825,0.134,0.136,8457.9
1605805200000,0.13516,0.1358,0.134,0.13558,5755.3
1605808800000,0.13622,0.13697,0.13362,0.13478,4631.6
1605812400000,0.13453,0.13475,0.13067,0.13159,4675.9
1605816000000,0.13158,0.13426,0.1315,0.13292,4031.7
1605819600000,0.13292,0.13292,0.12959,0.13106,1550.1
1605823200000,0.13134,0.1333,0.13106,0.13226,2087.7
1605826800000,0.13265,0.1336,0.13027,0.13311,3345.4
1605830400000,0.1332,0.1361,0.13191,0.13289,6135.3
1605834000000,0.13293,0.13448,0.13262,0.13346,2147.1
1605837600000,0.13308,0.13309,0.13025,0.13159,3527.7
1605841200000,0.13171,0.13571,0.13133,0.13571,2743.7
1605844800000,0.1358,0.14208,0.13567,0.14025,13044.4
1605848400000,0.14123,0.14123,0.13841,0.14052,1420.8
1605852000000,0.14003,0.14058,0.13829,0.13973,2987.9
1605855600000,0.13981,0.13981,0.13642,0.13856,5148.4
1605859200000,0.13857,0.14162,0.13812,0.14162,6136.1
1605862800000,0.1414,0.14161,0.13702,0.13782,2601.1
1605866400000,0.13759,0.13948,0.13639,0.13639,10622.9
1605870000000,0.13633,0.13641,0.13401,0.13411,4188.9
1605873600000,0.13496,0.1381,0.13345,0.1381,6937.4
1605877200000,0.13744,0.1406,0.13642,0.13981,4929.8
1605880800000,0.13939,0.14021,0.13419,0.13596,6828.1
1605884400000,0.13601,0.13601,0.13105,0.13159,6681.5
1605888000000,0.13165,0.13341,0.13121,0.13276,4155.9
1605891600000,0.13276,0.13583,0.13255,0.13583,2189.2
1605895200000,0.1355,0.13714,0.13451,0.13526,3490.0
1605898800000,0.13503,0.13648,0.13415,0.13606,514.7
1605902400000,0.13548,0.13589,0.13389,0.13428,3792.7
1605906000000,0.13428,0.1352,0.13313,0.13504,2897.4
1605909600000,0.13463,0.13463,0.13245,0.13352,4649.1
1605913200000,0.13304,0.13348,0.13213,0.13348,841.3
1605916800000,0.13357,0.1358,0.1333,0.1333,4417.0
1605920400000,0.13336,0.13428,0.12763,0.12932,4244.1
1605924000000,0.12936,0.13012,0.12647,0.12766,2919.6
1605927600000,0.12716,0.13045,0.12703,0.12949,3033.6
1605931200000,0.12961,0.13055,0.12609,0.12961,11951.9
1605934800000,0.12967,0.13055,0.12746,0.12757,5744.1
1605938400000,0.12809,0.12997,0.12769,0.12947,5326.4
1605942000000,0.12968,0.13031,0.12742,0.12832,2294.6
1605945600000,0.1285,0.13194,0.12846,0.13058,9115.1
1605949200000,0.1304,0.1304,0.12688,0.1269,4003.1
1605952800000,0.12695,0.128,0.12628,0.12683,4439.1
1605956400000,0.12661,0.12825,0.1266,0.1279,1041.5
1605960000000,0.1281,0.12972,0.12715,0.1294,929.3
1605963600000,0.12979,0.12999,0.12702,0.12706,2369.5
1605967200000,0.12745,0.12775,0.12624,0.12687,2287.2
1605970800000,0.12715,0.13083,0.12609,0.12748,10394.7
1605974400000,0.12733,0.12831,0.12474,0.12558,23068.9
1605978000000,0.12569,0.12569,0.12323,0.12439,4471.8
1605981600000,0.12448,0.1254,0.12346,0.12429,1178.9
1605985200000,0.12435,0.1261,0.12408,0.12565,3343.0
1605988800000,0.12571,0.12571,0.1243,0.12519,1471.1
1605992400000,0.1249,0.12574,0.12466,0.12509,856.7
1605996000000,0.12481,0.1249,0.12303,0.12405,5575.6
1605999600000,0.12402,0.12601,0.12323,0.12584,2454.8
1606003200000,0.12623,0.12766,0.12372,0.12396,3067.7
1606006800000,0.12385,0.12493,0.12209,0.12364,5820.7
1606010400000,0.12372,0.12448,0.12315,0.12425,1256.3
1606014000000,0.12411,0.12425,0.12298,0.12348,942.1
1606017600000,0.12385,0.12405,0.12273,0.12273,1523.4
1606021200000,0.12268,0.12355,0.12233,0.12267,878.9
1606024800000,0.12304,0.12304,0.12098,0.12263,3908.7
1606028400000,0.12263,0.12263,0.11955,0.12088,5481.2
1606032000000,0.12123,0.12123,0.11932,0.11955,8557.9
1606035600000,0.11938,0.12131,0.11892,0.12048,3399.3
1606039200000,0.12083,0.12094,0.11997,0.12068,2602.4
1606042800000,0.12102,0.12266,0.11775,0.11942,2574.1
1606046400000,0.12,0.12322,0.1197,0.12322,1375.3
1606050000000,0.12289,0.12378,0.12213,0.12333,1695.5
1606053600000,0.12266,0.12429,0.12166,0.12199,1919.9
1606057200000,0.12201,0.1223,0.12127,0.12185,1199.4
1606060800000,0.12138,0.12369,0.12105,0.12269,1776.7
1606064400000,0.12376,0.12397,0.1226,0.12327,1800.7
1606068000000,0.12395,0.12425,0.12279,0.12301,1120.4
1606071600000,0.12384,0.12429,0.12305,0.1237,1211.1
1606075200000,0.12333,0.12333,0.12199,0.12239,2114.9
1606078800000,0.12217,0.12405,0.12187,0.12405,5174.7
1606082400000,0.12395,0.12946,0.12391,0.12573,25806.4
1606086000000,0.12559,0.12626,0.12199,0.12266,4522.4
1606089600000,0.12322,0.12389,0.12138,0.12171,804.4
1606093200000,0.12138,0.12244,0.12,0.12149,5904.5
1606096800000,0.12186,0.122,0.12132,0.122,291.6
1606100400000,0.12188,0.12504,0.12188,0.124,3420.0
1606104000000,0.12385,0.12548,0.12375,0.12383,3525.8
1606107600000,0.12434,0.12581,0.12428,0.12514,1925.5
1606111200000,0.12511,0.12572,0.12416,0.12572,2071.4
1606114800000,0.12511,0.12525,0.1234,0.12445,2109.5
1606118400000,0.12419,0.12533,0.12383,0.12445,2477.8
1606122000000,0.12511,0.12707,0.1248,0.1248,2826.1
1606125600000,0.12515,0.12799,0.12476,0.12765,9477.5
1606129200000,0.128,0.12944,0.12666,0.127,19605.4
1606132800000,0.12766,0.12771,0.126,0.12771,2207.9
1606136400000,0.12702,0.12835,0.12466,0.12702,3418.8
1606140000000,0.12702,0.12935,0.12666,0.12847,4039.6
1606143600000,0.12844,0.12844,0.12574,0.12646,4503.6
1606147200000,0.12733,0.12832,0.12495,0.12651,11476.9
1606150800000,0.12653,0.12709,0.1252,0.1256,4296.3
1606154400000,0.12566,0.12588,0.1247,0.12509,2875.3
1606158000000,0.125,0.12638,0.12489,0.12626,1871.7
1606161600000,0.12651,0.12959,0.12637,0.12886,2848.5
1606165200000,0.12918,0.13733,0.12882,0.13615,21684.1
1606168800000,0.13612,0.13855,0.13459,0.13498,12535.7
1606172400000,0.13466,0.13514,0.13205,0.13514,2247.4
1606176000000,0.13533,0.13705,0.12948,0.13509,8983.6
1606179600000,0.13533,0.13728,0.13327,0.13402,8292.7
1606183200000,0.1342,0.13546,0.12857,0.13027,5021.6
1606186800000,0.13037,0.13072,0.12626,0.12863,10936.3
1606190400000,0.12766,0.12896,0.12466,0.12582,5087.6
1606194000000,0.12575,0.12752,0.12265,0.12498,15078.6
1606197600000,0.12498,0.12856,0.12385,0.12638,4333.9
1606201200000,0.12651,0.13018,0.12575,0.13018,4025.3
1606204800000,0.13027,0.13363,0.12516,0.12587,19704.4
1606208400000,0.12557,0.12684,0.12138,0.12392,18201.2
1606212000000,0.12364,0.12607,0.12222,0.12341,8367.4
1606215600000,0.12333,0.12558,0.12265,0.12478,3192.6
1606219200000,0.12466,0.12579,0.121,0.12113,2116.3
1606222800000,0.12127,0.12448,0.12127,0.12448,2813.4
1606226400000,0.12448,0.12551,0.12284,0.12284,863.6
1606230000000,0.12313,0.12511,0.12288,0.12511,13909.8
1606233600000,0.12497,0.12498,0.12261,0.12383,6430.9
1606237200000,0.12448,0.1255,0.12188,0.12265,3402.6
1606240800000,0.12207,0.12498,0.12207,0.12498,5103.5
1606244400000,0.12504,0.12661,0.12473,0.12574,5470.8
1606248000000,0.12511,0.12574,0.12446,0.1246,1677.4
1606251600000,0.12476,0.12511,0.12132,0.12132,6308.2
1606255200000,0.12146,0.1219,0.11879,0.11956,9402.2
1606258800000,0.12,0.12158,0.11955,0.11988,3846.0
1606262400000,0.12013,0.12069,0.11583,0.11632,13867.6
1606266000000,0.11632,0.11817,0.1142,0.11746,10579.8
1606269600000,0.1176,0.11866,0.11733,0.1175,2100.5
1606273200000,0.11737,0.11866,0.11632,0.11733,3999.2
1606276800000,0.11688,0.11835,0.11648,0.11761,694.1
1606280400000,0.11835,0.11974,0.1181,0.11974,1279.7
1606284000000,0.11895,0.11976,0.118,0.118,1178.4
1606287600000,0.11791,0.11895,0.11787,0.11815,2597.0
1606291200000,0.11839,0.12014,0.1175,0.11951,3333.2
1606294800000,0.12016,0.12016,0.11809,0.11956,1535.0
1606298400000,0.11956,0.12066,0.11922,0.12012,730.1
1606302000000,0.11969,0.12001,0.11819,0.1191,2076.6
1606305600000,0.11954,0.12138,0.11895,0.12138,10152.0
1606309200000,0.12138,0.12631,0.12057,0.12284,9308.3
1606312800000,0.12307,0.12497,0.12211,0.12497,763.6
1606316400000,0.12434,0.1246,0.12237,0.12262,5431.1
1606320000000,0.12211,0.12211,0.11988,0.12016,1490.0
1606323600000,0.12,0.12115,0.11955,0.12081,850.9
1606327200000,0.12097,0.12142,0.12034,0.12085,1884.0
1606330800000,0.12133,0.12181,0.12066,0.1216,637.2
1606334400000,0.12185,0.12208,0.11996,0.12085,3066.6
1606338000000,0.12085,0.12104,0.11866,0.12029,7166.6
1606341600000,0.11961,0.12,0.11688,0.11727,3115.1
1606345200000,0.11746,0.11811,0.11542,0.11729,1610.1
1606348800000,0.11716,0.11895,0.11657,0.11758,1523.0
1606352400000,0.11739,0.11783,0.11694,0.11774,302.6
1606356000000,0.11694,0.11694,0.1148,0.11543,2378.7
1606359600000,0.11547,0.11606,0.10948,0.11266,16449.0
1606363200000,0.11252,0.11428,0.11121,0.11121,1377.7
1606366800000,0.11103,0.11301,0.11066,0.11252,6934.3
1606370400000,0.11245,0.11428,0.11182,0.11428,1526.8
1606374000000,0.11466,0.11466,0.112,0.112,2139.2
1606377600000,0.11205,0.11551,0.11108,0.11466,3026.0
1606381200000,0.11505,0.11666,0.11318,0.11553,3560.6
1606384800000,0.11598,0.11835,0.11527,0.11835,931.7
1606388400000,0.11853,0.11964,0.11775,0.11895,2282.5
1606392000000,0.11933,0.12297,0.11932,0.12261,8378.6
1606395600000,0.12266,0.12274,0.12,0.1204,944.1
1606399200000,0.12066,0.12077,0.11735,0.11746,1521.7
1606402800000,0.1178,0.11866,0.11725,0.11746,854.6
1606406400000,0.11728,0.11728,0.11466,0.11522,3339.4
1606410000000,0.11518,0.11717,0.11432,0.11678,4954.2
1606413600000,0.11657,0.11755,0.11616,0.11675,863.8
1606417200000,0.11692,0.11982,0.11692,0.11835,3991.2
1606420800000,0.11895,0.11956,0.11835,0.1192,818.0
1606424400000,0.11928,0.12077,0.11835,0.11835,686.2
1606428000000,0.11895,0.12065,0.11875,0.11955,683.6
1606431600000,0.11894,0.1218,0.11851,0.12083,2933.1
1606435200000,0.12179,0.12401,0.12111,0.12172,3447.3
1606438800000,0.12185,0.12323,0.12074,0.12246,985.9
1606442400000,0.12294,0.12354,0.1189,0.11945,1725.9
1606446000000,0.11978,0.12096,0.11931,0.11955,1446.6
1606449600000,0.12016,0.12204,0.12016,0.12081,1601.4
1606453200000,0.12123,0.123,0.12098,0.12142,1958.4
1606456800000,0.12127,0.1219,0.1208,0.12137,2562.6
1606460400000,0.12098,0.12098,0.11959,0.1203,1735.4
1606464000000,0.11973,0.12029,0.11805,0.11875,2132.1
1606467600000,0.11933,0.11997,0.11851,0.11874,2049.8
1606471200000,0.11876,0.11956,0.11866,0.11892,317.2
1606474800000,0.11866,0.11896,0.11775,0.11896,845.8
1606478400000,0.11897,0.11927,0.11835,0.11835,670.8
1606482000000,0.11832,0.11919,0.11784,0.11909,1218.9
1606485600000,0.11887,0.11944,0.11784,0.11895,1477.5
1606489200000,0.1184,0.1184,0.11598,0.11643,1909.7
1606492800000,0.11631,0.11752,0.11614,0.11673,1590.5
1606496400000,0.11728,0.11775,0.11702,0.11775,674.2
1606500000000,0.11783,0.11786,0.11517,0.11592,6318.7
1606503600000,0.11617,0.11933,0.11617,0.11663,11421.6
1606507200000,0.11685,0.11847,0.11679,0.11847,1154.7
1606510800000,0.11784,0.11802,0.11721,0.11725,228.2
1606514400000,0.11716,0.11752,0.11606,0.11606,1140.3
1606518000000,0.11634,0.11733,0.11634,0.11637,1816.1
1606521600000,0.11633,0.11634,0.1156,0.11616,874.2
1606525200000,0.11657,0.12111,0.11657,0.11872,14789.9
1606528800000,0.11871,0.11896,0.11798,0.11798,745.4
1606532400000,0.11866,0.11908,0.11812,0.11812,26.2
1606536000000,0.11802,0.11816,0.11776,0.11776,36.9
1606539600000,0.11776,0.11818,0.11752,0.11818,53.2
1606543200000,0.1182,0.11821,0.11702,0.11702,148.4
1606546800000,0.11775,0.11796,0.11657,0.11657,48.3
1606550400000,0.11657,0.11694,0.11621,0.11689,1783.9
1606554000000,0.11704,0.11743,0.11691,0.11705,400.8
1606557600000,0.11705,0.11743,0.11597,0.11672,1214.5
1606561200000,0.117,0.11777,0.1158,0.11672,3531.6
1606564800000,0.11653,0.11691,0.11648,0.11648,626.9
1606568400000,0.11657,0.11882,0.11616,0.11711,4133.7
1606572000000,0.11697,0.11697,0.11459,0.11616,6421.3
1606575600000,0.11637,0.11776,0.11637,0.11743,3538.2
1606579200000,0.11775,0.11956,0.11757,0.11827,4604.6
1606582800000,0.1182,0.1182,0.11716,0.11724,1978.4
1606586400000,0.11716,0.11774,0.11696,0.11748,890.8
1606590000000,0.11775,0.118,0.11701,0.11784,343.0
1606593600000,0.118,0.11811,0.11701,0.11747,1764.8
1606597200000,0.11775,0.1182,0.11757,0.1182,368.3
1606600800000,0.11835,0.12064,0.11835,0.12008,4577.4
1606604400000,0.11952,0.11979,0.11866,0.11866,2826.9
1606608000000,0.1186,0.1186,0.1163,0.11697,7544.3
1606611600000,0.11687,0.11725,0.11616,0.11616,31.7
1606615200000,0.11683,0.11721,0.11683,0.11685,213.6
1606618800000,0.11658,0.11681,0.1158,0.11589,1113.6
1606622400000,0.11616,0.11918,0.11616,0.11754,6612.2
1606626000000,0.11754,0.1177,0.11707,0.11709,230.2
1606629600000,0.11709,0.11754,0.11688,0.11688,707.2
1606633200000,0.11679,0.11701,0.11616,0.11688,934.9
1606636800000,0.11651,0.118,0.11651,0.11728,790.2
1606640400000,0.1174,0.11762,0.11656,0.11685,670.7
1606644000000,0.11657,0.11675,0.11634,0.11675,386.6
1606647600000,0.11657,0.11714,0.11588,0.11618,1717.5
1606651200000,0.11636,0.11655,0.11578,0.11649,469.0
1606654800000,0.11656,0.11657,0.1154,0.11594,547.7
1606658400000,0.11561,0.11735,0.11559,0.11611,4604.7
1606662000000,0.1161,0.1161,0.11543,0.11573,3465.9
1606665600000,0.1154,0.11563,0.1152,0.11552,136.5
1606669200000,0.11588,0.11672,0.11588,0.11598,527.0
1606672800000,0.11615,0.11616,0.11566,0.11566,89.9
1606676400000,0.11565,0.11598,0.11515,0.11537,1007.1
1606680000000,0.11521,0.11615,0.11507,0.11546,208.1
1606683600000,0.11597,0.11794,0.11594,0.11716,2544.2
1606687200000,0.11729,0.11729,0.11582,0.11697,945.7
1606690800000,0.11668,0.11855,0.11668,0.11832,1802.9
1606694400000,0.11835,0.11987,0.11733,0.11827,8168.8
1606698000000,0.11775,0.11842,0.11647,0.11716,2113.9
1606701600000,0.11775,0.11785,0.11674,0.11772,2107.4
1606705200000,0.11744,0.12032,0.11657,0.12032,5544.0
1606708800000,0.11976,0.12261,0.11955,0.12125,7208.9
1606712400000,0.12113,0.12137,0.12031,0.12052,2962.1
1606716000000,nan,nan,nan,nan,nan
1606719600000,0.12031,0.12082,0.11923,0.12018,2714.8
1606723200000,0.12,0.12,0.11853,0.11865,294.5
1606726800000,0.11862,0.12001,0.11856,0.12001,848.2
1606730400000,0.11992,0.11992,0.11927,0.11927,598.3
1606734000000,0.12,0.12226,0.11991,0.12218,1173.0
1606737600000,0.12213,0.12401,0.12199,0.12331,7041.6
1606741200000,0.12266,0.12266,0.12133,0.12221,3494.7
1606744800000,0.12226,0.1227,0.11975,0.12066,1120.5
1606748400000,0.12077,0.1215,0.11955,0.11971,1289.4
1606752000000,0.12015,0.12138,0.11895,0.11924,1130.4
1606755600000,0.11955,0.12016,0.11898,0.12006,522.8
1606759200000,0.12034,0.12034,0.1189,0.1189,258.6
1606762800000,0.1189,0.12004,0.11879,0.11999,315.3
1606766400000,0.11933,0.12066,0.11928,0.11955,338.4
1606770000000,0.1194,0.11988,0.11887,0.11917,1046.3
1606773600000,0.11953,0.12124,0.11895,0.1205,1468.5
1606777200000,0.12044,0.12112,0.11963,0.11963,1425.4
1606780800000,0.11981,0.11981,0.11866,0.11866,707.7
1606784400000,0.11863,0.11933,0.11769,0.11821,1134.4
1606788000000,0.11835,0.11967,0.11766,0.11921,1243.8
1606791600000,0.11954,0.11956,0.11835,0.11838,161.4
1606795200000,0.1187,0.11895,0.11751,0.11822,2416.1
1606798800000,0.118,0.119,0.11787,0.11823,368.5
1606802400000,0.11858,0.12385,0.1182,0.12385,2474.5
1606806000000,0.12266,0.12546,0.12258,0.12379,2988.5
1606809600000,0.12408,0.12454,0.12293,0.12323,3398.0
1606813200000,0.12385,0.1242,0.12333,0.12406,963.3
1606816800000,0.12414,0.12414,0.12251,0.12251,1611.1
1606820400000,0.1229,0.12349,0.11767,0.11933,4015.3
1606824000000,0.11954,0.1197,0.11551,0.11835,1975.6
1606827600000,0.1184,0.11956,0.11836,0.11873,1426.1
1606831200000,0.11941,0.12049,0.11871,0.12032,2025.6
1606834800000,0.12053,0.12159,0.12018,0.1207,1676.0
1606838400000,0.12105,0.12138,0.11941,0.11975,3087.3
1606842000000,0.11964,0.12034,0.11928,0.12034,358.9
1606845600000,0.12006,0.12006,0.11955,0.11997,103.9
1606849200000,0.11997,0.12034,0.11918,0.11918,354.6
1606852800000,0.11973,0.12016,0.11913,0.11929,53.3
1606856400000,0.11947,0.11975,0.11917,0.11924,348.1
1606860000000,0.11939,0.11983,0.11853,0.11853,331.4
1606863600000,0.11853,0.11853,0.11748,0.11748,2109.0
1606867200000,0.11748,0.12003,0.11748,0.11985,843.3
1606870800000,0.11933,0.12323,0.11915,0.12261,1895.6
1606874400000,0.12292,0.12333,0.12091,0.12188,5336.4
1606878000000,0.12199,0.122,0.12094,0.12177,267.2
1606881600000,0.12177,0.12177,0.12001,0.1213,1040.6
1606885200000,0.12113,0.12173,0.12063,0.12077,1073.5
1606888800000,0.12118,0.12291,0.12111,0.12236,267.7
1606892400000,0.12277,0.12291,0.12139,0.12291,3403.0
1606896000000,0.12239,0.12342,0.12199,0.12281,2599.5
1606899600000,0.122,0.12236,0.12032,0.12111,568.5
1606903200000,0.12171,0.12177,0.12078,0.12177,216.8
1606906800000,0.12146,0.12431,0.12146,0.12415,1650.2
1606910400000,0.12369,0.12369,0.12231,0.12279,1197.4
1606914000000,0.12287,0.12462,0.12287,0.12462,13564.5
1606917600000,0.12462,0.12653,0.12333,0.12653,1441.1
1606921200000,0.12642,0.13088,0.12502,0.13027,14258.5
1606924800000,0.13031,0.13134,0.1272,0.12896,6247.9
1606928400000,0.12896,0.13226,0.12837,0.13202,3330.9
1606932000000,0.13145,0.134,0.13145,0.1317,5625.6
1606935600000,0.13224,0.1335,0.13145,0.13306,4361.3
1606939200000,0.13351,0.13529,0.13259,0.13297,5088.1
1606942800000,0.13333,0.13717,0.13333,0.13637,8706.2
1606946400000,0.13633,0.13699,0.13508,0.1355,1671.4
1606950000000,0.13547,0.13547,0.1296,0.13052,2260.0
1606953600000,0.13064,0.132,0.13027,0.13168,3833.1
1606957200000,0.13163,0.13163,0.12917,0.13037,1135.6
1606960800000,0.13066,0.13226,0.13026,0.13133,832.7
1606964400000,0.13178,0.13276,0.1315,0.13151,4362.0
1606968000000,0.13169,0.13201,0.13027,0.13106,1536.4
1606971600000,0.13037,0.1311,0.1277,0.12777,4828.9
1606975200000,0.12803,0.1285,0.12718,0.12767,1351.7
1606978800000,0.12733,0.12895,0.12688,0.12895,4265.5
1606982400000,0.12835,0.12992,0.12762,0.12785,773.9
1606986000000,0.1275,0.12757,0.12638,0.1266,2440.0
1606989600000,0.12675,0.12803,0.12635,0.12703,967.0
1606993200000,0.12702,0.12746,0.12638,0.12715,1103.9
1606996800000,0.12678,0.12714,0.12632,0.12663,1769.3
1607000400000,0.12695,0.12887,0.12695,0.12821,1680.0
1607004000000,0.1279,0.12917,0.1279,0.1289,2878.4
1607007600000,0.12886,0.12933,0.12803,0.12831,1567.2
1607011200000,0.12896,0.13024,0.12766,0.13024,2301.4
1607014800000,0.12964,0.12964,0.12866,0.12922,835.1
1607018400000,0.12953,0.13041,0.12918,0.12943,658.0
1607022000000,0.12941,0.12941,0.1283,0.12839,922.9
1607025600000,0.12842,0.12842,0.1275,0.12777,323.0
1607029200000,0.1278,0.12788,0.12666,0.12788,774.5
1607032800000,0.12788,0.12788,0.12696,0.12763,2777.3
1607036400000,0.12752,0.12752,0.12643,0.12643,5796.4
1607040000000,0.12653,0.12729,0.12599,0.12647,6704.4
1607043600000,0.12688,0.12689,0.1248,0.12591,15505.3
1607047200000,0.12539,0.12597,0.12478,0.12507,2738.3
1607050800000,0.12532,0.12537,0.1242,0.1246,519.8
1607054400000,0.12462,0.12587,0.12462,0.12573,352.1
1607058000000,0.1256,0.12584,0.12482,0.12482,241.7
1607061600000,0.12557,0.12707,0.12557,0.12665,557.7
1607065200000,0.127,0.12701,0.12525,0.12525,778.0
1607068800000,0.12518,0.12681,0.12497,0.12588,1265.0
1607072400000,0.12582,0.12642,0.12571,0.12576,324.8
1607076000000,0.1253,0.12541,0.1236,0.12422,1781.1
1607079600000,0.12461,0.12575,0.12405,0.12539,2892.8
1607083200000,0.12464,0.12518,0.12428,0.1247,216.3
1607086800000,0.12524,0.12524,0.12405,0.1245,233.5
1607090400000,0.12482,0.12533,0.12456,0.12524,1102.7
1607094000000,0.12524,0.12534,0.12462,0.12462,1215.2
1607097600000,0.12456,0.12467,0.12323,0.12391,710.6
1607101200000,0.12372,0.12428,0.12363,0.12428,197.1
1607104800000,0.1242,0.12462,0.12407,0.12462,122.4
1607108400000,0.12418,0.12449,0.12385,0.12449,865.1
1607112000000,0.12436,0.12461,0.1238,0.12432,216.0
1607115600000,0.12462,0.12462,0.12256,0.12323,325.8
1607119200000,0.12269,0.12287,0.12099,0.12146,4647.2
1607122800000,0.12155,0.12155,0.12037,0.12106,4414.0
1607126400000,0.12137,0.12222,0.12121,0.12207,74.9
1607130000000,0.12182,0.12182,0.11949,0.11993,2206.2
1607133600000,0.12006,0.12079,0.11999,0.12077,276.5
1607137200000,0.12024,0.1212,0.1202,0.12055,387.0
1607140800000,0.1207,0.12115,0.12034,0.12097,175.7
1607144400000,0.12065,0.1222,0.12065,0.1222,175.4
1607148000000,0.12234,0.12385,0.12222,0.12303,2705.8
1607151600000,0.12303,0.1244,0.12303,0.12417,910.9
1607155200000,0.12357,0.12462,0.12312,0.12312,364.8
1607158800000,0.1235,0.12357,0.12177,0.12357,370.8
1607162400000,0.12327,0.12327,0.12261,0.12288,179.1
1607166000000,0.12288,0.12342,0.12234,0.12294,102.0
1607169600000,0.12316,0.12357,0.12315,0.12338,59.3
1607173200000,0.12338,0.12338,0.12198,0.12235,439.1
1607176800000,0.12218,0.12327,0.12209,0.12327,2854.8
1607180400000,0.12333,0.12384,0.12234,0.12234,1984.8
1607184000000,0.12243,0.12254,0.12101,0.12177,2916.2
1607187600000,0.12177,0.12286,0.12162,0.12269,1415.5
1607191200000,0.12254,0.12256,0.12176,0.12256,149.1
1607194800000,0.12223,0.12232,0.12208,0.12211,1175.0
1607198400000,0.12199,0.12221,0.12115,0.12138,298.6
1607202000000,0.12184,0.12291,0.12184,0.122,351.0
1607205600000,0.122,0.12303,0.12199,0.12257,164.9
1607209200000,0.12294,0.12451,0.12294,0.12412,1868.5
1607212800000,0.12401,0.12619,0.12375,0.12538,1139.5
1607216400000,0.12534,0.12575,0.12473,0.12511,1079.5
1607220000000,0.12516,0.12598,0.12465,0.12529,997.1
1607223600000,0.12528,0.12529,0.12482,0.12508,358.8
1607227200000,0.1255,0.12575,0.12378,0.12423,1775.7
1607230800000,0.12437,0.12482,0.12308,0.12449,2391.4
1607234400000,0.12428,0.1244,0.12385,0.12385,655.1
1607238000000,0.12395,0.12408,0.12287,0.12407,1150.1
1607241600000,0.12407,0.1243,0.12177,0.12177,2964.8
1607245200000,0.12162,0.12234,0.12029,0.12117,2567.9
1607248800000,0.12078,0.1212,0.12034,0.12055,806.7
1607252400000,0.12073,0.12177,0.12072,0.12161,4473.7
1607256000000,0.1212,0.12135,0.1207,0.1208,199.9
1607259600000,0.12085,0.12177,0.12054,0.12138,3871.0
1607263200000,0.1213,0.1216,0.12099,0.12151,1724.3
1607266800000,0.12177,0.12188,0.12147,0.12188,20.3
1607270400000,0.12179,0.12254,0.12175,0.12191,526.4
1607274000000,0.12175,0.12249,0.12175,0.12175,859.2
1607277600000,0.12212,0.1238,0.12212,0.123,2490.0
1607281200000,0.12322,0.12385,0.12261,0.12385,2004.7
1607284800000,0.12385,0.12403,0.1228,0.12283,1346.7
1607288400000,0.12273,0.12348,0.1225,0.12342,1989.7
1607292000000,0.12311,0.1232,0.12265,0.12279,202.4
1607295600000,0.12283,0.12376,0.12283,0.12354,1513.2
1607299200000,0.12384,0.12408,0.12302,0.1232,3943.2
1607302800000,0.12315,0.12315,0.12213,0.12234,175.2
1607306400000,0.12234,0.12234,0.12177,0.12188,830.4
1607310000000,0.12188,0.12257,0.12185,0.12251,442.5
1607313600000,0.12255,0.12324,0.12254,0.12324,918.2
1607317200000,0.12304,0.12312,0.12304,0.12304,1251.4
1607320800000,0.12303,0.12405,0.12303,0.12397,1557.4
1607324400000,0.12381,0.12395,0.12348,0.12391,1003.5
1607328000000,0.12375,0.12375,0.12285,0.12311,1050.6
1607331600000,0.12291,0.12296,0.12265,0.12265,431.4
1607335200000,0.12261,0.12291,0.12232,0.12251,550.5
1607338800000,0.12236,0.12411,0.12236,0.12409,557.6
1607342400000,0.12411,0.12796,0.12408,0.12592,19363.1
1607346000000,0.12618,0.12756,0.12589,0.12623,16708.3
1607349600000,0.12624,0.12725,0.12553,0.12715,8175.9
1607353200000,0.12695,0.12837,0.12666,0.12746,908.6
1607356800000,0.12787,0.12974,0.12787,0.12974,1775.5
1607360400000,0.12974,0.13155,0.12974,0.12999,3377.7
1607364000000,0.13012,0.13037,0.12707,0.12802,1825.4
1607367600000,0.12803,0.1284,0.12729,0.1277,581.0
1607371200000,0.12714,0.12806,0.12689,0.12806,690.5
1607374800000,0.12746,0.12848,0.12714,0.12788,845.4
1607378400000,0.12802,0.12999,0.12796,0.12851,2876.5
1607382000000,0.12867,0.12877,0.12766,0.128,2582.2
1607385600000,0.12831,0.12855,0.12657,0.12677,1376.6
1607389200000,0.1268,0.1268,0.12613,0.12613,478.1
1607392800000,0.12689,0.12694,0.12632,0.12632,82.4
1607396400000,0.12616,0.12616,0.12484,0.12592,3013.9
1607400000000,0.12573,0.12613,0.12518,0.12586,942.2
1607403600000,0.12632,0.12651,0.12609,0.12651,723.1
1607407200000,0.12665,0.12665,0.12547,0.12575,504.2
1607410800000,0.12632,0.12635,0.12532,0.12582,172.4
1607414400000,0.12518,0.12518,0.12397,0.12448,597.7
1607418000000,0.1251,0.12518,0.12234,0.12291,3801.3
1607421600000,0.12354,0.12444,0.12323,0.12385,3471.9
1607425200000,0.12368,0.12463,0.12357,0.12405,2064.9
1607428800000,0.12385,0.12474,0.12323,0.12461,14663.9
1607432400000,0.12393,0.1249,0.1231,0.12404,4015.7
1607436000000,0.12358,0.12421,0.1225,0.12285,14142.3
1607439600000,0.12253,0.12444,0.12228,0.12444,1818.1
1607443200000,0.12357,0.12541,0.12348,0.12489,1163.5
1607446800000,0.12428,0.12518,0.12405,0.12518,491.9
1607450400000,0.12503,0.12503,0.12261,0.12261,306.5
1607454000000,0.12268,0.12355,0.12234,0.1229,622.0
1607457600000,0.12277,0.12323,0.12171,0.12261,762.9
1607461200000,0.12233,0.12233,0.12034,0.12177,5765.2
1607464800000,0.1212,0.1212,0.12024,0.12024,1554.7
1607468400000,0.1202,0.12111,0.11875,0.11909,3076.3
1607472000000,0.11943,0.11943,0.11699,0.11747,5240.1
1607475600000,0.11725,0.11879,0.1163,0.11845,683.9
1607479200000,0.11845,0.11928,0.11835,0.11895,672.7
1607482800000,0.11928,0.11928,0.11807,0.11807,779.7
1607486400000,0.11807,0.11819,0.11773,0.11777,610.5
1607490000000,0.11759,0.11785,0.11699,0.11785,1054.1
1607493600000,0.11755,0.11857,0.11754,0.11857,253.0
1607497200000,0.11785,0.11785,0.11642,0.11664,826.7
1607500800000,0.11708,0.11785,0.11565,0.11676,766.9
1607504400000,0.11612,0.11721,0.11607,0.11716,619.4
1607508000000,0.11721,0.11773,0.11657,0.11773,1265.9
1607511600000,0.11768,0.12013,0.11729,0.11896,641.1
1607515200000,0.11961,0.11985,0.11895,0.11928,277.2
1607518800000,0.11999,0.12034,0.11928,0.12002,659.4
1607522400000,0.11998,0.12043,0.11913,0.11955,560.5
1607526000000,0.11954,0.12044,0.11954,0.1201,3548.6
1607529600000,0.11956,0.11999,0.11879,0.11999,569.5
1607533200000,0.12006,0.12016,0.11907,0.11983,77.2
1607536800000,0.11983,0.11983,0.11887,0.11887,94.8
1607540400000,0.11891,0.11891,0.1186,0.11864,36.7
1607544000000,0.11897,0.11956,0.11857,0.11915,209.1
1607547600000,0.11895,0.1198,0.1184,0.1184,325.6
1607551200000,0.11889,0.11956,0.11882,0.11892,295.8
1607554800000,0.11892,0.11949,0.11878,0.11928,2616.5
1607558400000,0.11917,0.11956,0.11814,0.11814,491.6
1607562000000,0.11814,0.11824,0.11726,0.11761,1563.9
1607565600000,0.11808,0.11844,0.118,0.11844,691.4
1607569200000,0.11819,0.11852,0.11819,0.11852,85.2
1607572800000,0.11846,0.11854,0.11823,0.11823,820.0
1607576400000,0.11796,0.11821,0.1164,0.11646,2528.1
1607580000000,0.11668,0.11679,0.11636,0.11636,126.4
1607583600000,0.11659,0.11671,0.116,0.11659,1792.9
1607587200000,0.11677,0.11747,0.11677,0.11747,153.5
1607590800000,0.11741,0.1175,0.11587,0.11587,1149.9
1607594400000,0.11587,0.11716,0.11587,0.11642,1080.5
1607598000000,0.117,0.11751,0.1169,0.11721,95.9
1607601600000,0.11751,0.11801,0.11727,0.11727,3213.6
1607605200000,0.11721,0.11794,0.11664,0.11794,1004.2
1607608800000,0.11761,0.11761,0.1169,0.11729,102.3
1607612400000,0.11751,0.11756,0.11622,0.11693,375.9
1607616000000,0.11629,0.11685,0.1162,0.11646,116.2
1607619600000,0.1166,0.1166,0.1166,0.1166,22.0
1607623200000,0.11658,0.11671,0.11654,0.11654,93.1
1607626800000,0.11654,0.11732,0.11632,0.11721,502.9
1607630400000,0.11714,0.11769,0.1169,0.11711,5554.5
1607634000000,0.1169,0.11714,0.11663,0.11714,84.4
1607637600000,0.11695,0.11728,0.11695,0.11701,577.2
1607641200000,0.11709,0.11726,0.11704,0.11704,229.5
1607644800000,0.11664,0.11677,0.11482,0.11482,1698.3
1607648400000,0.11472,0.11519,0.11116,0.11195,4319.7
1607652000000,0.11156,0.11185,0.1106,0.1106,5553.4
1607655600000,0.11059,0.11095,0.10981,0.11094,4568.5
1607659200000,0.1111,0.11112,0.11049,0.1109,1491.3
1607662800000,0.11108,0.11124,0.10852,0.10886,8175.4
1607666400000,0.10922,0.11002,0.10867,0.10972,904.2
1607670000000,0.10983,0.10983,0.10829,0.10907,1537.5
1607673600000,0.10916,0.10976,0.10867,0.10867,492.1
1607677200000,0.10902,0.10903,0.10806,0.10903,124.4
1607680800000,0.10896,0.10981,0.10853,0.10966,1127.4
1607684400000,0.10928,0.10981,0.10909,0.10958,1456.2
1607688000000,0.10933,0.11003,0.10933,0.1099,825.0
1607691600000,0.11,0.11094,0.11,0.11083,150.2
1607695200000,0.11071,0.11146,0.11049,0.11049,1190.4
1607698800000,0.11037,0.11147,0.11037,0.11106,625.6
1607702400000,0.11083,0.11083,0.10908,0.10931,454.1
1607706000000,0.10911,0.10911,0.10825,0.10852,654.1
1607709600000,0.10852,0.10916,0.10851,0.10916,2013.6
1607713200000,0.1089,0.10914,0.10877,0.10877,157.2
1607716800000,0.10921,0.10924,0.10845,0.10874,101.0
1607720400000,0.10923,0.10957,0.10909,0.10945,239.3
1607724000000,0.10962,0.10994,0.10916,0.10933,1100.5
1607727600000,0.10879,0.1088,0.10817,0.10854,4472.9
1607731200000,0.10868,0.11265,0.10861,0.11241,1566.8
1607734800000,0.11265,0.11302,0.11143,0.11195,885.3
1607738400000,0.11188,0.11252,0.11152,0.11231,571.3
1607742000000,0.11219,0.11342,0.11219,0.11259,757.7
1607745600000,0.11259,0.11263,0.11243,0.11245,54.0
1607749200000,0.11308,0.11322,0.11252,0.11252,241.3
1607752800000,0.11241,0.11309,0.11241,0.11285,473.2
1607756400000,0.11251,0.11252,0.11195,0.11226,1253.6
1607760000000,0.11226,0.11237,0.11199,0.11232,479.0
1607763600000,0.11232,0.11251,0.11139,0.11141,2122.1
1607767200000,0.11147,0.11148,0.11027,0.11075,224.8
1607770800000,0.11079,0.11104,0.10982,0.11082,1676.6
1607774400000,0.11051,0.11163,0.11048,0.11119,1089.7
1607778000000,0.1112,0.1117,0.11071,0.11121,1422.7
1607781600000,0.11155,0.11188,0.11027,0.11027,3115.0
1607785200000,0.11014,0.11024,0.10947,0.10969,1317.7
1607788800000,0.10974,0.11027,0.10929,0.10995,723.8
1607792400000,0.10995,0.11004,0.10877,0.10987,435.5
1607796000000,0.10977,0.11118,0.10972,0.11102,1441.2
1607799600000,0.111,0.11188,0.11081,0.11188,116.4
1607803200000,0.11191,0.11215,0.11139,0.11185,752.2
1607806800000,0.11208,0.11265,0.11195,0.11239,1399.4
1607810400000,0.11207,0.1123,0.11198,0.11198,75.8
1607814000000,0.11171,0.11171,0.11055,0.11081,838.9
1607817600000,0.11085,0.11094,0.11019,0.11064,425.8
1607821200000,0.11049,0.11115,0.11049,0.11102,102.6
1607824800000,0.11073,0.11073,0.11011,0.11041,109.6
1607828400000,0.11032,0.11033,0.10929,0.10929,509.0
1607832000000,0.10932,0.11028,0.10929,0.10989,1113.8
1607835600000,0.11037,0.11061,0.10971,0.10986,395.7
1607839200000,0.11026,0.11324,0.11026,0.11272,2343.9
1607842800000,0.1131,0.11314,0.11237,0.1124,474.9
1607846400000,0.11277,0.11322,0.11225,0.11234,136.9
1607850000000,0.11215,0.11366,0.11198,0.11366,301.0
1607853600000,0.11324,0.11368,0.11308,0.11309,263.6
1607857200000,0.11309,0.11309,0.11217,0.11259,160.4
1607860800000,0.11272,0.1142,0.11272,0.1142,414.3
1607864400000,0.11418,0.1143,0.11358,0.11358,248.2
1607868000000,0.11339,0.11358,0.113,0.113,1494.2
1607871600000,0.11306,0.11306,0.11201,0.11215,424.8
1607875200000,0.11264,0.11526,0.11264,0.11427,2098.2
1607878800000,0.11427,0.11482,0.11359,0.11424,4888.6
1607882400000,0.11424,0.11444,0.11379,0.11392,181.8
1607886000000,0.11392,0.11477,0.11374,0.11477,1236.7
1607889600000,0.11449,0.11487,0.11423,0.11456,1113.3
1607893200000,0.11472,0.11569,0.11472,0.1154,5247.2
1607896800000,0.11525,0.11526,0.11472,0.11503,311.3
1607900400000,0.11457,0.11489,0.11437,0.11458,102.3
1607904000000,0.11458,0.11458,0.11169,0.11178,1625.2
1607907600000,0.11197,0.11286,0.11197,0.11262,898.7
1607911200000,0.11273,0.11386,0.11262,0.11386,769.4
1607914800000,0.11406,0.11433,0.11336,0.11336,2537.8
1607918400000,0.11393,0.11393,0.11286,0.11336,1139.0
1607922000000,0.11299,0.11299,0.1129,0.1129,228.2
1607925600000,0.11358,0.11449,0.11358,0.11394,1897.9
1607929200000,0.11404,0.11561,0.11404,0.1145,3661.0
1607932800000,0.11466,0.11467,0.11419,0.11419,3421.1
1607936400000,0.11435,0.1154,0.1143,0.11489,1260.1
1607940000000,0.11467,0.11498,0.11365,0.11365,520.3
1607943600000,0.11358,0.11358,0.11237,0.11303,917.9
1607947200000,0.1134,0.11372,0.113,0.113,309.9
1607950800000,0.113,0.11334,0.11262,0.11312,255.5
1607954400000,0.11306,0.11306,0.11153,0.11206,230.5
1607958000000,0.11198,0.11283,0.11083,0.11083,940.8
1607961600000,0.11075,0.11131,0.10989,0.10989,2783.2
1607965200000,0.1099,0.1099,0.10898,0.10981,2263.2
1607968800000,0.11,0.11072,0.11,0.11072,443.4
1607972400000,0.11054,0.11124,0.11054,0.11124,259.1
1607976000000,0.11038,0.1106,0.10974,0.11005,352.4
1607979600000,0.11035,0.11085,0.11005,0.11085,589.3
1607983200000,0.11065,0.11725,0.11065,0.11686,11349.6
1607986800000,0.11664,0.11664,0.11584,0.11598,1910.2
1607990400000,0.11588,0.11716,0.11501,0.11501,733.2
1607994000000,0.11493,0.11572,0.11482,0.11541,3339.7
1607997600000,0.11598,0.11664,0.1153,0.1153,1325.2
1608001200000,0.1153,0.11552,0.11493,0.11537,356.8
1608004800000,0.1155,0.1155,0.11379,0.11379,1844.8
1608008400000,0.11371,0.11449,0.11331,0.11377,1612.1
1608012000000,0.11364,0.11424,0.11358,0.11366,118.1
1608015600000,0.11424,0.11429,0.11314,0.11352,196.1
1608019200000,0.11371,0.11379,0.11309,0.11339,4720.7
1608022800000,0.11339,0.11339,0.11257,0.11307,670.1
1608026400000,0.11342,0.11449,0.11251,0.11437,3233.4
1608030000000,0.11455,0.11462,0.1141,0.11453,950.0
1608033600000,0.11462,0.11509,0.11423,0.11472,1278.0
1608037200000,0.1147,0.11552,0.11436,0.11436,532.2
1608040800000,0.11493,0.11493,0.11371,0.11395,369.7
1608044400000,0.11428,0.11456,0.11415,0.11438,350.4
1608048000000,0.11458,0.11546,0.1144,0.11451,1055.7
1608051600000,0.11455,0.11592,0.11455,0.11564,1955.3
1608055200000,0.11541,0.11572,0.11451,0.11451,919.6
1608058800000,0.11522,0.11816,0.11518,0.11758,2109.9
1608062400000,0.11818,0.11835,0.11617,0.11642,4680.9
1608066000000,0.11642,0.11681,0.11424,0.11437,6471.3
1608069600000,0.11437,0.11453,0.11363,0.11363,675.0
1608073200000,0.11358,0.11403,0.11286,0.11299,937.2
1608076800000,0.11266,0.11271,0.11154,0.11198,1020.1
1608080400000,0.1116,0.11215,0.11112,0.11215,280.2
1608084000000,0.11215,0.11276,0.11214,0.1125,731.5
1608087600000,0.1125,0.11265,0.11195,0.11265,119.1
1608091200000,0.11252,0.11286,0.11252,0.11286,156.7
1608094800000,0.11309,0.11335,0.11299,0.11335,787.5
1608098400000,0.11335,0.11462,0.11335,0.11407,1427.1
1608102000000,0.11399,0.11428,0.11347,0.11347,227.8
1608105600000,0.11337,0.11493,0.11331,0.11489,1989.2
1608109200000,0.11474,0.11474,0.11424,0.11428,29.9
1608112800000,0.1146,0.11546,0.11442,0.11459,514.5
1608116400000,0.11534,0.1155,0.11436,0.11436,1605.7
1608120000000,0.11459,0.11541,0.114,0.11482,741.7
1608123600000,0.11505,0.11572,0.11482,0.11572,471.8
1608127200000,0.11577,0.11647,0.11422,0.11422,1683.6
1608130800000,0.11462,0.11574,0.11439,0.11574,465.1
1608134400000,0.11545,0.11625,0.11519,0.11557,898.4
1608138000000,0.11585,0.11586,0.11429,0.11454,956.3
1608141600000,0.11493,0.11503,0.11285,0.11304,2860.9
1608145200000,0.11314,0.11379,0.11314,0.11351,496.5
1608148800000,0.11322,0.11371,0.11314,0.11326,26.1
1608152400000,0.1134,0.1138,0.11322,0.11379,633.1
1608156000000,0.11382,0.11572,0.11355,0.1155,1835.7
1608159600000,0.11517,0.116,0.1147,0.11593,307.5
1608163200000,0.116,0.11629,0.11501,0.11539,1357.8
1608166800000,0.11539,0.11591,0.11485,0.11485,589.3
1608170400000,0.11528,0.11549,0.1146,0.11542,1048.3
1608174000000,0.11542,0.11542,0.11284,0.1132,2312.9
1608177600000,0.11358,0.11771,0.11356,0.11379,8345.6
1608181200000,0.11435,0.11664,0.11379,0.11664,5540.4
1608184800000,0.11639,0.11752,0.11639,0.11717,943.2
1608188400000,0.11717,0.1236,0.11697,0.12296,18253.2
1608192000000,0.12323,0.12489,0.121,0.12233,4324.9
1608195600000,0.12222,0.12288,0.12052,0.122,1504.7
1608199200000,0.12166,0.12234,0.12047,0.12063,617.9
1608202800000,0.12061,0.1212,0.11936,0.12102,2279.4
1608206400000,0.12055,0.12077,0.11994,0.11996,642.7
1608210000000,0.12013,0.12689,0.12006,0.12574,9466.8
1608213600000,0.12632,0.12742,0.1255,0.12595,5752.0
1608217200000,0.12631,0.12688,0.12533,0.1263,6943.9
1608220800000,0.12689,0.12789,0.12622,0.12622,3117.3
1608224400000,0.12617,0.12636,0.1247,0.1247,1464.4
1608228000000,0.1247,0.12661,0.12323,0.12661,3566.2
1608231600000,0.12612,0.12674,0.12518,0.12518,1617.1
1608235200000,0.12524,0.12551,0.12405,0.12405,1800.6
1608238800000,0.12422,0.1244,0.12112,0.12171,1607.7
1608242400000,0.12145,0.123,0.12063,0.12291,1307.1
1608246000000,0.1227,0.12323,0.12138,0.12216,431.3
1608249600000,0.12234,0.12234,0.11955,0.12077,4290.0
1608253200000,0.12016,0.1215,0.12016,0.1215,330.4
1608256800000,0.12092,0.12291,0.12092,0.12262,4034.6
1608260400000,0.12209,0.12209,0.12033,0.12033,10062.8
1608264000000,0.12053,0.12097,0.1193,0.12073,11276.2
1608267600000,0.12111,0.12201,0.12111,0.12201,218.6
1608271200000,0.1215,0.12216,0.12073,0.12082,262.9
1608274800000,0.12063,0.1212,0.11993,0.1212,498.4
1608278400000,0.1212,0.12437,0.12101,0.12299,1409.6
1608282000000,0.12323,0.12349,0.1216,0.12349,2147.3
1608285600000,0.12352,0.12375,0.12145,0.12211,1461.1
1608289200000,0.122,0.122,0.12107,0.12107,830.1
1608292800000,0.12177,0.12246,0.12061,0.12229,3742.0
1608296400000,0.12207,0.12237,0.12073,0.12083,1320.2
1608300000000,0.12073,0.12145,0.12,0.1212,887.6
1608303600000,0.12089,0.12138,0.11998,0.12125,2769.0
1608307200000,0.12063,0.12063,0.11955,0.12005,2032.2
1608310800000,0.12039,0.12092,0.12023,0.12072,896.8
1608314400000,0.12073,0.12118,0.12034,0.12034,58.1
1608318000000,0.12051,0.12065,0.11966,0.12039,385.3
1608321600000,0.12062,0.12082,0.12016,0.12016,93.2
1608325200000,0.12033,0.12448,0.12032,0.12342,1593.3
1608328800000,0.12358,0.12358,0.12138,0.12138,2050.1
1608332400000,0.12125,0.12216,0.12061,0.12205,2783.9
1608336000000,0.12145,0.12145,0.11875,0.11875,6654.9
1608339600000,0.1188,0.1188,0.11608,0.11625,6314.4
1608343200000,0.11687,0.12496,0.11687,0.12427,6928.3
1608346800000,0.12443,0.12717,0.1236,0.12632,5336.2
1608350400000,0.12632,0.13031,0.12596,0.12816,7611.9
1608354000000,0.12823,0.12837,0.12574,0.12632,4447.1
1608357600000,0.12596,0.12725,0.12499,0.12575,2634.2
1608361200000,0.12579,0.12692,0.12574,0.12641,1105.5
1608364800000,0.12671,0.12917,0.12632,0.1286,2854.9
1608368400000,0.1286,0.12899,0.12713,0.12897,9010.2
1608372000000,0.12842,0.1286,0.12696,0.12766,608.0
1608375600000,0.1278,0.13062,0.1278,0.12904,2940.9
1608379200000,0.12917,0.12989,0.12167,0.12314,10618.0
1608382800000,0.12322,0.12689,0.12322,0.12644,3592.4
1608386400000,0.12697,0.12806,0.12323,0.12331,4560.3
1608390000000,0.12294,0.1236,0.12178,0.12238,2639.3
1608393600000,0.12274,0.12548,0.12234,0.12291,19147.8
1608397200000,0.12323,0.12378,0.12124,0.12198,1842.8
1608400800000,0.12195,0.12197,0.12022,0.12078,2022.4
1608404400000,0.12111,0.12138,0.11899,0.11991,5519.8
1608408000000,0.11972,0.11972,0.11725,0.11805,3779.5
1608411600000,0.11816,0.11859,0.11572,0.11799,13599.5
1608415200000,0.11791,0.11989,0.11758,0.11919,2462.8
1608418800000,0.11968,0.11968,0.11748,0.119,824.0
1608422400000,0.11835,0.11995,0.11736,0.11758,1933.5
1608426000000,0.11753,0.11822,0.1171,0.11802,479.4
1608429600000,0.11758,0.11802,0.11692,0.11775,765.9
1608433200000,0.11793,0.11902,0.11756,0.11804,6589.9
1608436800000,0.11848,0.11859,0.11746,0.11838,572.9
1608440400000,0.11787,0.11939,0.11775,0.11939,469.9
1608444000000,0.11905,0.12016,0.11731,0.1176,5859.8
1608447600000,0.11758,0.1186,0.11735,0.1186,583.7
1608451200000,0.11788,0.11843,0.1155,0.1155,3541.0
1608454800000,0.11546,0.11546,0.11265,0.11445,12688.8
1608458400000,0.11484,0.11484,0.11303,0.11382,592.3
1608462000000,0.1136,0.11377,0.11197,0.1131,4670.4
1608465600000,0.11322,0.11322,0.10929,0.11041,7954.9
1608469200000,0.11063,0.11121,0.10972,0.10972,2820.3
1608472800000,0.10971,0.11149,0.10929,0.11058,2525.6
1608476400000,0.11082,0.112,0.11,0.1111,1450.6
1608480000000,0.11094,0.11453,0.11018,0.11429,1798.7
1608483600000,0.11366,0.1137,0.11216,0.11322,325.8
1608487200000,0.11282,0.11282,0.11208,0.11208,240.0
1608490800000,0.11208,0.11234,0.11177,0.11234,609.4
1608494400000,0.1116,0.11358,0.11083,0.11358,1636.7
1608498000000,0.11313,0.1143,0.11072,0.11322,2022.7
1608501600000,0.11309,0.11429,0.11059,0.11071,4153.7
1608505200000,0.11057,0.11057,0.10916,0.11,1312.2
1608508800000,0.11027,0.11121,0.10836,0.10924,2409.9
1608512400000,0.10907,0.10907,0.10797,0.10843,1760.9
1608516000000,0.10877,0.10878,0.10751,0.10808,1733.7
1608519600000,0.1081,0.10823,0.10717,0.10753,1489.1
1608523200000,0.10788,0.11153,0.10788,0.10934,4124.9
1608526800000,0.10934,0.11052,0.10916,0.11013,1362.0
1608530400000,0.10981,0.11039,0.109,0.10907,1434.5
1608534000000,0.10924,0.11072,0.10924,0.11054,419.7
1608537600000,0.11037,0.11139,0.11,0.1106,458.2
1608541200000,0.11082,0.11082,0.10707,0.10753,1703.0
1608544800000,0.10751,0.1095,0.10639,0.10924,5768.4
1608548400000,0.10923,0.10963,0.1081,0.10864,664.8
1608552000000,0.10857,0.11,0.10785,0.10977,1620.9
1608555600000,0.1096,0.10961,0.10841,0.10897,6117.0
1608559200000,nan,nan,nan,nan,nan
1608562800000,nan,nan,nan,nan,nan
1608566400000,nan,nan,nan,nan,nan
1608570000000,nan,nan,nan,nan,nan
1608573600000,0.10897,0.11037,0.1085,0.11037,2103.5
1608577200000,0.11034,0.11083,0.10903,0.10989,12716.1
1608580800000,0.10999,0.11003,0.10939,0.10949,870.8
1608584400000,0.10929,0.10981,0.10924,0.10971,59.1
1608588000000,0.10981,0.11037,0.10887,0.10888,2477.1
1608591600000,0.10928,0.10946,0.1088,0.10946,1437.9
1608595200000,0.10946,0.10946,0.10825,0.1085,1472.9
1608598800000,0.10915,0.10916,0.10825,0.10825,80.7
1608602400000,0.10871,0.10889,0.10804,0.10804,755.8
1608606000000,0.10785,0.10867,0.10727,0.10766,1298.9
1608609600000,0.108,0.10866,0.10727,0.10727,621.2
1608613200000,0.10805,0.1081,0.10751,0.10753,239.7
1608616800000,0.10752,0.10752,0.10535,0.10577,1789.1
1608620400000,0.10536,0.10714,0.10458,0.10714,2638.9
1608624000000,0.10683,0.10885,0.10683,0.108,2763.3
1608627600000,0.1082,0.10922,0.108,0.10893,3388.2
1608631200000,0.10867,0.10916,0.10756,0.10879,1176.8
1608634800000,0.10865,0.10865,0.10685,0.10718,9133.7
1608638400000,0.10747,0.10785,0.10628,0.10628,719.3
1608642000000,0.10643,0.10852,0.10643,0.10776,2957.2
1608645600000,0.10753,0.10928,0.10714,0.10857,157.9
1608649200000,0.10836,0.11208,0.1081,0.11072,6500.3
1608652800000,0.11083,0.11334,0.11083,0.11241,2034.3
1608656400000,0.11153,0.11307,0.11143,0.11194,731.6
1608660000000,0.11227,0.11309,0.112,0.11309,582.1
1608663600000,0.11257,0.11351,0.11256,0.11323,1385.5
1608667200000,0.11323,0.11323,0.11195,0.11237,930.9
1608670800000,0.11226,0.11366,0.1119,0.11366,3104.9
1608674400000,0.11366,0.11368,0.11139,0.11139,1409.9
1608678000000,0.11182,0.11286,0.11139,0.11139,632.3
1608681600000,0.11133,0.11181,0.10846,0.10846,673.1
1608685200000,0.109,0.10928,0.10753,0.10844,1224.0
1608688800000,0.10804,0.10804,0.1069,0.10717,932.2
1608692400000,0.10751,0.10928,0.10714,0.10912,1228.3
1608696000000,0.10946,0.11026,0.10765,0.10776,1251.1
1608699600000,0.10801,0.10835,0.10751,0.10832,236.2
1608703200000,0.10819,0.10864,0.10785,0.10785,966.9
1608706800000,0.10753,0.1081,0.10696,0.1081,1203.2
1608710400000,0.10856,0.10856,0.10683,0.10785,585.0
1608714000000,0.10805,0.10846,0.10794,0.10846,107.7
1608717600000,0.10789,0.10794,0.10672,0.10794,1731.9
1608721200000,0.10772,0.10967,0.10772,0.10867,1677.7
1608724800000,0.10816,0.10878,0.10735,0.10753,491.2
1608728400000,0.108,0.10878,0.10714,0.10861,862.2
1608732000000,0.10807,0.10971,0.10806,0.10971,598.4
1608735600000,0.1098,0.10981,0.10857,0.10924,624.3
1608739200000,0.10867,0.10867,0.10785,0.10812,712.5
1608742800000,0.10817,0.1082,0.10764,0.10774,2990.0
1608746400000,0.10795,0.10867,0.10794,0.10867,85.1
1608750000000,0.10824,0.10867,0.10798,0.1082,859.0
1608753600000,0.10808,0.10839,0.10737,0.10737,981.9
1608757200000,0.10727,0.10754,0.10656,0.10753,360.2
1608760800000,0.10698,0.10815,0.10016,0.10705,5232.9
1608764400000,0.10753,0.10792,0.10585,0.10585,3649.0
1608768000000,0.10582,0.10642,0.10468,0.10642,10200.7
1608771600000,0.10642,0.10777,0.10621,0.10621,325.9
1608775200000,0.1069,0.10696,0.10384,0.10419,602.2
1608778800000,0.10377,0.10395,0.10282,0.10395,263.2
1608782400000,0.10411,0.10428,0.10354,0.1039,66.7
1608786000000,0.10358,0.10461,0.10354,0.10461,44.4
1608789600000,0.10399,0.10399,0.10301,0.10392,1325.8
1608793200000,0.1037,0.10428,0.10354,0.10411,81.5
1608796800000,0.10381,0.10381,0.10152,0.10297,3834.3
1608800400000,0.10302,0.10384,0.10301,0.10384,170.3
1608804000000,0.10297,0.10411,0.10285,0.10354,771.1
1608807600000,0.10297,0.10428,0.10297,0.10421,300.9
1608811200000,0.10357,0.10413,0.10285,0.10412,197.8
1608814800000,0.10413,0.10626,0.10354,0.106,751.3
1608818400000,0.10562,0.10642,0.10536,0.10536,160.9
1608822000000,0.10525,0.10661,0.10525,0.10661,1761.2
1608825600000,0.10654,0.10654,0.1055,0.1056,715.7
1608829200000,0.10593,0.10714,0.1058,0.10714,157.5
1608832800000,0.10723,0.10826,0.1067,0.10753,2701.2
1608836400000,0.10785,0.10785,0.10637,0.10637,1024.9
1608840000000,0.10688,0.10714,0.10663,0.10714,309.5
1608843600000,0.10753,0.10762,0.10696,0.10696,655.4
1608847200000,0.10689,0.1087,0.10667,0.10785,1809.3
1608850800000,0.10714,0.10846,0.10692,0.10846,2059.5
1608854400000,0.10846,0.1096,0.10785,0.1096,2856.2
1608858000000,0.10886,0.10886,0.10806,0.10806,99.5
1608861600000,nan,nan,nan,nan,nan
1608865200000,0.10785,0.1081,0.10692,0.10692,145.6
1608868800000,0.10643,0.10643,0.10618,0.10618,66.8
1608872400000,0.10696,0.10696,0.10525,0.10622,965.1
1608876000000,0.10591,0.10592,0.10499,0.10499,149.9
1608879600000,0.10493,0.10498,0.10483,0.10497,1907.1
1608883200000,0.10536,0.10697,0.10536,0.10642,409.5
1608886800000,0.10638,0.10761,0.10617,0.10637,368.6
1608890400000,0.10696,0.10714,0.10558,0.10714,5290.6
1608894000000,0.10643,0.10971,0.10637,0.10823,567.8
1608897600000,0.10859,0.1086,0.1071,0.1074,281.1
1608901200000,0.10784,0.10824,0.10784,0.10821,1187.7
1608904800000,0.10774,0.1084,0.10692,0.10782,547.2
1608908400000,0.10777,0.10777,0.10675,0.10751,432.9
1608912000000,0.10751,0.1085,0.10643,0.10699,6430.5
1608915600000,0.10671,0.10704,0.10617,0.10617,277.9
1608919200000,0.1061,0.10643,0.10571,0.10643,562.4
1608922800000,0.10606,0.10674,0.10606,0.10674,220.4
1608926400000,0.10675,0.10699,0.1062,0.10668,456.0
1608930000000,0.10699,0.10699,0.10583,0.10668,2091.6
1608933600000,0.10659,0.10668,0.10589,0.10668,934.3
1608937200000,0.10662,0.10696,0.10536,0.10575,477.6
1608940800000,0.10554,0.10582,0.10342,0.10352,1433.0
1608944400000,0.10385,0.10434,0.10354,0.10434,72.5
1608948000000,0.10388,0.10388,0.10304,0.10376,364.5
1608951600000,0.10347,0.10483,0.10326,0.10466,785.7
1608955200000,0.10475,0.10606,0.10451,0.10594,1237.1
1608958800000,0.10592,0.10648,0.10535,0.10537,1260.5
1608962400000,0.10537,0.10589,0.10513,0.10513,526.3
1608966000000,0.10503,0.10536,0.10449,0.10513,204.9
1608969600000,0.10513,0.10824,0.10513,0.10748,3054.4
1608973200000,0.1074,0.10787,0.10699,0.10723,563.3
1608976800000,0.10713,0.10737,0.10609,0.10649,577.6
1608980400000,0.10657,0.10724,0.10643,0.10686,190.8
1608984000000,0.10698,0.10698,0.106,0.106,862.5
1608987600000,0.10696,0.10696,0.10538,0.1055,607.2
1608991200000,0.10542,0.10594,0.10493,0.10493,1579.6
1608994800000,0.10489,0.10489,0.10376,0.10449,1724.5
1608998400000,0.10449,0.10513,0.10354,0.10386,2131.1
1609002000000,0.10408,0.10408,0.10329,0.10385,2035.3
1609005600000,0.10411,0.1043,0.10297,0.10297,771.3
1609009200000,0.10317,0.10319,0.10142,0.10244,6353.7
1609012800000,0.10226,0.10232,0.10168,0.10168,969.2
1609016400000,0.10186,0.1026,0.1016,0.10225,448.8
1609020000000,0.10228,0.10264,0.10106,0.10165,541.7
1609023600000,0.10188,0.10202,0.10142,0.10178,173.8
1609027200000,0.10191,0.10381,0.10191,0.10325,3142.0
1609030800000,0.10376,0.10428,0.10314,0.10353,3522.4
1609034400000,0.10377,0.1056,0.10377,0.10451,1962.0
1609038000000,0.10442,0.10468,0.10221,0.10231,2116.2
1609041600000,0.10256,0.10307,0.1025,0.10269,1005.5
1609045200000,0.10294,0.10326,0.10269,0.10326,680.3
1609048800000,0.10286,0.10402,0.10286,0.10325,118.8
1609052400000,0.10336,0.10368,0.10304,0.10312,1129.2
1609056000000,0.10348,0.10409,0.1023,0.10285,849.3
1609059600000,0.10273,0.10388,0.10248,0.10319,1074.0
1609063200000,0.10319,0.10357,0.1017,0.10315,2711.5
1609066800000,0.10329,0.10582,0.10285,0.10474,3320.0
1609070400000,0.10474,0.10594,0.10376,0.10376,2830.1
1609074000000,0.10376,0.10377,0.10257,0.10275,2057.9
1609077600000,0.10288,0.1047,0.10285,0.1047,1033.6
1609081200000,0.10483,0.10832,0.10455,0.10761,2307.8
1609084800000,0.10785,0.10946,0.10623,0.1068,2191.5
1609088400000,0.1065,0.10751,0.10627,0.1075,3021.3
1609092000000,0.10751,0.10787,0.10679,0.10772,1672.9
1609095600000,0.10714,0.109,0.10706,0.109,693.6
1609099200000,0.10824,0.10824,0.10692,0.10801,2655.6
1609102800000,0.10805,0.10824,0.10696,0.10724,313.3
1609106400000,0.10805,0.10824,0.10751,0.1081,704.1
1609110000000,0.10801,0.10906,0.10683,0.10683,2733.5
1609113600000,0.10751,0.11077,0.10751,0.11042,1823.4
1609117200000,0.11027,0.11101,0.10938,0.10938,719.0
1609120800000,0.10987,0.11072,0.10956,0.10981,238.0
1609124400000,0.11001,0.11001,0.10769,0.10769,268.2
1609128000000,0.10793,0.10797,0.10666,0.1077,1658.8
1609131600000,0.10734,0.10778,0.10564,0.10707,984.1
1609135200000,0.10752,0.10816,0.10707,0.10816,219.2
1609138800000,0.10824,0.10956,0.10824,0.1093,4704.3
1609142400000,0.10952,0.11231,0.10952,0.11067,6480.4
1609146000000,0.11037,0.11083,0.10891,0.10891,1411.3
1609149600000,0.10886,0.10886,0.10631,0.10739,440.2
1609153200000,0.1075,0.10829,0.10666,0.1075,1349.4
1609156800000,0.10698,0.10753,0.10637,0.10639,1106.0
1609160400000,0.10639,0.10716,0.10613,0.107,4044.4
1609164000000,0.10662,0.10734,0.10513,0.10721,2517.9
1609167600000,0.10663,0.1083,0.10565,0.10759,3683.4
1609171200000,0.10806,0.10928,0.10598,0.10661,5043.0
1609174800000,0.10661,0.10679,0.10526,0.10643,536.1
1609178400000,0.10631,0.10751,0.10631,0.10671,784.6
1609182000000,0.10672,0.10753,0.10633,0.10743,1072.3
1609185600000,0.107,0.107,0.10538,0.10578,361.0
1609189200000,0.10599,0.10699,0.10599,0.10639,339.8
1609192800000,0.10637,0.10714,0.1041,0.10423,1862.5
1609196400000,0.10411,0.10499,0.10384,0.10384,764.9
1609200000000,0.10401,0.10643,0.10401,0.10594,1751.3
1609203600000,0.10536,0.10536,0.1026,0.10285,3266.8
1609207200000,0.10262,0.10285,0.1,0.10118,13662.7
1609210800000,0.10084,0.10084,0.09051,0.09051,51966.5
1609214400000,0.09036,0.09491,0.09034,0.09427,10897.1
1609218000000,0.09391,0.09506,0.09323,0.09506,4299.7
1609221600000,0.09506,0.09521,0.09392,0.09521,2059.3
1609225200000,0.09539,0.09635,0.09434,0.09521,2591.7
1609228800000,0.09556,0.09569,0.09393,0.09426,1708.5
1609232400000,0.09437,0.09473,0.09362,0.09473,640.7
1609236000000,0.09426,0.09534,0.09401,0.0941,1962.5
1609239600000,0.09437,0.09473,0.09341,0.09434,834.3
1609243200000,0.09412,0.0965,0.09412,0.09569,324.2
1609246800000,0.09586,0.09625,0.09573,0.09613,1339.8
1609250400000,0.09621,0.09624,0.095,0.095,1141.9
1609254000000,0.09483,0.09521,0.09425,0.09434,1187.5
1609257600000,0.09434,0.09491,0.0925,0.09491,4923.1
1609261200000,0.09453,0.09521,0.094,0.0945,989.9
1609264800000,0.09453,0.09476,0.093,0.09425,1578.7
1609268400000,0.09434,0.09503,0.09377,0.09482,619.1
1609272000000,0.095,0.09521,0.09431,0.09441,1582.8
1609275600000,0.09446,0.09446,0.09377,0.09404,145.6
1609279200000,0.09418,0.09521,0.09377,0.09521,700.7
1609282800000,0.09474,0.096,0.094,0.094,8340.9
1609286400000,0.0945,0.09776,0.09377,0.09776,4168.1
1609290000000,0.09716,0.09716,0.09598,0.09598,795.5
1609293600000,0.0965,0.09841,0.09613,0.09765,3124.0
1609297200000,0.09773,0.10099,0.09773,0.0995,17996.7
1609300800000,0.09942,0.10069,0.09898,0.10054,3660.5
1609304400000,0.10042,0.10042,0.09841,0.09872,2548.5
1609308000000,0.09898,0.09957,0.09841,0.09957,1134.4
1609311600000,0.09945,0.10134,0.09945,0.1,1004.3
1609315200000,0.09986,0.10016,0.09898,0.09939,626.7
1609318800000,0.09958,0.10012,0.0985,0.09987,745.0
1609322400000,0.09916,0.09971,0.09901,0.09909,104.0
1609326000000,0.09909,0.09909,0.09784,0.09828,578.7
1609329600000,0.09828,0.09873,0.09798,0.09798,255.1
1609333200000,0.09836,0.09877,0.09817,0.09877,1430.1
1609336800000,0.0983,0.10118,0.09829,0.10079,3220.9
1609340400000,0.10049,0.10451,0.10039,0.10451,8318.1
1609344000000,0.10468,0.10956,0.10355,0.10928,24595.1
1609347600000,0.10952,0.11488,0.10802,0.11488,25373.9
1609351200000,0.11493,0.11637,0.11136,0.11173,12280.5
1609354800000,0.11173,0.11283,0.11032,0.11065,5052.4
1609358400000,0.11037,0.11141,0.10884,0.11083,11468.3
1609362000000,0.11109,0.11109,0.10884,0.10951,1681.3
1609365600000,0.10921,0.11274,0.10921,0.10922,2014.7
1609369200000,0.10916,0.10971,0.10739,0.10861,5590.4
1609372800000,0.10916,0.11173,0.10806,0.10857,4412.9
1609376400000,0.10851,0.10851,0.10635,0.10824,2068.5
1609380000000,0.10846,0.10956,0.10826,0.10849,4707.3
1609383600000,0.10849,0.10981,0.10806,0.10817,1420.8
1609387200000,0.10861,0.10971,0.10835,0.10886,357.0
1609390800000,0.10948,0.1155,0.10948,0.11463,21462.3
1609394400000,0.11481,0.1225,0.11481,0.11955,24829.8
1609398000000,0.11895,0.12153,0.11756,0.11994,8234.5
1609401600000,0.11942,0.12262,0.11837,0.11935,6696.1
1609405200000,0.11982,0.12517,0.11927,0.12327,13596.0
1609408800000,0.12378,0.1248,0.12177,0.12177,4856.9
1609412400000,0.12145,0.12292,0.12043,0.12252,4389.7
1609416000000,0.12222,0.12371,0.11837,0.11973,3210.0
1609419600000,0.11955,0.12253,0.11869,0.12253,4020.0
1609423200000,0.12221,0.12395,0.1204,0.12395,3940.7
1609426800000,0.12395,0.13087,0.12395,0.13087,5492.8
1609430400000,0.13087,0.13601,0.12913,0.13071,15285.1
1609434000000,0.13064,0.13372,0.13064,0.13145,17457.7
1609437600000,0.13201,0.134,0.13088,0.13378,2746.2
1609441200000,0.1341,0.13425,0.13163,0.13292,1006.1
1609444800000,0.13346,0.13855,0.13293,0.13526,11309.8
1609448400000,0.13515,0.13903,0.13502,0.13902,4381.1
1609452000000,0.13843,0.14248,0.13786,0.13855,9733.5
1609455600000,0.13853,0.13943,0.13652,0.13792,7354.3
1609459200000,0.13784,0.13981,0.13487,0.13916,7773.0
1609462800000,0.13943,0.14073,0.13584,0.13722,5467.3
1609466400000,0.13739,0.13771,0.1354,0.13658,6182.1
1609470000000,0.13658,0.13782,0.13595,0.13595,543.6
1609473600000,0.13565,0.13604,0.13438,0.13493,913.0
1609477200000,0.13487,0.13666,0.13373,0.13545,1804.6
1609480800000,0.13586,0.13609,0.13012,0.13088,7960.0
1609484400000,0.13088,0.13293,0.12969,0.13293,4169.4
1609488000000,0.13288,0.13307,0.13027,0.1312,2239.0
1609491600000,0.13134,0.13327,0.13134,0.13163,3520.2
1609495200000,0.13164,0.13372,0.12987,0.12987,12067.7
1609498800000,0.12985,0.1309,0.12896,0.12982,2069.7
1609502400000,0.12983,0.12983,0.125,0.12803,5875.9
1609506000000,0.12775,0.12955,0.12661,0.1287,6824.0
1609509600000,0.12866,0.13201,0.1279,0.13027,3473.5
1609513200000,0.13,0.13,0.12428,0.12511,5074.6
1609516800000,0.12532,0.12715,0.12467,0.12582,6979.4
1609520400000,0.12623,0.12661,0.12249,0.12385,7021.7
1609524000000,0.12385,0.12768,0.12301,0.12768,7405.0
1609527600000,0.12779,0.12923,0.12703,0.1286,2600.7
1609531200000,0.12854,0.13057,0.12813,0.12894,2712.2
1609534800000,0.12903,0.12945,0.12784,0.12834,1330.5
1609538400000,0.12779,0.12813,0.12591,0.1265,1221.3
1609542000000,0.12651,0.1267,0.12478,0.12532,7229.7
1609545600000,0.12552,0.12589,0.12178,0.12405,3997.1
1609549200000,0.12404,0.12639,0.12287,0.12532,2557.0
1609552800000,0.12596,0.12703,0.12511,0.12626,2079.4
1609556400000,0.12626,0.12879,0.1255,0.12781,1206.2
1609560000000,0.12779,0.12818,0.12622,0.12755,1986.6
1609563600000,0.12755,0.13188,0.12755,0.12896,5290.2
1609567200000,0.12959,0.12959,0.12638,0.12659,6487.4
1609570800000,0.12637,0.12689,0.12487,0.12528,545.5
1609574400000,0.12573,0.1266,0.12416,0.12475,2043.1
1609578000000,0.12422,0.12513,0.12292,0.12292,3820.3
1609581600000,0.12274,0.12448,0.12093,0.12405,9067.3
1609585200000,0.12404,0.12448,0.12324,0.12341,1059.3
1609588800000,0.12373,0.12559,0.12239,0.12274,4529.8
1609592400000,0.1231,0.12602,0.12309,0.12448,1515.1
1609596000000,0.12436,0.12467,0.12155,0.12288,2467.8
1609599600000,0.12209,0.12813,0.1217,0.12813,4151.6
1609603200000,0.1282,0.12875,0.12357,0.12478,4230.1
1609606800000,0.12389,0.1255,0.12298,0.1237,1258.7
1609610400000,0.1241,0.13029,0.12316,0.13029,5414.6
1609614000000,0.12964,0.13619,0.12932,0.13293,17570.2
1609617600000,0.1336,0.13507,0.12619,0.12751,9763.3
1609621200000,0.12702,0.1314,0.12532,0.12745,8359.5
1609624800000,0.12725,0.12895,0.12661,0.12825,519.4
1609628400000,0.12779,0.12779,0.12605,0.12702,905.2
1609632000000,0.12702,0.12714,0.12474,0.12502,2096.5
1609635600000,0.12515,0.12596,0.12421,0.12453,1387.0
1609639200000,0.12502,0.12661,0.12502,0.12661,682.3
1609642800000,0.12647,0.12647,0.12421,0.12421,1118.4
1609646400000,0.12483,0.12483,0.12357,0.12478,2155.2
1609650000000,0.12461,0.12614,0.1244,0.12614,2734.5
1609653600000,0.12614,0.12913,0.12614,0.12898,1011.0
1609657200000,0.12895,0.13081,0.12564,0.12564,1763.4
1609660800000,0.1255,0.12751,0.12398,0.12689,3025.3
1609664400000,0.12689,0.12755,0.12623,0.12678,2390.5
1609668000000,0.12602,0.13213,0.1255,0.13164,6404.2
1609671600000,0.1313,0.13389,0.12735,0.12766,6984.9
1609675200000,0.12759,0.13001,0.12496,0.13001,6271.8
1609678800000,0.12955,0.13323,0.12789,0.13027,6686.2
1609682400000,0.13058,0.13347,0.12661,0.13084,12723.8
1609686000000,0.13093,0.13161,0.12596,0.12982,6459.1
1609689600000,0.13057,0.13163,0.12725,0.12725,6890.9
1609693200000,0.12712,0.1282,0.12526,0.12539,1506.0
1609696800000,0.12539,0.12627,0.12333,0.12588,4274.2
1609700400000,0.12634,0.12726,0.12511,0.12726,1333.0
1609704000000,0.12736,0.13024,0.12736,0.1295,3265.0
1609707600000,0.12999,0.13057,0.12912,0.13054,1251.1
1609711200000,0.12983,0.13182,0.12913,0.13182,2794.9
1609714800000,0.1318,0.13564,0.12963,0.13398,19167.3
1609718400000,0.13407,0.13426,0.12812,0.13323,2864.2
1609722000000,0.13281,0.13911,0.13207,0.13772,7536.5
1609725600000,0.13771,0.13976,0.13733,0.13851,15573.5
1609729200000,0.13855,0.14493,0.13837,0.14417,13689.2
1609732800000,0.14465,0.14487,0.13761,0.1389,7559.7
1609736400000,0.13948,0.14262,0.1385,0.14052,2532.0
1609740000000,0.13999,0.14587,0.13733,0.14175,3594.0
1609743600000,0.14156,0.14266,0.13494,0.13847,7755.0
1609747200000,0.13855,0.14004,0.13275,0.13614,2638.0
1609750800000,0.13565,0.13633,0.1262,0.13187,11205.4
1609754400000,0.1319,0.13408,0.12542,0.13363,16382.6
1609758000000,0.13293,0.13633,0.13227,0.13565,1895.9
1609761600000,0.13591,0.13666,0.13467,0.13578,2143.5
1609765200000,0.1356,0.13571,0.13313,0.13571,3513.4
1609768800000,0.13571,0.1384,0.13466,0.1384,4860.2
1609772400000,0.13841,0.13983,0.134,0.13474,3112.1
1609776000000,0.13492,0.13542,0.13162,0.13325,2596.5
1609779600000,0.13344,0.13507,0.13224,0.13224,1806.2
1609783200000,0.13289,0.1337,0.13137,0.13275,920.3
1609786800000,0.13347,0.13636,0.13347,0.13611,869.2
1609790400000,0.13637,0.13722,0.13542,0.13664,1143.1
1609794000000,0.13651,0.13651,0.13003,0.13004,3049.8
1609797600000,0.13003,0.13295,0.12913,0.13149,4754.7
1609801200000,0.13119,0.13293,0.13009,0.13226,2794.4
1609804800000,0.13235,0.1413,0.13235,0.13801,11920.0
1609808400000,0.13771,0.13864,0.13558,0.13702,1299.3
1609812000000,0.13708,0.13734,0.13466,0.13637,821.5
1609815600000,0.13565,0.13761,0.13255,0.13275,985.3
1609819200000,0.13346,0.1371,0.13306,0.1355,738.1
1609822800000,0.1355,0.13645,0.13365,0.13496,855.1
1609826400000,0.13481,0.13757,0.13479,0.1363,599.0
1609830000000,0.13674,0.13732,0.13577,0.13618,159.1
1609833600000,0.13693,0.13965,0.13684,0.1383,1997.8
1609837200000,0.13855,0.14134,0.13855,0.13947,772.6
1609840800000,0.14022,0.14292,0.13972,0.141,3122.2
1609844400000,0.14082,0.14629,0.14052,0.14615,10334.2
1609848000000,0.1462,0.14692,0.14194,0.142,3594.5
1609851600000,0.1426,0.14755,0.1425,0.145,5569.8
1609855200000,0.145,0.1489,0.14276,0.1489,2543.3
1609858800000,0.1489,0.15428,0.14762,0.15428,13651.4
1609862400000,0.15435,0.16195,0.1525,0.15803,17030.4
1609866000000,0.15781,0.15954,0.15597,0.15857,14236.8
1609869600000,0.15897,0.15897,0.15612,0.15693,676.8
1609873200000,0.15693,0.15938,0.15405,0.15834,2069.0
1609876800000,0.15834,0.16061,0.15654,0.15857,6017.2
1609880400000,0.15897,0.16103,0.15592,0.15638,6557.3
1609884000000,0.15638,0.15807,0.1553,0.15704,1805.2
1609887600000,0.15734,0.15861,0.14953,0.14953,8199.3
1609891200000,0.14992,0.15153,0.1492,0.1504,3409.4
1609894800000,0.15005,0.15152,0.14854,0.1504,1458.7
1609898400000,0.15037,0.15477,0.15,0.15448,2173.4
1609902000000,0.15367,0.1538,0.15057,0.15178,1063.1
1609905600000,0.15203,0.15538,0.15148,0.15326,2591.4
1609909200000,0.15349,0.15383,0.15122,0.15229,681.6
1609912800000,0.15234,0.15251,0.1504,0.1504,718.6
1609916400000,0.15121,0.15148,0.14905,0.15071,1281.9
1609920000000,0.15076,0.15302,0.14895,0.14895,3500.4
1609923600000,0.14921,0.15026,0.14763,0.14763,884.4
1609927200000,0.1475,0.15057,0.14735,0.15057,977.2
1609930800000,0.1503,0.15208,0.14948,0.15191,3710.2
1609934400000,0.15191,0.15275,0.14986,0.15081,2311.0
1609938000000,0.15116,0.15163,0.14895,0.15009,1701.6
1609941600000,0.15009,0.15122,0.14845,0.15,564.8
1609945200000,0.14952,0.15025,0.14881,0.14939,6626.9
1609948800000,0.14903,0.15328,0.149,0.15084,4763.1
1609952400000,0.15124,0.15773,0.15063,0.15683,2362.0
1609956000000,0.15734,0.15763,0.15359,0.15408,3207.6
1609959600000,0.15408,0.15489,0.15049,0.15049,3347.8
1609963200000,0.15116,0.15244,0.14746,0.15163,2086.8
1609966800000,0.15204,0.15314,0.15057,0.151,2350.0
1609970400000,0.15157,0.15161,0.1494,0.14971,2831.8
1609974000000,0.14967,0.15301,0.14845,0.15233,3443.4
1609977600000,0.15233,0.15233,0.15037,0.15145,781.5
1609981200000,0.15081,0.15234,0.1504,0.15234,747.6
1609984800000,0.15175,0.15192,0.14773,0.14854,550.0
1609988400000,0.14799,0.14979,0.14735,0.1495,1179.3
1609992000000,0.14998,0.14999,0.14598,0.14676,1163.3
1609995600000,0.14703,0.14704,0.14337,0.14507,6257.9
1609999200000,0.14547,0.14621,0.14003,0.14234,8406.8
1610002800000,0.14176,0.14443,0.141,0.14385,1338.4
1610006400000,0.14409,0.14512,0.14293,0.14338,364.7
1610010000000,0.14308,0.14411,0.14212,0.14352,4358.3
1610013600000,0.14353,0.14363,0.14084,0.14084,5691.9
1610017200000,0.14083,0.14123,0.13928,0.1406,2897.0
1610020800000,0.14092,0.14469,0.13974,0.14469,2228.6
1610024400000,0.1448,0.14764,0.1441,0.14444,2135.8
1610028000000,0.1447,0.14491,0.143,0.14432,910.0
1610031600000,0.14351,0.15122,0.14338,0.15,7389.9
1610035200000,0.15,0.15367,0.14771,0.14929,15754.7
1610038800000,0.14892,0.1505,0.14779,0.14796,1328.4
1610042400000,0.14875,0.14899,0.14496,0.14705,2210.0
1610046000000,0.14705,0.14714,0.14444,0.14625,5239.5
1610049600000,0.14625,0.14779,0.14518,0.14779,623.8
1610053200000,0.14792,0.14899,0.14673,0.14734,1006.7
1610056800000,0.14734,0.14826,0.14673,0.14707,1110.8
1610060400000,0.14705,0.14705,0.14336,0.14354,1348.2
1610064000000,0.14366,0.14459,0.14259,0.14275,664.7
1610067600000,0.14248,0.14338,0.14149,0.14338,1076.8
1610071200000,0.14367,0.14389,0.13501,0.13768,8757.2
1610074800000,0.13771,0.14078,0.13741,0.1403,3026.2
1610078400000,0.14048,0.14221,0.1403,0.14122,1808.5
1610082000000,0.14149,0.14167,0.13999,0.13999,602.1
1610085600000,0.14013,0.1423,0.13974,0.1423,381.4
1610089200000,0.14183,0.14411,0.14091,0.14397,1925.4
1610092800000,0.1441,0.14428,0.14211,0.14336,1848.7
1610096400000,0.14308,0.14645,0.14259,0.14615,1829.8
1610100000000,0.14613,0.14642,0.14484,0.14612,648.9
1610103600000,0.14642,0.14661,0.14259,0.14428,1559.5
1610107200000,0.14459,0.14623,0.14315,0.14622,2767.3
1610110800000,0.14587,0.14587,0.14259,0.14259,1501.1
1610114400000,0.14259,0.14451,0.14259,0.14397,1135.6
1610118000000,0.14396,0.14501,0.1403,0.14122,1537.1
1610121600000,0.14091,0.14338,0.14052,0.142,1369.0
1610125200000,0.14194,0.14428,0.14194,0.142,1337.8
1610128800000,0.14205,0.14205,0.138,0.14,468.3
1610132400000,0.13979,0.14,0.138,0.138,75.8
1610136000000,0.13802,0.13844,0.13614,0.13702,1017.9
1610139600000,0.13695,0.13899,0.13685,0.13783,1782.4
1610143200000,0.13783,0.13953,0.13769,0.13953,309.2
1610146800000,0.13953,0.13981,0.13844,0.13882,97.4
1610150400000,0.13911,0.13967,0.13539,0.13539,635.3
1610154000000,0.13567,0.13573,0.13408,0.13571,2268.0
1610157600000,0.136,0.14014,0.136,0.14014,721.8
1610161200000,0.1401,0.14338,0.1401,0.14165,973.8
1610164800000,0.14131,0.14194,0.14,0.14123,371.1
1610168400000,0.14194,0.142,0.13992,0.14192,989.0
1610172000000,0.14053,0.14053,0.13912,0.13947,132.3
1610175600000,0.13911,0.142,0.1391,0.14137,721.9
1610179200000,0.14188,0.14377,0.14188,0.14359,346.4
1610182800000,0.14377,0.14645,0.14363,0.14631,560.0
1610186400000,0.14557,0.14825,0.14423,0.1462,6327.4
1610190000000,0.14551,0.14557,0.14276,0.14341,1952.3
1610193600000,0.144,0.14433,0.14266,0.14377,688.8
1610197200000,0.14373,0.145,0.14185,0.14185,992.6
1610200800000,0.14257,0.1432,0.14185,0.14304,715.2
1610204400000,0.14279,0.14326,0.14179,0.14265,2013.0
1610208000000,0.14265,0.14306,0.1403,0.14061,1721.2
1610211600000,0.14061,0.14175,0.14058,0.14058,690.9
1610215200000,0.14081,0.14163,0.14081,0.14142,1009.3
1610218800000,0.14123,0.14285,0.14061,0.14163,2006.7
1610222400000,0.14182,0.14509,0.14167,0.14387,2124.6
1610226000000,0.14406,0.14427,0.14227,0.14327,2618.7
1610229600000,0.14306,0.14448,0.1419,0.14448,1702.3
1610233200000,0.14469,0.14527,0.142,0.14224,1402.2
1610236800000,0.14224,0.14408,0.14123,0.14381,4331.5
1610240400000,0.144,0.146,0.14346,0.14591,1993.4
1610244000000,0.14551,0.14551,0.14313,0.14338,2444.7
1610247600000,0.14347,0.14347,0.14204,0.14224,1580.1
1610251200000,0.14224,0.14448,0.14194,0.14194,2119.7
1610254800000,0.14222,0.14632,0.1418,0.1453,3375.7
1610258400000,0.1451,0.14878,0.14484,0.14857,1673.9
1610262000000,0.14857,0.14874,0.14649,0.14673,2327.9
1610265600000,0.14653,0.14693,0.14505,0.14551,2080.5
1610269200000,0.14551,0.14611,0.14346,0.14367,1811.0
1610272800000,0.14386,0.1453,0.14163,0.14204,2010.7
1610276400000,0.14224,0.14346,0.14,0.14122,4168.4
1610280000000,0.14141,0.14157,0.138,0.14142,3557.9
1610283600000,0.14143,0.14204,0.14122,0.14163,1894.3
1610287200000,0.14142,0.14204,0.13911,0.14062,1486.0
1610290800000,0.14101,0.14102,0.13897,0.14,2040.5
1610294400000,0.14018,0.14102,0.13897,0.13917,518.8
1610298000000,0.13917,0.14,0.13752,0.14,238.8
1610301600000,0.14018,0.14018,0.13841,0.13856,106.3
1610305200000,0.13981,0.14061,0.1384,0.13841,978.9
1610308800000,0.13841,0.13981,0.13693,0.13893,2867.5
1610312400000,0.13969,0.14163,0.139,0.14102,1746.2
1610316000000,0.14102,0.14285,0.14081,0.142,4782.6
1610319600000,0.14204,0.14266,0.141,0.141,2980.7
1610323200000,0.14121,0.14204,0.1402,0.14084,1865.7
1610326800000,0.14081,0.14306,0.1404,0.14081,3294.0
1610330400000,0.14101,0.14163,0.13948,0.14142,2114.1
1610334000000,0.14127,0.142,0.13513,0.13702,2764.4
1610337600000,0.13639,0.139,0.13449,0.13496,1174.6
1610341200000,0.13564,0.13773,0.13564,0.13564,255.6
1610344800000,0.13529,0.13632,0.13275,0.133,705.0
1610348400000,0.13301,0.13585,0.13226,0.13557,571.4
1610352000000,0.13557,0.13773,0.13496,0.13683,655.5
1610355600000,0.13651,0.13773,0.13564,0.13773,663.9
1610359200000,0.13741,0.13911,0.13703,0.13772,268.5
1610362800000,0.13771,0.13865,0.137,0.13771,1943.3
1610366400000,0.13783,0.13911,0.1372,0.13759,452.4
1610370000000,0.13734,0.13801,0.13564,0.13624,244.2
1610373600000,0.13535,0.13627,0.13049,0.13562,4082.0
1610377200000,0.13627,0.13703,0.13357,0.13357,803.1
1610380800000,0.13399,0.13399,0.12397,0.12908,8774.2
1610384400000,0.12908,0.13083,0.12693,0.12999,634.8
1610388000000,0.13057,0.13261,0.12951,0.13081,2248.8
1610391600000,0.1313,0.13131,0.12829,0.13081,1017.6
1610395200000,0.13029,0.1326,0.12935,0.13226,1431.5
1610398800000,0.1326,0.13365,0.13088,0.13217,846.8
1610402400000,0.13293,0.13554,0.13271,0.13486,1832.1
1610406000000,0.13543,0.13741,0.13489,0.13741,1074.8
1610409600000,0.13733,0.13777,0.13485,0.13514,705.3
1610413200000,0.13633,0.13647,0.13381,0.13503,624.1
1610416800000,0.13447,0.13685,0.13339,0.13685,686.9
1610420400000,0.137,0.13782,0.136,0.13665,278.6
1610424000000,0.13722,0.13979,0.13652,0.13841,1172.8
1610427600000,0.13899,0.14163,0.13702,0.14163,1260.5
1610431200000,0.14182,0.14469,0.14142,0.14142,3488.5
1610434800000,0.14142,0.14163,0.13734,0.13841,2042.0
1610438400000,0.13897,0.13981,0.13715,0.13827,720.9
1610442000000,0.13826,0.14007,0.13826,0.14002,1081.2
1610445600000,0.13999,0.13999,0.13588,0.13604,418.6
1610449200000,0.137,0.13775,0.13669,0.13669,101.2
1610452800000,0.13712,0.13771,0.13539,0.13547,1141.9
1610456400000,0.13624,0.13633,0.13408,0.13408,380.9
1610460000000,0.13402,0.13571,0.13321,0.13571,395.7
1610463600000,0.13584,0.13714,0.13564,0.13564,188.5
1610467200000,0.13591,0.14238,0.13591,0.14238,1428.9
1610470800000,0.14244,0.14632,0.14124,0.14551,8201.4
1610474400000,0.14541,0.14871,0.1451,0.14734,10414.6
1610478000000,0.14734,0.14938,0.14512,0.14877,2584.3
1610481600000,0.14861,0.1505,0.14779,0.1505,3874.4
1610485200000,0.15061,0.15102,0.14693,0.14755,2803.9
1610488800000,0.14755,0.14918,0.14734,0.14734,2192.8
1610492400000,0.14734,0.14734,0.14489,0.1463,1333.4
1610496000000,0.14591,0.14612,0.14224,0.1426,1683.2
1610499600000,0.14223,0.14534,0.14204,0.14534,1005.5
1610503200000,0.14551,0.14653,0.14469,0.14599,1086.8
1610506800000,0.14572,0.14693,0.1451,0.14551,1347.3
1610510400000,0.1453,0.146,0.14367,0.14367,1228.0
1610514000000,0.14387,0.14469,0.14244,0.14469,1414.3
1610517600000,0.14484,0.14877,0.14484,0.14857,2051.9
1610521200000,0.14854,0.15061,0.14854,0.14997,1190.4
1610524800000,0.14999,0.15244,0.149,0.15163,2434.6
1610528400000,0.15163,0.15325,0.15,0.15106,2457.1
1610532000000,0.15122,0.15234,0.1502,0.15102,2237.9
1610535600000,0.15104,0.15166,0.14755,0.14877,2473.4
1610539200000,0.14857,0.15076,0.14766,0.14999,1826.3
1610542800000,0.14979,0.1517,0.14918,0.15163,1417.8
1610546400000,0.15183,0.1525,0.14918,0.14938,3143.1
1610550000000,0.14938,0.15204,0.14836,0.15204,1416.0
1610553600000,0.15203,0.15922,0.15203,0.15912,8051.9
1610557200000,0.15921,0.15921,0.15611,0.15704,3166.8
1610560800000,0.15734,0.15795,0.15408,0.15572,2957.7
1610564400000,0.15591,0.15795,0.15571,0.15612,1558.1
1610568000000,0.15632,0.15877,0.15508,0.15591,4241.0
1610571600000,0.15588,0.159,0.15571,0.15755,2056.0
1610575200000,0.1579,0.15877,0.15476,0.1553,2113.5
1610578800000,0.15551,0.15836,0.15489,0.15795,3153.1
1610582400000,0.15796,0.15836,0.15244,0.15702,3026.0
1610586000000,0.15714,0.15714,0.15502,0.15551,2072.3
1610589600000,0.1559,0.16348,0.1559,0.16348,5372.1
1610593200000,0.16376,0.16405,0.15917,0.15917,1288.6
1610596800000,0.15917,0.15917,0.15673,0.15755,2220.4
1610600400000,0.15734,0.15897,0.15632,0.15693,2036.8
1610604000000,0.15779,0.1578,0.15555,0.15612,3315.6
1610607600000,0.15591,0.15857,0.1551,0.15693,3230.5
1610611200000,0.15714,0.15858,0.15673,0.15836,2054.6
1610614800000,0.15836,0.15877,0.15632,0.15739,1812.1
1610618400000,0.15734,0.16,0.15734,0.15918,2894.4
1610622000000,0.159,0.16518,0.15877,0.16419,1794.8
1610625600000,0.16458,0.1688,0.1627,0.1685,1009.1
1610629200000,0.1685,0.17278,0.16445,0.16487,8840.6
1610632800000,0.16522,0.16522,0.16245,0.16422,1027.3
1610636400000,0.16402,0.16405,0.16028,0.16213,1081.6
1610640000000,0.16266,0.1655,0.15722,0.15755,8159.5
1610643600000,0.15795,0.16091,0.1565,0.15693,2682.6
1610647200000,0.15693,0.1573,0.15568,0.15673,3700.0
1610650800000,0.15693,0.15836,0.15611,0.15755,2649.4
1610654400000,0.15756,0.15897,0.15632,0.15633,2020.2
1610658000000,0.15672,0.15794,0.15571,0.15755,3334.9
1610661600000,0.15774,0.15979,0.15702,0.15938,1924.2
1610665200000,0.15918,0.16609,0.15897,0.16609,1361.8
1610668800000,0.16545,0.17193,0.16431,0.16937,5741.4
1610672400000,0.16984,0.17107,0.1659,0.16777,1939.5
1610676000000,0.16681,0.171,0.16597,0.16845,2566.8
1610679600000,0.16923,0.16994,0.16501,0.16666,735.2
1610683200000,0.16613,0.16738,0.16498,0.16738,292.0
1610686800000,0.16699,0.1707,0.16597,0.16655,919.3
1610690400000,0.16743,0.16838,0.16501,0.16777,332.3
1610694000000,0.16741,0.17548,0.16666,0.17366,7114.7
1610697600000,0.17366,0.17554,0.17175,0.17413,2604.9
1610701200000,0.17376,0.18,0.17246,0.17478,12538.3
1610704800000,0.17485,0.17542,0.1728,0.17369,3768.6
1610708400000,0.1746,0.1746,0.17145,0.17319,1005.7
1610712000000,0.17256,0.17319,0.16902,0.17142,2823.4
1610715600000,0.17115,0.17767,0.17108,0.17716,7720.9
1610719200000,0.17694,0.17804,0.17143,0.17293,2374.5
1610722800000,0.1725,0.1728,0.1666,0.16765,1761.8
1610726400000,0.1681,0.1797,0.16445,0.17852,13400.0
1610730000000,0.17771,0.17816,0.17464,0.17544,3078.9
1610733600000,0.17534,0.17775,0.17367,0.17367,1163.4
1610737200000,0.17434,0.17464,0.17247,0.17286,522.9
1610740800000,0.17361,0.17539,0.17246,0.17326,471.8
1610744400000,0.17293,0.17367,0.17205,0.17326,608.1
1610748000000,0.17326,0.17483,0.17172,0.17483,977.5
1610751600000,0.17428,0.18173,0.17395,0.1805,5159.0
1610755200000,0.1805,0.18082,0.17638,0.17955,1726.8
1610758800000,0.17999,0.18082,0.17726,0.17726,809.3
1610762400000,0.17855,0.17856,0.17677,0.17782,242.0
1610766000000,0.17758,0.18131,0.17758,0.1808,1078.7
1610769600000,0.17991,0.18204,0.1793,0.18082,254.3
1610773200000,0.18,0.18,0.17721,0.17848,1494.2
1610776800000,0.17878,0.18017,0.17811,0.1785,1031.4
1610780400000,0.1788,0.18147,0.1782,0.18147,637.8
1610784000000,0.18147,0.1852,0.17971,0.18513,1419.1
1610787600000,0.18451,0.18589,0.1801,0.18279,7225.0
1610791200000,0.18344,0.18543,0.18082,0.18173,936.4
1610794800000,0.18221,0.18221,0.17928,0.18214,5486.3
1610798400000,0.18192,0.18279,0.1792,0.18,6065.5
1610802000000,0.17961,0.18348,0.1792,0.18253,2782.1
1610805600000,0.18215,0.1895,0.18115,0.18758,1688.7
1610809200000,0.18722,0.21136,0.18571,0.20313,13711.6
1610812800000,0.20313,0.213,0.19637,0.198,7649.4
1610816400000,0.19887,0.20196,0.19294,0.19454,12534.0
1610820000000,0.19408,0.19955,0.19299,0.19503,3829.7
1610823600000,0.19593,0.2019,0.19449,0.19903,883.6
1610827200000,0.19914,0.20403,0.19914,0.20134,1111.3
1610830800000,0.20106,0.20106,0.19307,0.19503,3449.7
1610834400000,0.19405,0.19656,0.19066,0.19383,1698.6
1610838000000,0.19379,0.19566,0.1924,0.19562,671.6
1610841600000,0.19554,0.20159,0.19122,0.20159,4606.2
1610845200000,0.20224,0.20256,0.19633,0.19837,2094.1
1610848800000,0.2,0.20931,0.19898,0.20881,7187.3
1610852400000,0.20801,0.20825,0.20295,0.20595,5109.2
1610856000000,0.20632,0.20677,0.19977,0.19977,2288.8
1610859600000,0.19974,0.20171,0.19848,0.1994,1497.1
1610863200000,0.19804,0.20247,0.19804,0.20223,3131.1
1610866800000,0.2016,0.2052,0.19574,0.19827,2934.9
1610870400000,0.19903,0.20129,0.19643,0.19906,1568.2
1610874000000,0.19999,0.20247,0.19802,0.19983,2052.1
1610877600000,0.199,0.20416,0.198,0.20158,692.2
1610881200000,0.20214,0.20689,0.20214,0.20689,1829.4
1610884800000,0.20553,0.20553,0.1999,0.19995,2026.2
1610888400000,0.20024,0.20142,0.19701,0.2009,704.4
1610892000000,0.20049,0.20049,0.19693,0.19897,548.6
1610895600000,0.19802,0.199,0.19579,0.19602,800.3
1610899200000,0.19577,0.19617,0.18857,0.19017,5239.1
1610902800000,0.19026,0.19989,0.19023,0.19879,2375.5
1610906400000,0.1988,0.20241,0.19705,0.19788,3505.4
1610910000000,0.1983,0.19891,0.18925,0.18925,1412.7
1610913600000,0.19112,0.19346,0.18789,0.19146,1153.1
1610917200000,0.19307,0.19656,0.19019,0.1961,2651.4
1610920800000,0.19565,0.19646,0.19062,0.19139,2824.2
1610924400000,0.19079,0.19284,0.18918,0.18918,2137.7
1610928000000,0.18869,0.18942,0.18549,0.18714,2152.3
1610931600000,0.18728,0.19265,0.18728,0.19265,1488.3
1610935200000,0.19265,0.19304,0.18946,0.18946,755.6
1610938800000,0.18982,0.19014,0.18497,0.18714,2891.3
1610942400000,0.18764,0.18826,0.18608,0.18731,787.2
1610946000000,0.18731,0.18834,0.18613,0.18613,718.6
1610949600000,0.1873,0.1889,0.18637,0.1889,1799.2
1610953200000,0.18867,0.1999,0.18826,0.19816,12080.4
1610956800000,0.19868,0.20644,0.19868,0.20288,16529.3
1610960400000,0.20258,0.21251,0.20127,0.20999,4811.2
1610964000000,0.20962,0.21542,0.20859,0.20958,4016.9
1610967600000,0.21002,0.21498,0.20927,0.21028,3898.6
1610971200000,0.21041,0.21198,0.20466,0.20672,7297.8
1610974800000,0.20673,0.21046,0.20668,0.20818,3832.2
1610978400000,0.20818,0.21345,0.20707,0.20707,4311.8
1610982000000,0.20699,0.20755,0.2048,0.20644,10815.8
1610985600000,0.20644,0.20814,0.20136,0.2026,1744.4
1610989200000,0.20341,0.20462,0.2016,0.20317,969.1
1610992800000,0.20444,0.20562,0.20303,0.20394,603.4
1610996400000,0.20374,0.20551,0.2026,0.20521,770.2
1611000000000,0.20561,0.20718,0.20435,0.2067,748.6
1611003600000,0.20668,0.20841,0.20467,0.20467,3039.9
1611007200000,0.20475,0.20534,0.20162,0.20217,1337.2
1611010800000,0.20174,0.20351,0.20025,0.20351,465.9
1611014400000,0.20186,0.20986,0.2015,0.20884,788.2
1611018000000,0.20982,0.21222,0.20526,0.20651,2214.4
1611021600000,0.20557,0.20776,0.20303,0.20677,502.4
1611025200000,0.206,0.20641,0.20259,0.20568,1543.0
1611028800000,0.2051,0.2067,0.20158,0.20164,938.2
1611032400000,0.20259,0.20499,0.20081,0.20156,557.2
1611036000000,0.20107,0.20984,0.2004,0.20526,8885.6
1611039600000,0.20512,0.20717,0.20389,0.20551,620.0
1611043200000,0.20512,0.20591,0.20315,0.20486,4501.1
1611046800000,0.2042,0.20475,0.20165,0.20282,922.8
1611050400000,0.20345,0.20353,0.1997,0.20016,2363.6
1611054000000,0.20032,0.20057,0.19848,0.19873,2754.9
1611057600000,0.19857,0.19881,0.196,0.19626,1342.9
1611061200000,0.19693,0.19856,0.19267,0.19299,3314.4
1611064800000,0.19409,0.20201,0.19375,0.20144,2431.6
1611068400000,0.20144,0.20396,0.19982,0.20332,1650.3
1611072000000,0.20404,0.20943,0.20344,0.20926,2938.1
1611075600000,0.20945,0.21128,0.20849,0.21128,1025.4
1611079200000,0.21052,0.21253,0.20768,0.20786,1585.8
1611082800000,0.20736,0.20854,0.20057,0.20333,6846.8
1611086400000,0.20369,0.2075,0.20344,0.20669,1922.5
1611090000000,0.206,0.21004,0.20567,0.20661,783.1
1611093600000,0.20632,0.20999,0.20627,0.20869,1841.0
1611097200000,0.20904,0.20933,0.20017,0.2026,1832.3
1611100800000,0.20263,0.20924,0.20234,0.20865,465.0
1611104400000,0.20754,0.20908,0.2073,0.20804,516.1
1611108000000,0.20697,0.20816,0.20566,0.20751,713.7
1611111600000,0.20788,0.20788,0.20334,0.20489,582.0
1611115200000,0.20391,0.20482,0.20041,0.20362,3540.9
1611118800000,0.20304,0.20465,0.20182,0.20362,1242.3
1611122400000,0.20381,0.20465,0.20003,0.20003,3447.1
1611126000000,0.20043,0.20123,0.19928,0.20055,3137.7
1611129600000,0.2003,0.20163,0.19773,0.19956,2107.4
1611133200000,0.19928,0.20005,0.19558,0.19558,943.7
1611136800000,0.19551,0.19847,0.19376,0.19755,863.1
1611140400000,0.19755,0.19776,0.19176,0.19279,1929.6
1611144000000,0.19179,0.19676,0.1896,0.19515,7454.4
1611147600000,0.19425,0.19756,0.19298,0.19747,774.0
1611151200000,0.19776,0.19933,0.19697,0.19785,536.4
1611154800000,0.19849,0.19956,0.19326,0.19439,734.9
1611158400000,0.19429,0.20049,0.19055,0.19726,2689.7
1611162000000,0.19729,0.20009,0.19637,0.1995,1242.3
1611165600000,0.19988,0.20136,0.19817,0.20089,2131.3
1611169200000,0.20089,0.20816,0.19906,0.20776,2117.6
1611172800000,0.20833,0.20928,0.20468,0.20741,4995.2
1611176400000,0.20755,0.21074,0.20623,0.21052,2899.3
1611180000000,0.21052,0.21092,0.20879,0.20986,1118.2
1611183600000,0.21,0.21305,0.20845,0.21069,744.9
1611187200000,0.21176,0.21233,0.20864,0.20864,779.5
1611190800000,0.20864,0.2087,0.206,0.206,1345.0
1611194400000,0.20704,0.20709,0.20499,0.20607,343.7
1611198000000,0.20511,0.20511,0.20234,0.20284,446.2
1611201600000,0.20234,0.20416,0.19785,0.19785,237.4
1611205200000,0.1989,0.19956,0.19673,0.19956,565.8
1611208800000,0.19999,0.20032,0.19672,0.19783,445.8
1611212400000,0.19818,0.19923,0.19593,0.19714,462.1
1611216000000,0.19721,0.19767,0.1946,0.1946,1826.8
1611219600000,0.19557,0.19945,0.19306,0.19945,693.1
1611223200000,0.19852,0.20367,0.19732,0.20314,2110.4
1611226800000,0.20321,0.20387,0.20124,0.20124,1372.4
1611230400000,0.20081,0.20665,0.19909,0.206,1212.8
1611234000000,0.20575,0.20772,0.20259,0.20259,600.0
1611237600000,0.20283,0.20321,0.19899,0.19899,457.0
1611241200000,0.19981,0.20486,0.19977,0.2031,605.5
1611244800000,0.2031,0.20715,0.201,0.201,384.8
1611248400000,0.201,0.20224,0.20024,0.20182,162.1
1611252000000,0.20171,0.20218,0.20057,0.20163,416.7
1611255600000,0.20129,0.20273,0.20003,0.20233,99.6
1611259200000,0.2027,0.20329,0.20124,0.20254,1266.4
1611262800000,0.2023,0.20397,0.20069,0.20143,1563.2
1611266400000,0.20067,0.20067,0.19143,0.19676,1869.9
1611270000000,0.19704,0.19867,0.196,0.19637,593.3
1611273600000,0.19584,0.19725,0.19001,0.1953,1740.9
1611277200000,0.19499,0.20494,0.19424,0.20491,661.0
1611280800000,0.20487,0.20719,0.20366,0.20499,902.3
1611284400000,0.204,0.20463,0.20096,0.2041,863.0
1611288000000,0.20444,0.20842,0.20357,0.20357,509.8
1611291600000,0.20386,0.20794,0.20237,0.20794,325.4
1611295200000,0.20726,0.20766,0.20469,0.20553,943.5
1611298800000,0.20606,0.20713,0.20362,0.20409,377.8
1611302400000,0.20514,0.20581,0.20234,0.20384,275.5
1611306000000,0.20446,0.20551,0.20289,0.20289,442.5
1611309600000,0.20335,0.20718,0.20269,0.20681,1556.9
1611313200000,0.20681,0.20928,0.20535,0.20567,2990.6
1611316800000,0.20672,0.20964,0.20672,0.20706,343.8
1611320400000,0.20777,0.21112,0.20632,0.20816,1052.8
1611324000000,0.20895,0.21036,0.20642,0.20826,223.7
1611327600000,0.20736,0.21172,0.20736,0.21092,1177.1
1611331200000,0.21152,0.22093,0.21152,0.21725,2829.8
1611334800000,0.21808,0.21893,0.21244,0.21462,3081.0
1611338400000,0.21499,0.21613,0.21183,0.21183,611.7
1611342000000,0.21253,0.21705,0.21215,0.21522,642.9
1611345600000,0.21581,0.21815,0.21361,0.2151,399.8
1611349200000,0.21499,0.2175,0.21499,0.2151,2021.4
1611352800000,0.21554,0.219,0.21367,0.216,3402.6
1611356400000,0.216,0.2175,0.21296,0.21297,892.6
1611360000000,0.21262,0.21367,0.21142,0.21367,124.5
1611363600000,0.21381,0.21473,0.21302,0.21338,268.7
1611367200000,0.21499,0.2163,0.21354,0.21407,255.5
1611370800000,0.21457,0.21759,0.2133,0.21759,348.5
1611374400000,0.21736,0.21936,0.21541,0.2189,1080.3
1611378000000,0.2189,0.22177,0.21754,0.2203,1176.4
1611381600000,0.22096,0.22724,0.21961,0.22244,3573.1
1611385200000,0.22357,0.22509,0.22214,0.22344,479.7
1611388800000,0.22302,0.22386,0.21849,0.22102,992.9
1611392400000,0.22102,0.22519,0.22087,0.22451,860.0
1611396000000,0.22519,0.22583,0.21959,0.22045,401.9
1611399600000,0.22022,0.22214,0.21828,0.22014,601.4
1611403200000,0.22122,0.22514,0.22122,0.22258,820.8
1611406800000,0.22249,0.22564,0.22074,0.22311,2194.6
1611410400000,0.22363,0.22383,0.22052,0.22249,748.6
1611414000000,0.22222,0.22541,0.2222,0.22244,670.8
1611417600000,0.22279,0.22698,0.22279,0.22541,708.9
1611421200000,0.22499,0.22706,0.22384,0.22592,734.3
1611424800000,0.22622,0.23285,0.22622,0.23093,2570.3
1611428400000,0.23108,0.2321,0.23043,0.23163,1389.2
1611432000000,0.23163,0.23202,0.22931,0.22931,1365.4
1611435600000,0.22998,0.23229,0.22943,0.2312,796.2
1611439200000,0.23163,0.23163,0.22837,0.2291,1379.1
1611442800000,0.23045,0.23093,0.22795,0.22831,222.4
1611446400000,0.22875,0.23276,0.2259,0.23131,510.1
1611450000000,0.231,0.24,0.23093,0.23714,2616.3
1611453600000,0.23685,0.24128,0.2357,0.23766,1562.8
1611457200000,0.23884,0.23923,0.23575,0.23814,701.7
1611460800000,0.23861,0.24673,0.23861,0.24204,1986.3
1611464400000,0.24209,0.24485,0.24068,0.24319,1594.6
1611468000000,0.24382,0.24385,0.23755,0.23928,2585.0
1611471600000,0.23928,0.24043,0.23802,0.23979,1112.2
1611475200000,0.23979,0.23979,0.235,0.23689,1007.8
1611478800000,0.2372,0.24297,0.2371,0.24155,3135.3
1611482400000,0.24189,0.2512,0.23899,0.24908,1792.0
1611486000000,0.25001,0.25598,0.24972,0.2531,2907.7
1611489600000,0.25408,0.25601,0.24947,0.25031,1952.9
1611493200000,0.25043,0.25517,0.24883,0.25178,2157.7
1611496800000,0.25177,0.25562,0.24768,0.25266,9400.8
1611500400000,0.25125,0.26755,0.25125,0.26646,2238.3
1611504000000,0.26737,0.28672,0.26737,0.27894,10741.2
1611507600000,0.2788,0.28103,0.27202,0.27267,5682.7
1611511200000,0.27202,0.27624,0.26995,0.27229,2640.0
1611514800000,0.27229,0.27467,0.26455,0.268,2011.4
1611518400000,0.26737,0.275,0.26601,0.27497,2187.3
1611522000000,0.27498,0.28197,0.27343,0.27538,1111.3
1611525600000,0.27433,0.28314,0.273,0.2798,1187.9
1611529200000,0.27925,0.29428,0.27859,0.28672,13070.8
1611532800000,0.2862,0.29245,0.28101,0.28959,2791.2
1611536400000,0.28962,0.29,0.28161,0.28611,1109.2
1611540000000,0.28634,0.29664,0.28243,0.296,1968.1
1611543600000,0.29549,0.30366,0.29076,0.29359,3122.0
1611547200000,0.29251,0.29818,0.28842,0.29818,3447.7
1611550800000,0.29733,0.29948,0.29228,0.29304,13565.9
1611554400000,0.2935,0.29508,0.28672,0.28817,993.1
1611558000000,0.28794,0.28961,0.2803,0.28782,3008.0
1611561600000,0.28784,0.2893,0.283,0.28391,2102.4
1611565200000,0.28422,0.28512,0.27089,0.27573,5111.2
1611568800000,0.27612,0.28326,0.27439,0.28276,1480.3
1611572400000,0.28259,0.28652,0.2768,0.28123,2710.4
1611576000000,0.28123,0.28544,0.27673,0.27673,2617.7
1611579600000,0.27673,0.27877,0.265,0.27043,18984.9
1611583200000,0.27059,0.27244,0.26451,0.26731,4211.8
1611586800000,0.26731,0.27578,0.26706,0.27481,2093.6
1611590400000,0.27577,0.27723,0.26574,0.26918,1940.1
1611594000000,0.26945,0.2731,0.26671,0.26877,1399.1
1611597600000,0.26817,0.27234,0.2673,0.26814,994.6
1611601200000,0.26756,0.27108,0.265,0.27108,1093.4
1611604800000,0.26998,0.27255,0.26877,0.272,1331.3
1611608400000,0.27062,0.28067,0.2668,0.27918,4099.6
1611612000000,0.27889,0.28385,0.27265,0.27839,3526.6
1611615600000,0.27867,0.27965,0.27061,0.27061,5318.3
1611619200000,0.27052,0.31342,0.27052,0.30554,8220.7
1611622800000,0.30588,0.31024,0.29717,0.30816,2580.2
1611626400000,0.30706,0.30706,0.29255,0.29551,1233.8
1611630000000,0.29644,0.29937,0.28897,0.29628,2474.7
1611633600000,0.29538,0.30335,0.29517,0.30085,2521.9
1611637200000,0.30227,0.30837,0.3,0.30733,1534.5
1611640800000,0.30708,0.30763,0.3,0.30586,1313.6
1611644400000,0.30572,0.30919,0.30114,0.30512,1025.6
1611648000000,0.3073,0.32036,0.30703,0.31179,6425.1
1611651600000,0.31275,0.31275,0.30531,0.3089,1146.9
1611655200000,0.30761,0.31,0.3022,0.30517,1614.5
1611658800000,0.30506,0.31318,0.30455,0.31134,603.1
1611662400000,0.31316,0.31349,0.29638,0.29749,3679.4
1611666000000,0.2985,0.3022,0.29269,0.30077,2243.0
1611669600000,0.30077,0.30466,0.29571,0.30148,4088.4
1611673200000,0.30148,0.31224,0.30107,0.307,3384.8
1611676800000,0.30815,0.32714,0.30628,0.32048,6888.1
1611680400000,0.32229,0.33368,0.32114,0.32845,6044.4
1611684000000,0.32882,0.33452,0.31938,0.325,8697.9
1611687600000,0.325,0.32767,0.3218,0.32557,2135.2
1611691200000,0.32656,0.3317,0.32531,0.327,2527.4
1611694800000,0.328,0.34025,0.327,0.33474,4383.8
1611698400000,0.33472,0.34658,0.33364,0.33774,6537.8
1611702000000,0.3371,0.34206,0.32869,0.33184,3950.1
1611705600000,0.33231,0.33438,0.32304,0.32762,3395.7
1611709200000,0.32631,0.32638,0.31821,0.3223,1635.2
1611712800000,0.32226,0.33032,0.32226,0.32697,1198.0
1611716400000,0.32656,0.33242,0.32484,0.33199,486.2
1611720000000,0.33085,0.3375,0.32956,0.33491,2439.0
1611723600000,0.33494,0.33496,0.32569,0.32833,3846.2
1611727200000,0.32948,0.33165,0.3267,0.32875,849.5
1611730800000,0.32948,0.33351,0.32557,0.32557,3489.4
1611734400000,0.32557,0.32696,0.31703,0.32086,3112.2
1611738000000,0.32166,0.335,0.32031,0.33324,2050.5
1611741600000,0.33193,0.34204,0.33016,0.34042,2987.1
1611745200000,0.34042,0.35078,0.33905,0.34156,10839.6
1611748800000,0.33989,0.34739,0.337,0.339,4293.1
1611752400000,0.339,0.34477,0.33078,0.33109,3342.9
1611756000000,0.33133,0.34204,0.32636,0.34046,3927.7
1611759600000,0.34046,0.35517,0.33947,0.35424,4492.9
1611763200000,0.35424,0.37051,0.3513,0.35567,7101.6
1611766800000,0.35411,0.36057,0.35178,0.35589,2475.7
1611770400000,0.35596,0.36815,0.35596,0.3625,5714.6
1611774000000,0.3625,0.37048,0.36192,0.3692,3450.8
1611777600000,0.36917,0.37667,0.3653,0.36671,3031.4
1611781200000,0.36649,0.37923,0.36509,0.37643,2938.8
1611784800000,0.37804,0.37901,0.36928,0.37204,6420.5
1611788400000,0.37204,0.37503,0.35946,0.36164,5583.1
1611792000000,0.36014,0.37344,0.35963,0.37229,995.3
1611795600000,0.37321,0.37433,0.36143,0.37027,3319.5
1611799200000,0.36785,0.3687,0.35714,0.35714,4225.3
1611802800000,0.35714,0.362,0.35304,0.35308,2378.1
1611806400000,0.35306,0.35357,0.34063,0.34842,2245.6
1611810000000,0.3476,0.34885,0.33779,0.34299,1532.6
1611813600000,0.34343,0.34984,0.34154,0.34328,1488.3
1611817200000,0.34288,0.34598,0.34149,0.34441,715.5
1611820800000,0.34434,0.3463,0.33351,0.33396,6564.9
1611824400000,0.3341,0.33858,0.33076,0.33532,4164.8
1611828000000,0.33539,0.33701,0.32552,0.32981,3508.7
1611831600000,0.33029,0.33126,0.3204,0.33122,9142.6
1611835200000,0.32999,0.34123,0.32743,0.34,5387.7
1611838800000,0.34002,0.35261,0.33827,0.34806,3168.8
1611842400000,0.34752,0.34875,0.33701,0.33865,3758.2
1611846000000,0.33834,0.34067,0.33,0.33806,10429.5
1611849600000,0.33814,0.34058,0.3306,0.33642,2951.6
1611853200000,0.33541,0.34918,0.334,0.34242,5494.3
1611856800000,0.34242,0.34658,0.33806,0.34355,2602.4
1611860400000,0.344,0.34514,0.33898,0.34076,6241.8
1611864000000,0.34068,0.34418,0.33868,0.34185,2632.2
1611867600000,0.34198,0.34788,0.34109,0.34211,2244.6
1611871200000,0.34109,0.34745,0.33676,0.33676,1518.3
1611874800000,0.33806,0.34157,0.33113,0.33155,4399.9
1611878400000,0.33317,0.3358,0.32977,0.33466,3126.4
1611882000000,0.33491,0.34784,0.33332,0.34627,3323.2
1611885600000,0.347,0.36828,0.34002,0.35535,10387.2
1611889200000,0.35714,0.35992,0.34634,0.34978,3188.9
1611892800000,0.34927,0.35681,0.3445,0.35276,3805.8
1611896400000,0.35256,0.36119,0.34931,0.34931,1622.8
1611900000000,0.35061,0.35631,0.34809,0.35572,1355.8
1611903600000,0.35635,0.35937,0.35131,0.35654,1828.1
1611907200000,0.35653,0.35653,0.34345,0.34576,2162.3
1611910800000,0.34427,0.35094,0.33,0.33709,5681.1
1611914400000,0.33529,0.34399,0.33524,0.33631,1927.5
1611918000000,0.33635,0.34191,0.33598,0.34092,3302.2
1611921600000,0.34095,0.34259,0.33247,0.33247,1586.9
1611925200000,0.33247,0.33741,0.32455,0.32763,4009.7
1611928800000,0.32845,0.3329,0.32548,0.32933,2520.3
1611932400000,0.33097,0.33308,0.32846,0.33064,881.8
1611936000000,0.3306,0.34855,0.33049,0.34666,6286.1
1611939600000,0.34753,0.34753,0.34004,0.34416,4176.5
1611943200000,0.34403,0.3488,0.34275,0.34532,1558.8
1611946800000,0.34535,0.35166,0.34231,0.34786,1043.8
1611950400000,0.34983,0.35504,0.34809,0.35244,1462.9
1611954000000,0.35317,0.36521,0.35307,0.36286,2011.0
1611957600000,0.36239,0.363,0.35302,0.35598,2057.7
1611961200000,0.3544,0.3683,0.35077,0.3659,1715.6
1611964800000,0.36602,0.36832,0.35566,0.35566,4803.9
1611968400000,0.35565,0.359,0.35253,0.35626,1625.3
1611972000000,0.359,0.36438,0.3573,0.35991,4580.8
1611975600000,0.36072,0.36277,0.35499,0.35708,450.0
1611979200000,0.35756,0.3619,0.35462,0.35559,668.6
1611982800000,0.35507,0.35835,0.354,0.35504,266.2
1611986400000,0.35402,0.35711,0.35174,0.35515,559.1
1611990000000,0.35545,0.35609,0.34915,0.34915,4483.2
1611993600000,0.35035,0.35177,0.34695,0.35017,458.1
1611997200000,0.35016,0.35727,0.35014,0.35249,1637.4
1612000800000,0.35185,0.35727,0.34763,0.34988,2216.1
1612004400000,0.35058,0.35458,0.34926,0.35097,1024.6
1612008000000,0.35097,0.3654,0.34992,0.3654,2890.0
1612011600000,0.36511,0.37882,0.36257,0.37605,12805.8
1612015200000,0.37656,0.3766,0.36925,0.37313,5160.7
1612018800000,0.3726,0.3865,0.3708,0.37743,14260.9
1612022400000,0.37809,0.42237,0.37736,0.41466,8695.3
1612026000000,0.41607,0.41719,0.39882,0.41395,11842.9
1612029600000,0.413,0.41383,0.39112,0.39897,4040.0
1612033200000,0.39984,0.41257,0.39535,0.40807,4051.7
1612036800000,0.40987,0.42069,0.40739,0.42025,3775.0
1612040400000,0.4187,0.4187,0.40817,0.41358,3501.1
1612044000000,0.41452,0.4208,0.40965,0.41772,2368.5
1612047600000,0.41773,0.43767,0.41104,0.43565,3900.5
1612051200000,0.43577,0.44639,0.4193,0.42214,7958.1
1612054800000,0.421,0.43409,0.4203,0.42789,8941.8
1612058400000,0.42992,0.44266,0.42771,0.44133,2217.4
1612062000000,0.4408,0.45849,0.43918,0.44393,6316.9
1612065600000,0.44478,0.45405,0.43877,0.43877,4696.2
1612069200000,0.43818,0.43889,0.42657,0.43468,3071.5
1612072800000,0.43633,0.43854,0.418,0.42469,1350.6
1612076400000,0.42318,0.44058,0.41738,0.4403,1782.6
1612080000000,0.43901,0.44744,0.43347,0.43567,3409.8
1612083600000,0.43575,0.44354,0.42503,0.42772,1824.2
1612087200000,0.428,0.43729,0.42422,0.42744,6272.7
1612090800000,0.42608,0.4269,0.42106,0.42106,1522.3
1612094400000,0.42056,0.43077,0.41818,0.42311,4367.2
1612098000000,0.4231,0.42744,0.41738,0.42079,1503.3
1612101600000,0.41958,0.42343,0.41236,0.41236,2933.2
1612105200000,0.41454,0.41618,0.4007,0.41385,6166.7
1612108800000,0.41387,0.43258,0.41274,0.42736,3745.0
1612112400000,0.42582,0.42582,0.40599,0.40765,2875.6
1612116000000,0.40651,0.41539,0.4025,0.40514,5354.1
1612119600000,0.40515,0.4102,0.40013,0.40013,2225.6
1612123200000,0.401,0.41029,0.39913,0.40902,1581.4
1612126800000,0.40739,0.41617,0.40739,0.4076,1526.3
1612130400000,0.40767,0.41488,0.40509,0.4055,2088.8
1612134000000,0.40509,0.40789,0.39795,0.39795,845.0
1612137600000,0.40008,0.40142,0.38111,0.38641,4214.8
1612141200000,0.38643,0.39875,0.38643,0.39614,7091.5
1612144800000,0.39642,0.3968,0.38759,0.39328,1263.2
1612148400000,0.39352,0.40759,0.39193,0.40376,1442.6
1612152000000,0.40329,0.41459,0.39706,0.3986,2525.9
1612155600000,0.3984,0.39932,0.3904,0.39344,4497.3
1612159200000,0.39426,0.3971,0.38716,0.38716,1202.5
1612162800000,0.38886,0.39094,0.38631,0.38983,4944.7
1612166400000,0.38944,0.39484,0.38176,0.38434,2145.9
1612170000000,0.38309,0.3835,0.36993,0.37714,5522.0
1612173600000,0.37653,0.3796,0.37256,0.3796,6053.1
1612177200000,0.37918,0.39165,0.36946,0.36946,4502.3
1612180800000,0.36978,0.38055,0.36947,0.37696,3517.9
1612184400000,0.37696,0.38921,0.37498,0.3762,3190.7
1612188000000,0.37548,0.38324,0.3685,0.36982,2286.3
1612191600000,0.36882,0.38638,0.36051,0.38144,4187.8
1612195200000,0.38265,0.41589,0.37829,0.40675,7225.5
1612198800000,0.40745,0.40805,0.38959,0.38959,6630.0
1612202400000,0.39192,0.40409,0.39159,0.40211,10689.2
1612206000000,0.4027,0.42,0.40107,0.41752,3587.9
1612209600000,0.41752,0.41768,0.40329,0.41169,27670.5
1612213200000,0.41138,0.41305,0.38246,0.38647,7487.9
1612216800000,0.38647,0.38964,0.37548,0.38305,6792.3
1612220400000,0.3854,0.40454,0.3854,0.399,4917.2
1612224000000,0.399,0.40102,0.38571,0.39353,5258.4
1612227600000,0.39484,0.40273,0.38975,0.391,1882.7
1612231200000,0.391,0.39254,0.37342,0.38374,4122.1
1612234800000,0.38218,0.38877,0.38192,0.385,616.9
1612238400000,0.38686,0.38835,0.37572,0.3817,2273.8
1612242000000,0.38272,0.39353,0.38272,0.391,2070.4
1612245600000,0.39146,0.39174,0.37987,0.38,2020.1
1612249200000,0.38085,0.38325,0.37346,0.379,3908.0
1612252800000,0.37858,0.38183,0.36603,0.38145,4775.9
1612256400000,0.38137,0.38232,0.365,0.37272,5429.1
1612260000000,0.37278,0.37517,0.35863,0.35873,4781.6
1612263600000,0.3593,0.36662,0.35258,0.363,8203.1
1612267200000,0.36453,0.36942,0.3587,0.36942,6485.9
1612270800000,0.36904,0.37424,0.36528,0.37396,3098.9
1612274400000,0.37317,0.37431,0.36589,0.36866,43388.1
1612278000000,0.36772,0.37702,0.3669,0.37496,1668.8
1612281600000,0.37543,0.37544,0.36384,0.36439,4711.3
1612285200000,0.36488,0.37183,0.35927,0.3674,5631.6
1612288800000,0.36734,0.36972,0.36512,0.36817,1842.4
1612292400000,0.36838,0.37919,0.36744,0.37919,1417.1
1612296000000,0.37919,0.37968,0.37031,0.37346,2932.1
1612299600000,0.3743,0.37959,0.37323,0.37588,3022.7
1612303200000,0.37565,0.38023,0.37434,0.37657,3443.6
1612306800000,0.37684,0.37859,0.37204,0.37204,897.6
1612310400000,0.37245,0.37259,0.36388,0.36494,1489.2
1612314000000,0.36534,0.37277,0.3625,0.37277,1319.6
1612317600000,0.37278,0.37298,0.36906,0.3716,174.6
1612321200000,0.37197,0.38124,0.37195,0.37449,2228.9
1612324800000,0.37449,0.37784,0.37266,0.37389,1243.8
1612328400000,0.37528,0.38458,0.3728,0.38458,1462.3
1612332000000,0.38385,0.385,0.37801,0.38071,1611.3
1612335600000,0.37925,0.39072,0.3787,0.387,4747.1
1612339200000,0.3863,0.38758,0.38336,0.38447,1159.6
1612342800000,0.38512,0.38943,0.38192,0.38827,3615.6
1612346400000,0.38886,0.38886,0.38422,0.38729,2069.6
1612350000000,0.38729,0.39038,0.38183,0.38343,9232.0
1612353600000,0.38177,0.3917,0.38177,0.3895,2004.7
1612357200000,0.38804,0.39037,0.38465,0.38605,4738.8
1612360800000,0.38688,0.3901,0.38372,0.38616,2109.8
1612364400000,0.38731,0.38876,0.38371,0.38846,2215.3
1612368000000,0.38863,0.39995,0.38837,0.3975,4536.2
1612371600000,0.39609,0.39762,0.39133,0.39288,1500.3
1612375200000,0.39289,0.39771,0.3912,0.39633,1147.3
1612378800000,0.39571,0.39675,0.38473,0.38585,1798.7
1612382400000,0.3881,0.39244,0.38584,0.39007,1749.1
1612386000000,0.38951,0.38951,0.3758,0.37589,3643.2
1612389600000,0.37842,0.37921,0.37404,0.3775,1884.8
1612393200000,0.37802,0.38025,0.37215,0.37881,1155.7
1612396800000,0.37922,0.38412,0.3746,0.37846,1046.1
1612400400000,0.37825,0.39889,0.37825,0.3937,1589.7
1612404000000,0.39476,0.40787,0.39191,0.40787,2637.4
1612407600000,0.40846,0.40874,0.39487,0.4,480.9
1612411200000,0.39901,0.40437,0.39638,0.39857,1142.4
1612414800000,0.39713,0.40161,0.39157,0.39308,1499.6
1612418400000,0.39288,0.39699,0.39183,0.39474,2244.0
1612422000000,0.39364,0.39697,0.38855,0.38855,3349.7
1612425600000,0.39002,0.39387,0.38,0.38366,3800.5
1612429200000,0.38367,0.39403,0.3705,0.39038,12245.7
1612432800000,0.39124,0.39486,0.38422,0.38585,4034.2
1612436400000,0.38422,0.38422,0.3797,0.38219,2093.7
1612440000000,0.38117,0.38269,0.3738,0.37628,1480.5
1612443600000,0.37585,0.38633,0.37433,0.38428,2524.8
1612447200000,0.38367,0.38788,0.37788,0.38163,5475.2
1612450800000,0.38163,0.38367,0.37661,0.3784,1232.2
1612454400000,0.38036,0.38518,0.37829,0.38428,1399.3
1612458000000,0.38377,0.38697,0.37967,0.38063,1634.5
1612461600000,0.38221,0.39076,0.38221,0.38769,2416.0
1612465200000,0.38769,0.38863,0.37738,0.37738,1488.0
1612468800000,0.37819,0.38288,0.37411,0.37419,1722.8
1612472400000,0.37578,0.37578,0.36281,0.36475,4744.1
1612476000000,0.36481,0.36815,0.3551,0.36319,7747.0
1612479600000,0.36326,0.36369,0.35652,0.35952,1665.6
1612483200000,0.35857,0.36039,0.35497,0.356,1465.5
1612486800000,0.3571,0.36215,0.35048,0.35333,7906.3
1612490400000,0.35337,0.35425,0.34696,0.35306,1674.6
1612494000000,0.35384,0.36243,0.35384,0.35532,1164.1
1612497600000,0.3546,0.35961,0.3522,0.35786,970.4
1612501200000,0.35838,0.36077,0.3549,0.36077,1275.0
1612504800000,0.36026,0.36057,0.35161,0.35166,780.0
1612508400000,0.35224,0.35854,0.35188,0.3574,2300.3
1612512000000,0.35758,0.36087,0.35116,0.35411,3545.5
1612515600000,0.35411,0.35456,0.34465,0.3494,3182.8
1612519200000,0.34925,0.35204,0.34285,0.34593,4820.3
1612522800000,0.34625,0.34811,0.34145,0.34572,1602.1
1612526400000,0.34404,0.34707,0.34039,0.34343,3809.9
1612530000000,0.34413,0.34413,0.33522,0.34355,3532.7
1612533600000,0.3442,0.35221,0.34331,0.35161,4267.8
1612537200000,0.35099,0.35419,0.34464,0.35102,1792.0
1612540800000,0.35299,0.3673,0.35246,0.35714,4517.8
1612544400000,0.35535,0.35535,0.34821,0.3509,2932.9
1612548000000,0.35,0.35078,0.33819,0.33819,1596.9
1612551600000,0.33947,0.34244,0.33464,0.33661,1399.1
1612555200000,0.33642,0.33642,0.32491,0.33476,6342.6
1612558800000,0.33506,0.33637,0.32348,0.32379,5509.0
1612562400000,0.32627,0.32845,0.3109,0.3137,7814.4
1612566000000,0.31409,0.31578,0.30753,0.3127,4389.7
1612569600000,0.31328,0.33356,0.31328,0.32317,6110.6
1612573200000,0.32311,0.32921,0.31837,0.31837,4859.7
1612576800000,0.31972,0.32174,0.30955,0.31265,3024.5
1612580400000,0.30931,0.31485,0.30287,0.31071,2150.8
1612584000000,0.30918,0.312,0.3072,0.30939,569.9
1612587600000,0.30835,0.31073,0.30287,0.30467,754.1
1612591200000,0.30466,0.30466,0.28305,0.2845,6671.8
1612594800000,0.28405,0.29013,0.2727,0.28275,18731.4
1612598400000,0.28215,0.28669,0.27823,0.27997,3635.2
1612602000000,0.27949,0.28355,0.26542,0.26854,12852.9
1612605600000,0.26856,0.27408,0.26343,0.2696,21902.5
1612609200000,0.26923,0.27423,0.26196,0.26262,3793.8
1612612800000,0.26262,0.26618,0.25846,0.26536,4166.7
1612616400000,0.26524,0.26524,0.25965,0.26071,1287.5
1612620000000,0.26149,0.27292,0.2606,0.27083,3187.9
1612623600000,0.27236,0.27697,0.2707,0.27344,2384.9
1612627200000,0.27328,0.27328,0.26257,0.26887,5017.0
1612630800000,0.26744,0.27266,0.26552,0.27068,1898.0
1612634400000,0.27189,0.27837,0.27089,0.2762,4306.7
1612638000000,0.27696,0.28412,0.27567,0.278,5597.3
1612641600000,0.27772,0.28251,0.27623,0.27841,2550.7
1612645200000,0.27971,0.27977,0.2708,0.27113,2414.3
1612648800000,0.27182,0.27303,0.26729,0.26751,2392.6
1612652400000,0.26732,0.26926,0.262,0.26431,5824.2
1612656000000,0.26431,0.26713,0.26209,0.26332,7251.8
1612659600000,0.26332,0.26596,0.25902,0.2621,2737.1
1612663200000,0.2621,0.26774,0.2621,0.2629,1710.1
1612666800000,0.2632,0.27077,0.2632,0.26946,1199.2
1612670400000,0.26931,0.26969,0.26257,0.26379,678.3
1612674000000,0.26273,0.26655,0.26135,0.26538,2282.3
1612677600000,0.26621,0.26626,0.26209,0.26324,1054.9
1612681200000,0.26298,0.26485,0.25716,0.26055,2571.8
1612684800000,0.26145,0.27101,0.26145,0.27068,1586.7
1612688400000,0.27055,0.27055,0.26648,0.26793,989.9
1612692000000,0.26864,0.26946,0.26622,0.2683,1371.1
1612695600000,0.26826,0.26845,0.26383,0.26383,1526.8
1612699200000,0.26379,0.26666,0.26271,0.26434,857.1
1612702800000,0.26435,0.2674,0.26305,0.26473,2521.7
1612706400000,0.2637,0.2658,0.26221,0.26377,1483.3
1612710000000,0.26497,0.27128,0.2622,0.26507,5686.6
1612713600000,0.26379,0.26678,0.26089,0.26636,3254.6
1612717200000,0.26636,0.26793,0.26374,0.26749,15827.8
1612720800000,0.26793,0.27351,0.26793,0.27067,2233.7
1612724400000,0.26996,0.27117,0.26488,0.2673,1145.2
1612728000000,0.26628,0.27158,0.26627,0.27158,819.6
1612731600000,0.27014,0.27326,0.267,0.26855,1195.7
1612735200000,0.2687,0.27308,0.26727,0.27308,2483.6
1612738800000,0.27302,0.27341,0.26871,0.2734,1940.8
1612742400000,0.27344,0.27395,0.2678,0.26926,3846.1
1612746000000,0.26894,0.26896,0.26564,0.26734,2681.7
1612749600000,0.26667,0.26931,0.26566,0.26606,1026.4
1612753200000,0.26606,0.26793,0.26241,0.26246,1056.4
1612756800000,0.26246,0.26365,0.25452,0.26346,8445.9
1612760400000,0.26346,0.26732,0.26006,0.26006,2100.0
1612764000000,0.2606,0.26625,0.25896,0.26498,2220.1
1612767600000,0.26498,0.26534,0.2545,0.26204,2752.2
1612771200000,0.26264,0.26918,0.26264,0.26786,2205.1
1612774800000,0.26757,0.27,0.26164,0.26641,3195.5
1612778400000,0.26532,0.26882,0.2632,0.26736,7119.4
1612782000000,0.26781,0.2746,0.26773,0.27187,4742.0
1612785600000,0.27207,0.27538,0.26819,0.271,2183.2
1612789200000,0.27115,0.27115,0.26199,0.262,2963.9
1612792800000,0.26296,0.26522,0.25542,0.25843,2618.5
1612796400000,0.2591,0.26752,0.25784,0.26744,1403.6
1612800000000,0.26642,0.27156,0.26328,0.2646,1776.3
1612803600000,0.26461,0.26535,0.26081,0.26263,767.7
1612807200000,0.26263,0.26394,0.25721,0.25813,3665.9
1612810800000,0.25813,0.25913,0.25225,0.25269,1982.6
1612814400000,0.25362,0.25459,0.25,0.252,11292.7
1612818000000,0.25199,0.25199,0.24534,0.24624,6777.5
1612821600000,0.24624,0.247,0.2387,0.23889,3931.8
1612825200000,0.2406,0.24366,0.23937,0.24139,1620.2
1612828800000,0.2414,0.24291,0.23417,0.23651,1972.8
1612832400000,0.23728,0.23849,0.23278,0.23714,9750.8
1612836000000,0.23705,0.24365,0.23632,0.24135,6960.1
1612839600000,0.24089,0.24204,0.23586,0.23586,938.6
1612843200000,0.23582,0.23584,0.22904,0.22931,2245.4
1612846800000,0.22878,0.22882,0.22414,0.22526,4019.0
1612850400000,0.22513,0.22577,0.20113,0.20543,13939.5
1612854000000,0.20561,0.21377,0.19822,0.20633,11283.7
1612857600000,0.2055,0.21559,0.20352,0.20817,7110.8
1612861200000,0.20944,0.21446,0.20418,0.20815,6371.8
1612864800000,0.20888,0.20982,0.20575,0.20982,4843.1
1612868400000,0.21026,0.21027,0.2023,0.2043,2406.2
1612872000000,0.20489,0.20939,0.20417,0.20786,2786.5
1612875600000,0.20786,0.2084,0.19068,0.19687,13066.5
1612879200000,0.19642,0.19926,0.1943,0.1958,7339.3
1612882800000,0.1958,0.19627,0.18004,0.18065,23989.6
1612886400000,0.18065,0.18351,0.16676,0.17049,19424.3
1612890000000,0.17012,0.18451,0.16783,0.18057,17272.3
1612893600000,0.181,0.19176,0.17742,0.18868,18208.3
1612897200000,0.18838,0.18838,0.17975,0.18259,10109.2
1612900800000,0.18303,0.18808,0.18303,0.18454,6163.4
1612904400000,0.18516,0.18565,0.175,0.17755,11270.7
1612908000000,0.17736,0.17829,0.17165,0.17711,11422.7
1612911600000,0.17754,0.18228,0.1762,0.18173,6279.3
1612915200000,0.18142,0.18142,0.17661,0.17934,5239.9
1612918800000,0.1791,0.18263,0.17618,0.18223,12363.6
1612922400000,0.18214,0.18321,0.17559,0.1761,6442.1
1612926000000,0.17625,0.18078,0.17618,0.17692,4290.5
1612929600000,0.17624,0.17711,0.16899,0.1708,14520.7
1612933200000,0.17052,0.17175,0.15459,0.16002,32356.5
1612936800000,0.15976,0.17341,0.15898,0.16858,30986.3
1612940400000,0.16841,0.16841,0.1497,0.15112,33021.9
1612944000000,0.15027,0.15502,0.14175,0.14337,17195.6
1612947600000,0.14314,0.1611,0.14308,0.152,11866.3
1612951200000,0.15351,0.15371,0.14661,0.14823,2521.5
1612954800000,0.14967,0.1675,0.14967,0.1675,9629.5
1612958400000,0.16706,0.17658,0.16102,0.16102,25523.9
1612962000000,0.16042,0.16429,0.15676,0.15975,8876.6
1612965600000,0.15975,0.16894,0.1571,0.16739,5240.3
1612969200000,0.16699,0.16971,0.163,0.16527,9436.7
1612972800000,0.1645,0.16677,0.161,0.16286,4179.6
1612976400000,0.16231,0.1656,0.15578,0.15658,3514.0
1612980000000,0.15649,0.16225,0.15515,0.162,2756.5
1612983600000,0.16234,0.16303,0.16097,0.16245,881.2
1612987200000,0.16245,0.16817,0.16245,0.16681,8545.4
1612990800000,0.16729,0.16729,0.15977,0.16371,8379.2
1612994400000,0.16355,0.16472,0.16064,0.16388,7483.8
1612998000000,0.16366,0.165,0.15897,0.16055,4056.7
1613001600000,0.16041,0.16619,0.15993,0.16434,7020.8
1613005200000,0.16431,0.16625,0.16156,0.16215,9398.3
1613008800000,0.16173,0.16201,0.16044,0.1614,189.7
1613012400000,0.1614,0.1614,0.1614,0.1614,0.0
1613016000000,nan,nan,nan,nan,nan
1613019600000,0.16071,0.16113,0.15671,0.15974,2860.2
1613023200000,0.15954,0.16397,0.15834,0.16234,2768.0
1613026800000,0.16313,0.16826,0.16186,0.16699,6944.0
1613030400000,0.16616,0.1687,0.16535,0.16659,7908.6
1613034000000,0.16673,0.16794,0.16378,0.16403,2393.8
1613037600000,0.16464,0.16822,0.1636,0.16784,1043.3
1613041200000,0.16781,0.17453,0.1671,0.17289,7082.7
1613044800000,0.17264,0.1756,0.17201,0.17201,5809.3
1613048400000,0.17176,0.17191,0.15645,0.16353,23346.1
1613052000000,0.16353,0.1648,0.161,0.16364,1636.6
1613055600000,0.16374,0.16452,0.16137,0.16323,1836.3
1613059200000,0.1632,0.16955,0.16265,0.16859,2092.6
1613062800000,0.16797,0.1708,0.1668,0.16982,1989.7
1613066400000,0.16982,0.17362,0.16798,0.17226,1955.1
1613070000000,0.17226,0.174,0.17159,0.17384,1722.8
1613073600000,0.17264,0.17339,0.1663,0.16982,5074.2
1613077200000,0.17083,0.17122,0.16801,0.16974,1665.7
1613080800000,0.1704,0.17084,0.1681,0.1708,2056.0
1613084400000,0.1708,0.17704,0.17018,0.17279,4322.9
1613088000000,0.17265,0.17573,0.17179,0.17292,2127.0
1613091600000,0.17255,0.17698,0.17235,0.17457,1151.4
1613095200000,0.17422,0.17455,0.17083,0.17167,6692.3
1613098800000,0.17205,0.17382,0.17167,0.17333,1035.0
1613102400000,0.17355,0.17737,0.17355,0.17606,2425.6
1613106000000,0.17678,0.17904,0.17382,0.17794,3674.9
1613109600000,0.17805,0.17968,0.1763,0.17909,7644.3
1613113200000,0.17974,0.19,0.17944,0.18585,12004.0
1613116800000,0.18647,0.18716,0.18068,0.18068,4194.3
1613120400000,0.18012,0.1819,0.17563,0.1808,3590.7
1613124000000,0.1808,0.18216,0.17922,0.18155,3517.3
1613127600000,0.18151,0.18201,0.175,0.17621,9821.2
1613131200000,0.17564,0.17666,0.16076,0.16401,32190.9
1613134800000,0.16409,0.1696,0.16268,0.16651,6907.7
1613138400000,0.16678,0.17097,0.16518,0.1691,4417.8
1613142000000,0.16811,0.16825,0.16449,0.1663,3961.6
1613145600000,0.16683,0.17027,0.16368,0.16875,2252.8
1613149200000,0.16875,0.16999,0.16672,0.169,3506.0
1613152800000,0.1694,0.17198,0.16863,0.17141,1242.2
1613156400000,0.17204,0.17576,0.17134,0.1726,6258.5
1613160000000,0.17251,0.17316,0.16953,0.17011,4198.3
1613163600000,0.16957,0.17145,0.16794,0.17092,823.4
1613167200000,0.17132,0.17163,0.16929,0.16985,1402.3
1613170800000,0.17037,0.17085,0.16577,0.16625,2894.2
1613174400000,0.1659,0.1704,0.16494,0.17028,1489.9
1613178000000,0.17027,0.17196,0.16981,0.1718,6680.1
1613181600000,0.1718,0.1725,0.17038,0.1725,1219.6
1613185200000,0.17268,0.17455,0.17201,0.17277,3823.3
1613188800000,0.17266,0.1764,0.17154,0.17375,2903.3
1613192400000,0.17429,0.17472,0.1717,0.172,1782.6
1613196000000,0.17171,0.1725,0.17,0.17037,1115.1
1613199600000,0.17069,0.17123,0.16926,0.16975,1587.5
1613203200000,0.16986,0.17045,0.16859,0.1701,4503.2
1613206800000,0.16983,0.17444,0.16983,0.17331,6483.9
1613210400000,0.17331,0.17497,0.17017,0.17079,2302.6
1613214000000,0.17079,0.17226,0.16788,0.17,2483.9
1613217600000,0.16999,0.1708,0.16804,0.169,4087.8
1613221200000,0.1686,0.1686,0.16575,0.16675,1466.3
1613224800000,0.16643,0.17017,0.1664,0.17017,958.6
1613228400000,0.17017,0.17017,0.1669,0.16845,3984.9
1613232000000,0.16815,0.16815,0.166,0.166,2122.0
1613235600000,0.16608,0.16662,0.16453,0.16586,2553.5
1613239200000,0.16503,0.16548,0.163,0.16434,3501.2
1613242800000,0.16423,0.16512,0.16262,0.16294,3544.8
1613246400000,0.16248,0.166,0.16212,0.166,3609.9
1613250000000,0.16591,0.16733,0.16472,0.16561,1971.0
1613253600000,0.16579,0.16783,0.1656,0.16634,3065.1
1613257200000,0.16653,0.16674,0.16248,0.1634,3084.7
1613260800000,0.16339,0.16899,0.16275,0.16763,5130.0
1613264400000,0.16745,0.17186,0.16735,0.17106,2453.7
1613268000000,0.17044,0.17131,0.16944,0.16989,1762.4
1613271600000,0.16941,0.17031,0.16823,0.16881,1571.6
1613275200000,0.16941,0.17,0.1676,0.16883,1234.3
1613278800000,0.169,0.169,0.16688,0.16849,2572.6
1613282400000,0.16889,0.17,0.1648,0.16489,4964.8
1613286000000,0.16487,0.16743,0.1642,0.16743,1576.8
1613289600000,0.1669,0.16823,0.16653,0.16672,918.7
1613293200000,0.16693,0.16898,0.16636,0.16799,507.7
1613296800000,0.168,0.16896,0.16295,0.16402,10727.9
1613300400000,0.16414,0.16562,0.16122,0.16138,5068.9
1613304000000,0.16157,0.16351,0.15949,0.1606,6410.3
1613307600000,0.16082,0.16212,0.15936,0.16028,5587.2
1613311200000,0.1601,0.16359,0.15835,0.16138,7791.0
1613314800000,0.16131,0.162,0.15918,0.15973,2801.4
1613318400000,0.15955,0.15956,0.15753,0.15881,3668.9
1613322000000,0.15898,0.1601,0.1575,0.15899,1955.5
1613325600000,0.15917,0.15935,0.15754,0.15809,732.6
1613329200000,0.15809,0.15809,0.15669,0.15715,478.4
1613332800000,0.15716,0.1584,0.15588,0.15661,1965.0
1613336400000,0.15661,0.15679,0.15459,0.15607,3245.7
1613340000000,0.15615,0.15817,0.15593,0.15679,4134.2
1613343600000,0.1568,0.15723,0.15238,0.15348,5186.0
1613347200000,0.1533,0.1546,0.14944,0.15396,12740.8
1613350800000,0.15422,0.15545,0.14428,0.14662,21419.0
1613354400000,0.14723,0.15101,0.14114,0.15005,18039.6
1613358000000,0.15005,0.15077,0.14815,0.15072,2281.6
1613361600000,0.15073,0.15257,0.14967,0.15219,767.3
1613365200000,0.1519,0.15247,0.14999,0.15194,4283.3
1613368800000,0.15183,0.15202,0.14988,0.15128,2108.6
1613372400000,0.15145,0.15235,0.14946,0.15128,1636.6
1613376000000,0.15112,0.15564,0.15073,0.15514,4478.8
1613379600000,0.15477,0.15528,0.15269,0.15293,1745.5
1613383200000,0.15292,0.15477,0.15074,0.15477,4685.4
1613386800000,0.15475,0.15576,0.15266,0.15447,4402.6
1613390400000,0.1543,0.15569,0.15246,0.15553,3621.8
1613394000000,0.15587,0.15756,0.15469,0.15697,6324.1
1613397600000,0.15681,0.15818,0.15469,0.15477,4529.4
1613401200000,0.15469,0.15805,0.152,0.15789,9972.4
1613404800000,0.15807,0.16204,0.156,0.1601,6912.4
1613408400000,0.15998,0.1608,0.15835,0.1604,2691.6
1613412000000,0.16011,0.16109,0.15953,0.15973,2154.7
1613415600000,0.15989,0.16267,0.15875,0.16144,6255.9
1613419200000,0.16174,0.16212,0.15955,0.15982,1925.9
1613422800000,0.15973,0.16134,0.15714,0.15718,6631.1
1613426400000,0.15735,0.15805,0.15492,0.15716,6660.4
1613430000000,0.15725,0.15734,0.15385,0.1544,9347.1
1613433600000,0.15477,0.15697,0.15269,0.15548,5445.4
1613437200000,0.15532,0.16065,0.15418,0.16065,10543.8
1613440800000,0.16046,0.16229,0.15918,0.15918,23715.6
1613444400000,0.15927,0.16066,0.15847,0.15996,1385.5
1613448000000,0.15973,0.16217,0.15866,0.15991,3196.6
1613451600000,0.15982,0.15998,0.15742,0.15844,18422.9
1613455200000,0.15827,0.15973,0.15716,0.15881,2202.0
1613458800000,0.15867,0.15918,0.15736,0.15843,971.1
1613462400000,0.15861,0.16193,0.15844,0.16193,3080.8
1613466000000,0.16175,0.16175,0.15826,0.15991,3824.6
1613469600000,0.15978,0.16172,0.15973,0.16103,8416.9
1613473200000,0.16108,0.16137,0.15845,0.15918,9999.6
1613476800000,0.15901,0.15978,0.15773,0.15828,1465.1
1613480400000,0.15828,0.16034,0.15774,0.16004,1588.5
1613484000000,0.15955,0.16028,0.15725,0.16028,1652.4
1613487600000,0.1601,0.16157,0.15887,0.16097,2272.5
1613491200000,0.16065,0.16157,0.15753,0.15807,2586.2
1613494800000,0.15826,0.16119,0.15826,0.15853,2868.3
1613498400000,0.15844,0.15863,0.1564,0.15654,992.9
1613502000000,0.15675,0.1568,0.1548,0.15629,3541.8
1613505600000,0.15657,0.15723,0.1544,0.15626,1888.8
1613509200000,0.15627,0.15771,0.15592,0.15697,2144.0
1613512800000,0.15716,0.15762,0.155,0.15606,3511.5
1613516400000,0.15601,0.15771,0.15551,0.15715,2812.1
1613520000000,0.15733,0.15765,0.1553,0.15551,2035.4
1613523600000,0.15532,0.15606,0.15404,0.15459,507.5
1613527200000,0.15452,0.15636,0.15451,0.15514,1063.2
1613530800000,0.15495,0.15495,0.15255,0.15312,1866.7
1613534400000,0.15295,0.15312,0.15102,0.15128,722.5
1613538000000,0.1511,0.15292,0.15068,0.15202,726.5
1613541600000,0.1522,0.15312,0.15109,0.15257,3109.2
1613545200000,0.15239,0.15422,0.15238,0.15385,848.7
1613548800000,0.15367,0.15447,0.15311,0.15385,1126.5
1613552400000,0.15367,0.15367,0.1487,0.15102,15078.0
1613556000000,0.15073,0.15132,0.14815,0.1484,2781.8
1613559600000,0.14806,0.14827,0.13902,0.14471,22562.5
1613563200000,0.14481,0.14746,0.14182,0.14611,12687.9
1613566800000,0.14582,0.14612,0.14347,0.14594,13701.2
1613570400000,0.14562,0.14573,0.1404,0.14204,19674.8
1613574000000,0.14192,0.14403,0.14069,0.1415,9513.8
1613577600000,0.14091,0.14109,0.1343,0.13584,15777.1
1613581200000,0.13512,0.13726,0.13392,0.13653,14427.1
1613584800000,0.13631,0.13649,0.12806,0.1296,20269.0
1613588400000,0.13027,0.13171,0.12459,0.1251,22362.2
1613592000000,0.1248,0.12741,0.11982,0.12539,36108.3
1613595600000,0.12582,0.12823,0.12258,0.12793,21432.7
1613599200000,0.1279,0.13078,0.1273,0.12837,11924.1
1613602800000,0.12837,0.13484,0.12836,0.13021,29683.7
1613606400000,0.13,0.13099,0.12615,0.12907,6462.6
1613610000000,0.12965,0.1337,0.12924,0.1329,16557.0
1613613600000,0.13291,0.13334,0.12923,0.13128,8673.1
1613617200000,0.13127,0.13235,0.12996,0.12996,7352.9
1613620800000,0.13128,0.13235,0.13047,0.13126,1833.0
1613624400000,0.13025,0.13073,0.12698,0.12862,33917.4
1613628000000,0.12838,0.12838,0.122,0.12217,23526.0
1613631600000,0.12217,0.124,0.11948,0.11949,25016.3
1613635200000,0.11958,0.12001,0.10961,0.11338,49356.5
1613638800000,0.11358,0.12568,0.11054,0.11465,18109.5
1613642400000,0.11488,0.11785,0.11465,0.11725,10079.3
1613646000000,0.11755,0.11785,0.11239,0.11304,6301.4
1613649600000,0.11299,0.11389,0.10961,0.10985,11123.4
1613653200000,0.10985,0.11104,0.10762,0.10855,22539.0
1613656800000,0.1088,0.10962,0.10779,0.10798,13507.3
1613660400000,0.10769,0.1081,0.10536,0.1073,21690.4
1613664000000,0.10717,0.108,0.10609,0.1066,21259.6
1613667600000,0.10651,0.10969,0.10609,0.10732,8878.4
1613671200000,0.10688,0.10954,0.10602,0.109,3922.2
1613674800000,0.10863,0.10992,0.10775,0.10853,3481.7
1613678400000,0.10853,0.10909,0.10723,0.10808,12426.1
1613682000000,0.1081,0.10988,0.10809,0.10961,6166.4
1613685600000,0.10961,0.11109,0.1093,0.10965,3652.8
1613689200000,0.10966,0.11015,0.10745,0.10813,1984.2
1613692800000,0.10838,0.10875,0.10236,0.10248,13615.1
1613696400000,0.10258,0.10277,0.09483,0.09535,53592.0
1613700000000,0.0956,0.0979,0.09465,0.095,12477.1
1613703600000,0.09504,0.09512,0.08626,0.08764,55960.9
1613707200000,0.08755,0.09084,0.08391,0.08457,47527.5
1613710800000,0.08468,0.08539,0.07281,0.07502,97880.7
1613714400000,0.07514,0.08595,0.07505,0.08203,49588.1
1613718000000,0.0819,0.08249,0.0773,0.07781,43260.4
1613721600000,0.0778,0.08061,0.07547,0.07951,29216.4
1613725200000,0.07965,0.08345,0.0791,0.08334,20251.0
1613728800000,0.08347,0.08433,0.07863,0.07901,15493.0
1613732400000,0.079,0.07939,0.077,0.07827,20107.9
1613736000000,0.07795,0.07919,0.07574,0.07751,20389.5
1613739600000,0.07739,0.07739,0.06866,0.06914,47032.9
1613743200000,0.06899,0.07181,0.05849,0.06269,97748.2
1613746800000,0.06228,0.07023,0.06148,0.06526,69693.1
1613750400000,0.06505,0.07216,0.06433,0.06884,50687.9
1613754000000,0.06884,0.07015,0.0669,0.06768,11095.1
1613757600000,0.0675,0.06813,0.06351,0.06354,6569.6
1613761200000,0.06387,0.06542,0.06039,0.06143,22413.3
1613764800000,0.06166,0.06318,0.06066,0.06141,30924.9
1613768400000,0.06161,0.06375,0.05886,0.05935,57813.3
1613772000000,0.05976,0.06032,0.05791,0.05946,28849.7
1613775600000,0.05957,0.06061,0.05816,0.06023,25652.2
1613779200000,0.06023,0.06864,0.05955,0.06864,44980.1
1613782800000,0.06857,0.07577,0.065,0.07203,48922.5
1613786400000,0.07181,0.07308,0.06788,0.07048,36992.4
1613790000000,0.0706,0.07479,0.06934,0.07468,15563.1
1613793600000,0.07481,0.07688,0.07351,0.0743,14989.3
1613797200000,0.0745,0.07867,0.074,0.07866,35899.0
1613800800000,0.07887,0.08248,0.07772,0.07866,44559.2
1613804400000,0.07876,0.08114,0.078,0.07935,13065.5
1613808000000,0.07954,0.08685,0.07954,0.0854,25643.3
1613811600000,0.0853,0.09409,0.08524,0.0913,89208.7
1613815200000,0.09125,0.09141,0.08709,0.08863,29069.1
1613818800000,0.08892,0.09225,0.08779,0.08914,31424.8
1613822400000,0.08905,0.091,0.08793,0.09055,25144.0
1613826000000,0.09046,0.10226,0.09026,0.10066,50154.7
1613829600000,0.10061,0.10347,0.09739,0.10279,52576.7
1613833200000,0.10229,0.10229,0.09802,0.10004,41984.6
1613836800000,0.10001,0.11957,0.09875,0.11568,141786.9
1613840400000,0.11518,0.11878,0.10747,0.10915,81241.4
1613844000000,0.109,0.11445,0.10816,0.11255,50664.1
1613847600000,0.1125,0.11368,0.111,0.11309,55115.5
1613851200000,0.11309,0.11488,0.11015,0.11452,43205.0
1613854800000,0.11437,0.12072,0.1137,0.11969,50910.3
1613858400000,0.11961,0.12142,0.11501,0.1179,69018.0
1613862000000,0.11828,0.11948,0.11032,0.11357,56032.4
1613865600000,0.11312,0.11565,0.1079,0.11415,49464.8
1613869200000,0.11391,0.11623,0.11122,0.11369,43096.4
1613872800000,0.11358,0.114,0.111,0.11143,17453.8
1613876400000,0.11137,0.112,0.10879,0.11092,11795.5
1613880000000,0.11092,0.11659,0.11062,0.115,21222.7
1613883600000,0.11488,0.11574,0.1135,0.11469,10999.9
1613887200000,0.11465,0.11487,0.11001,0.11283,15140.4
1613890800000,0.11289,0.11379,0.11024,0.11166,17001.9
1613894400000,0.11129,0.11235,0.1077,0.1077,27780.2
1613898000000,0.1077,0.10814,0.10077,0.10279,76187.6
1613901600000,0.1027,0.10999,0.10166,0.10925,35735.2
1613905200000,0.10925,0.11345,0.10889,0.11127,41301.7
1613908800000,0.11148,0.1122,0.10324,0.10594,21629.6
1613912400000,0.10593,0.10674,0.10199,0.10248,28899.0
1613916000000,0.10272,0.10387,0.09735,0.09895,44009.7
1613919600000,0.09904,0.10134,0.09757,0.10052,11893.9
1613923200000,0.10054,0.10194,0.09767,0.10109,18350.4
1613926800000,0.10098,0.10129,0.09685,0.09822,10853.4
1613930400000,0.09793,0.10132,0.0979,0.09999,5314.3
1613934000000,0.1,0.10065,0.09799,0.09957,5666.0
1613937600000,0.0994,0.10226,0.0994,0.10114,7534.7
1613941200000,0.10077,0.1018,0.09895,0.10033,4147.4
1613944800000,0.10029,0.10114,0.09761,0.09765,4679.5
1613948400000,0.09791,0.09899,0.09734,0.09779,4648.5
1613952000000,0.09773,0.10018,0.09699,0.09786,8034.8
1613955600000,0.0979,0.0998,0.09777,0.09941,5671.4
1613959200000,0.09958,0.10151,0.0987,0.09915,3848.8
1613962800000,0.09945,0.10102,0.09914,0.10062,3233.2
1613966400000,0.10072,0.10149,0.0986,0.10006,4959.5
1613970000000,0.09976,0.10029,0.09879,0.10018,1787.0
1613973600000,0.10029,0.10112,0.09939,0.09991,3508.4
1613977200000,0.1001,0.10242,0.09879,0.10208,7030.2
1613980800000,0.10219,0.10227,0.10025,0.10101,3622.7
1613984400000,0.10055,0.10212,0.09914,0.10158,5221.3
1613988000000,0.10164,0.10314,0.10002,0.10103,13225.0
1613991600000,0.10112,0.10183,0.10015,0.10116,3979.2
1613995200000,0.10104,0.10674,0.10104,0.10377,20016.7
1613998800000,0.10363,0.10363,0.10116,0.10236,8094.2
1614002400000,0.10225,0.10386,0.09501,0.09781,42288.5
1614006000000,0.09773,0.10142,0.09593,0.098,21524.8
1614009600000,0.09846,0.10632,0.09842,0.10246,33002.5
1614013200000,0.10234,0.10492,0.10189,0.10492,6230.2
1614016800000,0.10485,0.10642,0.10385,0.1053,6844.4
1614020400000,0.10539,0.10674,0.1032,0.10374,3046.7
1614024000000,0.10396,0.10782,0.10346,0.10595,6943.6
1614027600000,0.10595,0.10685,0.10245,0.10261,4111.2
1614031200000,0.1026,0.1027,0.10083,0.10256,8339.4
1614034800000,0.10264,0.104,0.102,0.10356,12468.2
1614038400000,0.10356,0.10399,0.1025,0.10367,6279.0
1614042000000,0.10341,0.1037,0.10064,0.10083,7662.5
1614045600000,0.10107,0.10387,0.09984,0.10171,5150.8
1614049200000,0.10198,0.10203,0.09944,0.10002,6417.7
1614052800000,0.09974,0.10133,0.09912,0.1003,6301.2
1614056400000,0.10062,0.10112,0.09738,0.10074,10468.6
1614060000000,0.10082,0.10112,0.09912,0.09973,6282.5
1614063600000,0.09981,0.10042,0.09917,0.10022,4772.0
1614067200000,0.10007,0.1049,0.0993,0.1028,16469.5
1614070800000,0.10282,0.1045,0.09662,0.1021,20177.5
1614074400000,0.10203,0.10313,0.09905,0.10112,11505.0
1614078000000,0.10112,0.10344,0.09939,0.10215,21277.7
1614081600000,0.10226,0.10541,0.09967,0.10039,14708.4
1614085200000,0.10025,0.10166,0.09745,0.09761,24633.7
1614088800000,0.09766,0.10018,0.09566,0.09949,17876.4
1614092400000,0.09958,0.10525,0.09832,0.10298,23527.9
1614096000000,0.10344,0.10729,0.10141,0.10228,13106.4
1614099600000,0.10236,0.10318,0.10114,0.10279,4060.4
1614103200000,0.10281,0.1037,0.10159,0.10277,5148.8
1614106800000,0.10281,0.10412,0.10203,0.10284,6121.2
1614110400000,0.10308,0.10514,0.1029,0.10434,4029.5
1614114000000,0.10422,0.10956,0.10323,0.10738,15598.5
1614117600000,0.10731,0.10922,0.10676,0.1077,2815.5
1614121200000,0.10748,0.10795,0.10563,0.10717,3065.3
1614124800000,0.10718,0.11078,0.10717,0.11063,7878.2
1614128400000,0.11083,0.1123,0.10874,0.11131,12609.5
1614132000000,0.11139,0.1125,0.10958,0.10987,11765.6
1614135600000,0.11021,0.11305,0.10788,0.10828,8772.3
1614139200000,0.10788,0.10865,0.10472,0.10816,14873.5
1614142800000,0.10836,0.10926,0.10514,0.10664,6567.0
1614146400000,0.10694,0.10852,0.10629,0.10712,6447.9
1614150000000,0.10748,0.10753,0.1034,0.10444,5892.1
1614153600000,0.10426,0.10578,0.09939,0.09968,17843.4
1614157200000,0.09948,0.10081,0.09687,0.09844,16241.4
1614160800000,0.09781,0.10094,0.0971,0.10094,4216.9
1614164400000,0.10104,0.10104,0.09845,0.0992,5251.9
1614168000000,0.09925,0.09926,0.09725,0.09824,4682.1
1614171600000,0.09822,0.10115,0.09804,0.10051,6848.9
1614175200000,0.10015,0.10487,0.09904,0.10318,16956.8
1614178800000,0.10314,0.10382,0.10093,0.10231,6177.0
1614182400000,0.10236,0.10285,0.10035,0.10228,3294.5
1614186000000,0.1022,0.1022,0.09913,0.09967,2720.9
1614189600000,0.09956,0.10033,0.09956,0.09979,1182.5
1614193200000,0.1,0.10211,0.09945,0.10162,2144.5
1614196800000,0.10178,0.10188,0.10067,0.10115,1859.8
1614200400000,0.1009,0.10181,0.10018,0.10105,2655.6
1614204000000,0.10109,0.10161,0.0987,0.09947,1363.0
1614207600000,0.09972,0.10013,0.09861,0.09912,3086.9
1614211200000,0.09925,0.10058,0.09741,0.0995,6765.1
1614214800000,0.09973,0.1002,0.09781,0.09961,1975.9
1614218400000,0.09944,0.10039,0.09911,0.09928,1271.0
1614222000000,0.09974,0.10112,0.09831,0.09831,796.2
1614225600000,0.0981,0.10073,0.09758,0.10053,3520.9
1614229200000,0.10053,0.10238,0.10053,0.10181,3139.2
1614232800000,0.10169,0.10169,0.10009,0.10045,825.0
1614236400000,0.10046,0.10208,0.10039,0.10143,720.2
1614240000000,0.10122,0.1021,0.1008,0.1015,1740.0
1614243600000,0.1018,0.102,0.09989,0.10013,1634.7
1614247200000,0.10005,0.10114,0.09963,0.10043,4097.1
1614250800000,0.10035,0.10216,0.10017,0.10153,2636.5
1614254400000,0.10181,0.10224,0.09787,0.09836,6313.0
1614258000000,0.09836,0.09974,0.09776,0.09891,5570.5
1614261600000,0.09861,0.10106,0.0986,0.10063,1539.6
1614265200000,0.10063,0.10244,0.10032,0.10222,3442.7
1614268800000,0.10222,0.10563,0.10142,0.10171,7866.6
1614272400000,0.10205,0.10219,0.10019,0.10078,2257.0
1614276000000,0.1011,0.10146,0.09999,0.10043,1852.8
1614279600000,0.10055,0.10162,0.10006,0.10077,865.7
1614283200000,0.10101,0.10154,0.10036,0.10129,687.1
1614286800000,0.10158,0.10172,0.10034,0.10034,940.4
1614290400000,0.10063,0.10141,0.09939,0.10038,14234.6
1614294000000,0.10032,0.10216,0.09881,0.09999,8707.8
1614297600000,0.10006,0.10181,0.09935,0.10039,4340.4
1614301200000,0.10018,0.10094,0.09835,0.09936,5709.9
1614304800000,0.09947,0.10094,0.0971,0.0987,6629.0
1614308400000,0.0987,0.10094,0.09836,0.10094,1077.1
1614312000000,0.1008,0.10214,0.10007,0.10097,1595.1
1614315600000,0.10077,0.10243,0.10067,0.1021,1185.2
1614319200000,0.10181,0.10215,0.09951,0.09951,1255.0
1614322800000,0.09947,0.10146,0.09912,0.10129,2234.4
1614326400000,0.10112,0.10166,0.09927,0.10029,1890.1
1614330000000,0.10008,0.1009,0.09883,0.09943,905.8
1614333600000,0.09925,0.10181,0.09883,0.10181,2558.3
1614337200000,0.10181,0.102,0.10026,0.10181,2955.0
1614340800000,0.10146,0.10181,0.10004,0.10084,1591.8
1614344400000,0.10076,0.1015,0.10037,0.10074,1265.3
1614348000000,0.10112,0.10352,0.10112,0.10352,2568.4
1614351600000,0.10353,0.10387,0.10055,0.10118,1544.1
1614355200000,0.10078,0.1032,0.10077,0.10257,2035.7
1614358800000,0.10261,0.10658,0.10215,0.10423,10477.2
1614362400000,0.10433,0.10479,0.10331,0.10384,5761.2
1614366000000,0.10387,0.10548,0.10373,0.10398,3907.5
1614369600000,0.10428,0.1046,0.10205,0.1025,4832.1
1614373200000,0.10266,0.10298,0.10213,0.10252,1668.3
1614376800000,0.10231,0.10388,0.1023,0.10361,2355.0
1614380400000,0.1035,0.10469,0.1035,0.10424,1219.4
1614384000000,0.10425,0.10652,0.1037,0.10549,3674.3
1614387600000,0.1053,0.10817,0.10425,0.10663,5696.9
1614391200000,0.10698,0.10809,0.1059,0.10597,3414.1
1614394800000,0.10579,0.10609,0.10428,0.10491,590.7
1614398400000,0.10463,0.10548,0.10395,0.10468,579.3
1614402000000,0.10444,0.10528,0.10263,0.10264,3479.9
1614405600000,0.1027,0.10464,0.10259,0.10363,1263.6
1614409200000,0.10358,0.10881,0.10249,0.10318,5287.1
1614412800000,0.10311,0.1046,0.10299,0.10422,1878.7
1614416400000,0.10421,0.10494,0.10363,0.1042,912.5
1614420000000,0.10456,0.10587,0.10452,0.10543,886.1
1614423600000,0.10594,0.107,0.10518,0.10599,1893.9
1614427200000,0.10609,0.1065,0.10515,0.10549,2860.2
1614430800000,0.10581,0.10625,0.105,0.105,987.0
1614434400000,0.10519,0.10545,0.104,0.10474,1829.8
1614438000000,0.10448,0.10497,0.10358,0.1039,855.8
1614441600000,0.10356,0.10437,0.1035,0.10379,1060.2
1614445200000,0.10434,0.10466,0.10374,0.10382,2020.5
1614448800000,0.10409,0.10421,0.10332,0.10384,785.1
1614452400000,0.10383,0.10467,0.10326,0.10439,1536.6
1614456000000,0.10447,0.10555,0.1044,0.10473,3919.2
1614459600000,0.10505,0.1059,0.10357,0.10402,6332.4
1614463200000,0.10401,0.10443,0.1031,0.1031,1124.4
1614466800000,0.10307,0.10448,0.1018,0.10448,3344.2
1614470400000,0.1045,0.10675,0.10366,0.10585,4135.1
1614474000000,0.10571,0.10611,0.1042,0.1042,3499.9
1614477600000,0.10449,0.10485,0.10243,0.10327,2450.3
1614481200000,0.10325,0.10325,0.10081,0.10144,7024.0
1614484800000,0.10134,0.10265,0.101,0.10131,1340.8
1614488400000,0.10131,0.10166,0.09959,0.10045,5106.0
1614492000000,0.1,0.1032,0.09955,0.10297,2075.0
1614495600000,0.10271,0.103,0.10166,0.1021,2058.5
1614499200000,0.1018,0.1028,0.101,0.10223,5879.4
1614502800000,0.10198,0.10375,0.10192,0.1035,2522.9
1614506400000,0.10355,0.1039,0.10259,0.10271,1159.3
1614510000000,0.10281,0.10303,0.10113,0.10174,1352.5
1614513600000,0.10155,0.10291,0.10081,0.10268,1633.5
1614517200000,0.10256,0.10346,0.1018,0.10192,2123.9
1614520800000,0.1018,0.10387,0.10173,0.10349,3914.3
1614524400000,0.10333,0.10475,0.10306,0.10432,2641.1
1614528000000,0.10448,0.10739,0.1042,0.10616,4245.3
1614531600000,0.10616,0.10632,0.10547,0.10587,1180.4
1614535200000,0.10587,0.1075,0.10587,0.10683,3092.3
1614538800000,0.10702,0.10795,0.10647,0.10647,1458.0
1614542400000,0.10689,0.10925,0.10645,0.1071,4072.0
1614546000000,0.10699,0.10839,0.1066,0.1076,1710.7
1614549600000,0.10775,0.10818,0.10654,0.10654,1022.8
1614553200000,0.10646,0.10675,0.10525,0.1057,1707.9
1614556800000,0.10554,0.10567,0.10255,0.10346,6418.6
1614560400000,0.10357,0.10462,0.1025,0.10448,2086.6
1614564000000,0.10458,0.10458,0.10156,0.10212,5264.7
1614567600000,0.10234,0.103,0.1011,0.1027,3606.5
1614571200000,0.10291,0.1033,0.10233,0.10238,474.9
1614574800000,0.10259,0.10424,0.10134,0.10302,3612.4
1614578400000,0.103,0.10355,0.10216,0.10341,664.3
1614582000000,0.10305,0.10305,0.10204,0.10244,1905.1
1614585600000,0.10222,0.1032,0.10005,0.10126,8774.1
1614589200000,0.10104,0.10177,0.09966,0.10003,7957.0
1614592800000,0.10014,0.101,0.09609,0.09701,22067.8
1614596400000,0.0967,0.09791,0.0935,0.09467,22467.0
1614600000000,0.0947,0.09539,0.09346,0.09504,2425.1
1614603600000,0.09488,0.0955,0.09365,0.0949,1902.5
1614607200000,0.09506,0.09621,0.09469,0.09603,4579.5
1614610800000,0.0964,0.09759,0.09546,0.09722,6457.3
1614614400000,0.09724,0.09973,0.09695,0.098,9271.4
1614618000000,0.09786,0.09818,0.09696,0.09813,1346.6
1614621600000,0.0982,0.0985,0.0963,0.0963,2000.0
1614625200000,0.09621,0.0973,0.09574,0.09675,923.2
1614628800000,0.09692,0.09745,0.09624,0.09695,5483.5
1614632400000,0.0969,0.0989,0.09667,0.0989,5156.1
1614636000000,0.09891,0.09891,0.09683,0.09728,2770.3
1614639600000,0.0974,0.1009,0.09683,0.1009,13414.1
1614643200000,0.1009,0.1031,0.10027,0.10093,11478.5
1614646800000,0.10117,0.1015,0.09875,0.1012,3203.8
1614650400000,0.10156,0.1048,0.10123,0.10414,12067.2
1614654000000,0.10365,0.10548,0.10323,0.10431,5471.2
1614657600000,0.1045,0.10583,0.10414,0.10477,4215.0
1614661200000,0.10454,0.11234,0.10448,0.1067,11250.8
1614664800000,0.10668,0.1072,0.10405,0.10424,5154.1
1614668400000,0.10463,0.10592,0.10365,0.1046,8028.6
1614672000000,0.1048,0.10612,0.10445,0.10521,1931.0
1614675600000,0.10521,0.10533,0.104,0.1048,1599.2
1614679200000,0.10469,0.10571,0.10387,0.10432,8101.4
1614682800000,0.10425,0.10606,0.10425,0.10515,1104.1
1614686400000,0.1051,0.10625,0.10463,0.10619,1323.2
1614690000000,0.10597,0.10749,0.1057,0.10659,5860.5
1614693600000,0.1064,0.1072,0.10581,0.1072,2673.6
1614697200000,0.10691,0.10824,0.10684,0.10824,9240.2
1614700800000,0.10832,0.11169,0.10766,0.1081,12994.3
1614704400000,0.10829,0.10914,0.10679,0.10706,6328.5
1614708000000,0.1072,0.1087,0.10695,0.10785,4293.4
1614711600000,0.1078,0.10855,0.10728,0.10781,2770.7
1614715200000,0.10754,0.10822,0.10644,0.10648,1451.8
1614718800000,0.10666,0.10739,0.10569,0.10642,1274.0
1614722400000,0.106,0.10685,0.10563,0.10685,1807.1
1614726000000,0.10658,0.10744,0.10606,0.10656,1568.4
1614729600000,0.10667,0.10779,0.10667,0.10755,1261.6
1614733200000,0.10775,0.10959,0.10713,0.10944,2703.3
1614736800000,0.10958,0.10958,0.108,0.10831,819.4
1614740400000,0.1084,0.10864,0.10743,0.10775,1076.6
1614744000000,0.10771,0.10837,0.10659,0.10659,737.2
1614747600000,0.1065,0.10961,0.10569,0.10825,20191.6
1614751200000,0.10825,0.10861,0.10708,0.10793,8930.1
1614754800000,0.10774,0.10816,0.10674,0.10803,3692.3
1614758400000,0.1082,0.10953,0.10781,0.10888,2739.3
1614762000000,0.10899,0.10928,0.10649,0.10649,3395.5
1614765600000,0.10667,0.10773,0.10627,0.10748,1774.5
1614769200000,0.10775,0.10814,0.10683,0.10773,1505.2
1614772800000,0.10741,0.10862,0.10658,0.10735,3384.0
1614776400000,0.1075,0.10799,0.10579,0.10613,1162.5
1614780000000,0.1063,0.10747,0.10575,0.1061,2043.4
1614783600000,0.10646,0.10741,0.10566,0.10639,9448.6
1614787200000,0.10606,0.10635,0.10571,0.1061,1295.5
1614790800000,0.10601,0.10679,0.10581,0.10608,1615.9
1614794400000,0.10649,0.10665,0.10527,0.10626,2792.4
1614798000000,0.10626,0.1069,0.10594,0.10625,914.5
1614801600000,0.10644,0.10644,0.10463,0.10532,756.0
1614805200000,0.10536,0.10575,0.10509,0.10575,2161.7
1614808800000,0.10559,0.10579,0.10475,0.10486,1557.8
1614812400000,0.10474,0.106,0.10446,0.1055,1048.2
1614816000000,0.10566,0.10632,0.1051,0.10625,6768.3
1614819600000,0.10625,0.10741,0.10595,0.10725,9301.7
1614823200000,0.10709,0.1076,0.10465,0.10475,7161.6
1614826800000,0.10465,0.1055,0.10381,0.10408,4811.9
1614830400000,0.10425,0.1045,0.10291,0.10425,5193.7
1614834000000,0.1045,0.1119,0.10387,0.11075,27439.9
1614837600000,0.11061,0.11471,0.11025,0.1121,19110.9
1614841200000,0.11208,0.1165,0.11159,0.11587,20803.4
1614844800000,0.116,0.11824,0.11513,0.11747,28424.3
1614848400000,0.11747,0.1175,0.114,0.11553,7891.8
1614852000000,0.11594,0.11779,0.11517,0.11709,4850.0
1614855600000,0.11676,0.12015,0.11633,0.11925,18045.6
1614859200000,0.1195,0.12422,0.1195,0.12255,9998.4
1614862800000,0.12272,0.12338,0.12141,0.12163,4166.3
1614866400000,0.1216,0.12178,0.11928,0.11953,6272.1
1614870000000,0.11975,0.12212,0.11754,0.12212,8857.8
1614873600000,0.12215,0.12379,0.12079,0.12379,7028.8
1614877200000,0.12386,0.125,0.12112,0.12165,6815.6
1614880800000,0.1215,0.12212,0.11846,0.11963,15584.4
1614884400000,0.1198,0.12269,0.1194,0.12211,3631.0
1614888000000,0.12242,0.12835,0.12195,0.1283,13188.3
1614891600000,0.1278,0.1278,0.12542,0.12542,3596.3
1614895200000,0.12564,0.12656,0.12475,0.12563,2018.4
1614898800000,0.12566,0.12717,0.12186,0.12309,6793.2
1614902400000,0.12309,0.12357,0.1206,0.12269,8874.6
1614906000000,0.1222,0.12285,0.11969,0.12002,8108.7
1614909600000,0.12004,0.1238,0.11952,0.12311,18791.0
1614913200000,0.12327,0.126,0.12252,0.126,22037.8
1614916800000,0.126,0.126,0.1206,0.12138,7267.2
1614920400000,0.12153,0.12723,0.12153,0.12717,8542.2
1614924000000,0.12736,0.12955,0.12581,0.12581,9965.1
1614927600000,0.1258,0.12594,0.12283,0.12332,13670.7
1614931200000,0.12333,0.12429,0.11852,0.12393,13122.6
1614934800000,0.12415,0.12509,0.12336,0.12374,2517.6
1614938400000,0.1238,0.12441,0.12224,0.12303,1524.9
1614942000000,0.12314,0.12325,0.12163,0.12237,2624.3
1614945600000,0.122,0.12302,0.1212,0.12222,1853.0
1614949200000,0.12222,0.12228,0.12089,0.12127,3062.7
1614952800000,0.12131,0.12207,0.11966,0.1198,6301.7
1614956400000,0.11967,0.12055,0.11881,0.11881,4242.9
1614960000000,0.11875,0.12035,0.11815,0.11889,8064.2
1614963600000,0.11909,0.1214,0.11909,0.12109,2285.7
1614967200000,0.1214,0.12232,0.1204,0.12194,2364.1
1614970800000,0.1218,0.1226,0.12112,0.12245,757.2
1614974400000,0.1226,0.1228,0.1207,0.12177,1348.0
1614978000000,0.12191,0.12577,0.12122,0.12507,9040.7
1614981600000,0.1252,0.12583,0.12369,0.12373,3539.8
1614985200000,0.12372,0.1254,0.12333,0.1254,783.6
1614988800000,0.12554,0.12818,0.12517,0.12713,10241.6
1614992400000,0.12709,0.1276,0.1254,0.12595,3497.5
1614996000000,nan,nan,nan,nan,nan
1614999600000,0.12595,0.12595,0.1243,0.12559,412.4
1615003200000,0.12559,0.1262,0.12454,0.12606,1578.7
1615006800000,0.12641,0.12722,0.12591,0.12614,5951.6
1615010400000,0.12609,0.12609,0.12404,0.12504,1155.8
1615014000000,0.12495,0.12575,0.12494,0.1252,395.9
1615017600000,0.1252,0.12534,0.12313,0.12351,3038.0
1615021200000,0.12365,0.12679,0.12365,0.12589,2086.9
1615024800000,0.1258,0.1259,0.12394,0.12409,2815.1
1615028400000,0.12446,0.1255,0.12415,0.12452,919.6
1615032000000,0.12457,0.12474,0.12325,0.12345,1622.7
1615035600000,0.12323,0.1247,0.12285,0.12405,2072.2
1615039200000,0.12402,0.12555,0.12373,0.12529,1322.0
1615042800000,0.125,0.1275,0.12469,0.12743,3560.1
1615046400000,0.12751,0.12817,0.12431,0.12486,6380.3
1615050000000,0.12488,0.12544,0.12408,0.12498,1956.8
1615053600000,0.125,0.12636,0.12438,0.12473,1682.0
1615057200000,0.125,0.12591,0.12475,0.12567,795.0
1615060800000,0.12572,0.1278,0.12572,0.12758,889.1
1615064400000,0.12741,0.1277,0.12615,0.12714,1445.5
1615068000000,0.12739,0.12761,0.12591,0.12612,968.3
1615071600000,0.1263,0.12642,0.12407,0.126,2945.5
1615075200000,0.12568,0.12643,0.12539,0.12579,2021.6
1615078800000,0.12616,0.12955,0.12616,0.12955,5913.3
1615082400000,0.12955,0.13816,0.12955,0.13509,32474.1
1615086000000,0.13534,0.13594,0.1338,0.13511,11082.1
1615089600000,0.13561,0.13607,0.13425,0.13492,4432.9
1615093200000,0.13494,0.13622,0.13354,0.13586,3693.2
1615096800000,0.13619,0.13674,0.13439,0.13442,4237.5
1615100400000,0.13442,0.13563,0.1338,0.13457,3951.8
1615104000000,0.13457,0.13755,0.13342,0.13675,2039.2
1615107600000,0.13709,0.13899,0.13265,0.13271,20119.1
1615111200000,0.13265,0.13326,0.12818,0.13023,16030.9
1615114800000,0.12995,0.13422,0.12966,0.13221,6056.7
1615118400000,0.13202,0.13262,0.13085,0.13128,3634.8
1615122000000,0.13118,0.13375,0.13112,0.13139,7061.7
1615125600000,0.13142,0.13158,0.1291,0.1298,5547.5
1615129200000,0.12944,0.13298,0.12922,0.13295,3127.3
1615132800000,0.13296,0.13606,0.13155,0.13323,6151.5
1615136400000,0.13341,0.13671,0.13305,0.13612,8931.9
1615140000000,0.13596,0.13686,0.13442,0.13493,3908.7
1615143600000,0.135,0.13573,0.13336,0.1342,3241.2
1615147200000,0.13392,0.136,0.13333,0.13506,5666.0
1615150800000,0.1351,0.13755,0.13509,0.13745,2858.8
1615154400000,0.13745,0.1414,0.13651,0.14139,14718.8
1615158000000,0.1414,0.14667,0.1414,0.14267,23944.7
1615161600000,0.14318,0.14318,0.13872,0.14179,15073.9
1615165200000,0.1418,0.1433,0.14067,0.14197,2813.6
1615168800000,0.14197,0.16252,0.14115,0.14411,23616.3
1615172400000,0.14424,0.14551,0.14343,0.14364,2736.1
1615176000000,0.14347,0.14602,0.14245,0.1457,7015.4
1615179600000,0.14586,0.14606,0.14392,0.14517,4181.5
1615183200000,0.1447,0.14481,0.14158,0.14218,3763.7
1615186800000,0.14181,0.144,0.1408,0.14298,5272.0
1615190400000,0.14288,0.14458,0.14069,0.1437,12205.9
1615194000000,0.1437,0.14483,0.14256,0.14428,4544.7
1615197600000,0.14429,0.14502,0.14047,0.14188,3809.4
1615201200000,0.14199,0.14364,0.14154,0.14161,2903.9
1615204800000,0.14172,0.14196,0.13848,0.13919,4804.7
1615208400000,0.13925,0.14173,0.13879,0.14173,6826.6
1615212000000,0.14175,0.14219,0.14023,0.1407,1521.8
1615215600000,0.14067,0.14342,0.14059,0.14191,4012.5
1615219200000,0.14258,0.1429,0.14,0.14095,1881.0
1615222800000,0.14094,0.1414,0.14059,0.1414,1841.5
1615226400000,0.1414,0.14273,0.14089,0.14127,5348.8
1615230000000,0.14111,0.14159,0.14045,0.14094,4596.3
1615233600000,0.1409,0.14171,0.14044,0.14075,3491.1
1615237200000,0.14075,0.14286,0.14054,0.14248,5534.3
1615240800000,0.14246,0.14246,0.13832,0.13911,7400.7
1615244400000,0.13911,0.14012,0.138,0.1381,8047.0
1615248000000,0.13854,0.13999,0.13785,0.13785,3088.9
1615251600000,0.13808,0.13976,0.13745,0.13917,3306.6
1615255200000,0.1393,0.13974,0.13531,0.13577,2581.1
1615258800000,0.136,0.142,0.1346,0.142,52472.6
1615262400000,0.14173,0.14224,0.1388,0.13945,5491.3
1615266000000,0.1395,0.14018,0.13785,0.13856,1350.6
1615269600000,0.13838,0.13897,0.13728,0.13764,934.6
1615273200000,0.13779,0.13889,0.13655,0.13687,2308.4
1615276800000,0.13662,0.13685,0.13469,0.13594,1303.9
1615280400000,0.13581,0.13645,0.128,0.12923,27740.2
1615284000000,0.12911,0.12911,0.12,0.123,63118.1
1615287600000,0.12292,0.12684,0.12291,0.12488,9848.7
1615291200000,0.12477,0.12482,0.12192,0.1234,5010.5
1615294800000,0.12349,0.12452,0.12297,0.1242,3530.1
1615298400000,0.12445,0.1246,0.12039,0.12055,6654.1
1615302000000,0.12054,0.12054,0.11711,0.11926,20464.0
1615305600000,0.11905,0.12021,0.1179,0.1194,5520.8
1615309200000,0.11946,0.11997,0.11786,0.11993,3690.0
1615312800000,0.11997,0.12114,0.1198,0.12056,3439.7
1615316400000,0.12057,0.121,0.11795,0.1181,3602.2
1615320000000,0.11791,0.11817,0.11495,0.11539,10580.8
1615323600000,0.11532,0.11556,0.11257,0.11421,9904.4
1615327200000,0.11392,0.1142,0.10955,0.11182,14169.3
1615330800000,0.1117,0.11383,0.11098,0.11203,13337.0
1615334400000,0.11169,0.11668,0.11169,0.11577,5529.9
1615338000000,0.11551,0.11709,0.115,0.11536,5481.4
1615341600000,0.11519,0.11805,0.11459,0.11485,5435.8
1615345200000,0.11492,0.11551,0.113,0.11428,2534.3
1615348800000,0.11445,0.1146,0.11149,0.1122,2144.0
1615352400000,0.1118,0.1139,0.1118,0.11321,1596.3
1615356000000,0.1137,0.11428,0.1122,0.11305,3258.4
1615359600000,0.11299,0.11322,0.11088,0.11122,4035.3
1615363200000,0.11139,0.11279,0.11097,0.11206,2254.6
1615366800000,0.11207,0.113,0.11077,0.11157,1116.1
1615370400000,0.1115,0.11486,0.1115,0.1142,2940.5
1615374000000,0.1142,0.11482,0.11257,0.11324,2181.6
1615377600000,0.11295,0.11338,0.11215,0.1126,1323.4
1615381200000,0.11288,0.11325,0.11175,0.11322,3075.6
1615384800000,0.11325,0.11355,0.112,0.112,1368.1
1615388400000,0.11255,0.11329,0.11167,0.11183,2093.5
1615392000000,0.11182,0.11219,0.109,0.10939,2486.3
1615395600000,0.10916,0.11084,0.10916,0.11044,1500.7
1615399200000,0.11035,0.11129,0.11013,0.11105,1268.7
1615402800000,0.11085,0.11099,0.10938,0.1098,4797.3
1615406400000,0.1098,0.11153,0.10964,0.11117,2310.2
1615410000000,0.11122,0.1128,0.11001,0.11007,5413.3
1615413600000,0.11,0.11122,0.10949,0.11122,895.3
1615417200000,0.11126,0.11244,0.11092,0.11096,7591.6
1615420800000,0.1107,0.11099,0.10877,0.10926,1600.0
1615424400000,0.10926,0.10928,0.1078,0.1081,1680.5
1615428000000,0.1084,0.10891,0.10736,0.10847,1557.2
1615431600000,0.10832,0.10938,0.10755,0.10755,469.4
1615435200000,0.1074,0.1079,0.10642,0.10773,707.1
1615438800000,0.10795,0.10821,0.1074,0.10788,1371.3
1615442400000,0.10821,0.1084,0.10747,0.10747,7472.3
1615446000000,0.10781,0.10903,0.10692,0.10858,1946.1
1615449600000,0.1082,0.10848,0.10755,0.1084,1096.8
1615453200000,0.10846,0.11022,0.1084,0.10981,2293.8
1615456800000,0.11019,0.1106,0.10755,0.10795,2587.9
1615460400000,0.10814,0.10969,0.10633,0.10833,7538.8
1615464000000,0.10859,0.10859,0.10749,0.10763,3535.8
1615467600000,0.10779,0.1082,0.1032,0.10424,9004.8
1615471200000,0.10396,0.10396,0.10046,0.10182,11366.9
1615474800000,0.10179,0.1078,0.1014,0.10513,22062.2
1615478400000,0.10501,0.10719,0.10425,0.1062,4058.3
1615482000000,0.1062,0.10725,0.10572,0.1065,862.7
1615485600000,0.10629,0.10703,0.10577,0.10693,1042.7
1615489200000,0.107,0.10852,0.10693,0.1082,1761.9
1615492800000,0.1085,0.10918,0.10751,0.10798,6434.8
1615496400000,0.10798,0.10912,0.10736,0.10806,1288.3
1615500000000,0.10816,0.1085,0.10736,0.10736,1320.2
1615503600000,0.10741,0.10793,0.10688,0.10696,1111.1
1615507200000,0.10698,0.10966,0.10683,0.1078,7911.2
1615510800000,0.10787,0.11048,0.10787,0.11048,4743.5
1615514400000,0.11048,0.11089,0.1098,0.11089,4262.8
1615518000000,0.111,0.1128,0.11012,0.11222,2258.8
1615521600000,0.11253,0.11367,0.11143,0.11166,3408.7
1615525200000,0.11141,0.1119,0.111,0.11153,1964.6
1615528800000,0.11129,0.11265,0.11125,0.1116,865.0
1615532400000,0.11185,0.11202,0.11122,0.11172,2747.4
1615536000000,0.11199,0.1122,0.1102,0.11056,673.8
1615539600000,0.11056,0.11056,0.10712,0.10735,7848.2
1615543200000,0.1075,0.10877,0.1074,0.10808,2046.6
1615546800000,0.10794,0.10925,0.10794,0.10845,2255.4
1615550400000,0.10845,0.1106,0.10845,0.11014,974.4
1615554000000,0.1103,0.11935,0.11015,0.11224,45642.7
1615557600000,0.11251,0.1138,0.11153,0.11171,4305.2
1615561200000,0.1114,0.11183,0.11028,0.11133,1607.0
1615564800000,0.11135,0.11436,0.11061,0.11421,1698.9
1615568400000,0.1138,0.11751,0.11332,0.11663,3766.3
1615572000000,0.11663,0.11714,0.11521,0.11639,2133.7
1615575600000,0.11621,0.1174,0.116,0.1166,1355.8
1615579200000,0.11658,0.11791,0.11612,0.11612,2657.5
1615582800000,0.11612,0.11643,0.11546,0.1162,1462.2
1615586400000,0.11636,0.11712,0.1154,0.1162,2392.2
1615590000000,0.1164,0.118,0.11638,0.11734,2064.3
1615593600000,0.11775,0.11962,0.11693,0.11953,2834.6
1615597200000,0.11937,0.12102,0.119,0.1197,4408.0
1615600800000,0.1197,0.12014,0.11892,0.1194,1208.0
1615604400000,0.11979,0.1204,0.119,0.12028,1003.9
1615608000000,0.12046,0.12098,0.11969,0.12014,1367.1
1615611600000,0.12025,0.12201,0.12001,0.12079,4231.6
1615615200000,0.12099,0.12588,0.12092,0.12194,6196.9
1615618800000,0.12194,0.1241,0.11928,0.11939,10746.6
1615622400000,0.11928,0.12191,0.11881,0.12107,2365.6
1615626000000,0.12092,0.12359,0.12083,0.12192,3222.3
1615629600000,0.12195,0.12302,0.11738,0.11779,6765.1
1615633200000,0.11749,0.11822,0.11536,0.11665,4140.4
1615636800000,0.11646,0.12002,0.1162,0.11902,1806.2
1615640400000,0.11901,0.11954,0.11773,0.11795,2735.5
1615644000000,0.11815,0.11822,0.11636,0.11683,1298.5
1615647600000,0.11726,0.11796,0.11684,0.11774,945.5
1615651200000,0.11774,0.11919,0.11774,0.11919,1757.4
1615654800000,0.11924,0.1193,0.11751,0.11795,566.5
1615658400000,0.11785,0.11815,0.117,0.11765,1586.2
1615662000000,0.11753,0.11753,0.11596,0.11606,664.8
1615665600000,0.11587,0.11665,0.11484,0.11633,755.6
1615669200000,0.1162,0.11751,0.11593,0.11659,1719.6
1615672800000,0.11632,0.11674,0.11525,0.116,1092.1
1615676400000,0.11617,0.1179,0.11605,0.1175,7398.3
1615680000000,0.1174,0.12038,0.11724,0.12036,3186.8
1615683600000,0.12026,0.12254,0.11979,0.12254,1526.4
1615687200000,0.12234,0.12352,0.1214,0.12255,6958.6
1615690800000,0.12274,0.123,0.1214,0.1215,643.1
1615694400000,0.1215,0.1215,0.11979,0.12006,950.8
1615698000000,0.12059,0.12127,0.1202,0.12087,1338.3
1615701600000,0.12086,0.12125,0.12014,0.12084,513.9
1615705200000,0.12097,0.12219,0.12062,0.12194,4092.0
1615708800000,0.12194,0.12284,0.12136,0.12145,5603.9
1615712400000,0.12135,0.12178,0.12038,0.12119,922.3
1615716000000,0.1213,0.12183,0.11915,0.11929,2745.8
1615719600000,0.11937,0.11937,0.11791,0.11835,1237.3
1615723200000,0.11857,0.11942,0.11817,0.11912,718.5
1615726800000,0.11912,0.11954,0.11837,0.11868,1731.8
1615730400000,0.11868,0.11914,0.11816,0.11816,1710.1
1615734000000,0.1183,0.11852,0.11746,0.11778,881.7
1615737600000,0.11795,0.11845,0.11718,0.1176,378.0
1615741200000,0.11749,0.1177,0.11663,0.11663,549.3
1615744800000,0.11664,0.11691,0.11614,0.11625,263.3
1615748400000,0.11612,0.11768,0.11611,0.11747,553.0
1615752000000,0.11746,0.11746,0.11616,0.11653,654.5
1615755600000,0.11668,0.117,0.1162,0.11641,514.9
1615759200000,0.1163,0.117,0.11581,0.11657,1198.0
1615762800000,0.11644,0.11712,0.11618,0.11618,590.7
1615766400000,0.11654,0.11706,0.11612,0.11655,922.8
1615770000000,0.11649,0.11816,0.11648,0.11748,521.0
1615773600000,0.1174,0.11893,0.1174,0.11785,803.3
1615777200000,0.1182,0.1182,0.11698,0.11704,386.3
1615780800000,0.11713,0.11811,0.11705,0.11781,372.7
1615784400000,0.11741,0.11791,0.11667,0.11749,4323.9
1615788000000,0.11747,0.11757,0.11645,0.11645,635.5
1615791600000,0.11645,0.11918,0.1162,0.1182,2289.9
1615795200000,0.11853,0.11855,0.11673,0.11829,3213.1
1615798800000,0.118,0.11904,0.11694,0.11816,2863.6
1615802400000,0.11859,0.11881,0.11759,0.11766,751.3
1615806000000,0.1175,0.11882,0.1175,0.11873,1616.2
1615809600000,0.11851,0.11894,0.11673,0.11688,1657.1
1615813200000,0.11678,0.11729,0.11555,0.11555,1829.1
1615816800000,0.11552,0.11854,0.11525,0.11839,2688.0
1615820400000,0.11839,0.1185,0.11754,0.11811,8824.3
1615824000000,0.11781,0.11781,0.11664,0.11688,3471.0
1615827600000,0.11695,0.1178,0.11675,0.11746,660.1
1615831200000,0.11708,0.11708,0.11648,0.11667,439.6
1615834800000,0.11685,0.1174,0.1158,0.11736,476.2
1615838400000,0.11736,0.11795,0.11664,0.11715,1200.6
1615842000000,0.11715,0.11715,0.11634,0.11636,1112.2
1615845600000,0.11625,0.11694,0.11598,0.11694,874.1
1615849200000,0.11655,0.11749,0.11655,0.11675,560.2
1615852800000,0.11708,0.11766,0.11548,0.11581,2962.6
1615856400000,0.1154,0.11759,0.11489,0.11757,1774.4
1615860000000,0.11719,0.11805,0.11684,0.11718,711.4
1615863600000,0.11699,0.117,0.11597,0.11605,238.7
1615867200000,0.11613,0.11684,0.11564,0.11631,851.2
1615870800000,0.11658,0.11715,0.11612,0.1168,195.0
1615874400000,0.11683,0.11732,0.11536,0.11633,574.4
1615878000000,0.11614,0.11647,0.11526,0.11526,968.0
1615881600000,0.11548,0.11558,0.11296,0.11323,2316.7
1615885200000,0.11322,0.115,0.11249,0.11459,2922.2
1615888800000,0.11434,0.11464,0.11308,0.11361,460.7
1615892400000,0.11356,0.11443,0.113,0.1143,503.4
1615896000000,0.11391,0.11436,0.11368,0.11422,612.9
1615899600000,0.11385,0.11407,0.1134,0.11374,440.0
1615903200000,0.11366,0.11432,0.11335,0.11397,561.5
1615906800000,0.1137,0.1146,0.11356,0.1146,1221.1
1615910400000,0.11421,0.11465,0.11374,0.11394,1132.4
1615914000000,0.1138,0.1146,0.1138,0.11411,2182.1
1615917600000,0.11449,0.11536,0.11419,0.1151,905.9
1615921200000,0.115,0.11565,0.11473,0.11565,1671.3
1615924800000,0.11564,0.11564,0.11394,0.11443,1666.8
1615928400000,0.11446,0.11527,0.11409,0.1143,468.4
1615932000000,0.1143,0.11666,0.1137,0.1158,2907.4
1615935600000,0.11567,0.11625,0.11447,0.11625,721.3
1615939200000,0.11603,0.11706,0.11499,0.11621,1418.7
1615942800000,0.11653,0.12109,0.11653,0.12026,4208.1
1615946400000,0.12032,0.12209,0.12032,0.12146,1564.4
1615950000000,0.12123,0.12193,0.12069,0.12094,1631.6
1615953600000,0.12094,0.12248,0.12094,0.1221,435.4
1615957200000,0.12244,0.12378,0.12203,0.12363,1825.0
1615960800000,0.12324,0.12329,0.12128,0.12174,2333.9
1615964400000,0.12174,0.12215,0.12043,0.12123,1623.3
1615968000000,0.12153,0.12166,0.12069,0.12149,567.5
1615971600000,0.1213,0.12149,0.11953,0.1202,1659.0
1615975200000,0.1198,0.12039,0.11968,0.12018,364.6
1615978800000,0.12018,0.1204,0.11824,0.1185,2509.2
1615982400000,0.11887,0.11894,0.118,0.1184,850.3
1615986000000,0.11864,0.11931,0.1185,0.11874,1505.0
1615989600000,0.11873,0.11913,0.11814,0.11855,683.3
1615993200000,0.11861,0.12026,0.11817,0.11936,2222.8
1615996800000,0.11922,0.11935,0.1172,0.1172,1305.6
1616000400000,0.11715,0.11715,0.1158,0.11602,995.6
1616004000000,0.11623,0.11819,0.11511,0.11819,2292.7
1616007600000,0.11764,0.11829,0.11622,0.11677,1735.9
1616011200000,0.11642,0.11777,0.1158,0.11777,1127.0
1616014800000,0.11753,0.1182,0.11609,0.11722,3978.8
1616018400000,0.11741,0.11899,0.11632,0.1186,1800.8
1616022000000,0.1185,0.1185,0.11592,0.11612,2555.7
1616025600000,0.11583,0.11583,0.11452,0.11553,2050.3
1616029200000,0.11553,0.11584,0.11421,0.11421,929.6
1616032800000,0.1143,0.1146,0.11286,0.11381,1118.0
1616036400000,0.11381,0.11396,0.11306,0.11306,979.3
1616040000000,0.11304,0.11318,0.1118,0.11199,1851.6
1616043600000,0.11212,0.11306,0.11174,0.11174,7919.0
1616047200000,0.11173,0.1135,0.11163,0.113,1132.0
1616050800000,0.113,0.11346,0.112,0.11205,829.5
1616054400000,0.11214,0.11287,0.11133,0.11251,1444.9
1616058000000,0.11274,0.11306,0.11206,0.11296,962.3
1616061600000,0.11292,0.11408,0.11284,0.11399,622.7
1616065200000,0.11408,0.11634,0.11385,0.11565,1623.8
1616068800000,0.11546,0.11605,0.11477,0.11555,962.0
1616072400000,0.11569,0.11599,0.11485,0.11523,467.1
1616076000000,0.11513,0.11551,0.1146,0.115,549.3
1616079600000,0.11509,0.11509,0.1139,0.1141,2113.6
1616083200000,0.1142,0.11445,0.1135,0.11374,1378.3
1616086800000,0.11344,0.11405,0.11327,0.11385,965.5
1616090400000,0.11369,0.11479,0.11349,0.11413,587.9
1616094000000,0.11457,0.11551,0.11439,0.11534,696.3
1616097600000,0.11535,0.11535,0.11438,0.11534,1230.2
1616101200000,0.11523,0.11539,0.1146,0.11497,832.4
1616104800000,0.115,0.11508,0.11416,0.11416,752.5
1616108400000,0.11444,0.11551,0.11444,0.1147,227.3
1616112000000,0.11466,0.11567,0.11445,0.11556,1069.0
1616115600000,0.11558,0.11571,0.11445,0.11445,580.5
1616119200000,0.11454,0.11489,0.11381,0.11424,707.9
1616122800000,0.11398,0.1146,0.11394,0.1146,219.4
1616126400000,0.1142,0.1142,0.11307,0.11383,2356.9
1616130000000,0.11373,0.11511,0.11287,0.11444,686.4
1616133600000,0.11471,0.11544,0.11446,0.11483,335.4
1616137200000,0.11494,0.11663,0.11494,0.11663,2104.3
1616140800000,0.11663,0.11736,0.11568,0.11607,2206.6
1616144400000,0.11603,0.11603,0.11515,0.11515,808.1
1616148000000,0.11516,0.11516,0.11436,0.11436,581.5
1616151600000,0.11434,0.1154,0.11398,0.1154,802.8
1616155200000,0.11547,0.11638,0.11489,0.11635,1310.2
1616158800000,0.1162,0.11649,0.11572,0.11632,531.0
1616162400000,0.11648,0.1196,0.11648,0.11816,2103.2
1616166000000,0.11816,0.11919,0.11729,0.11795,1496.3
1616169600000,0.11813,0.12761,0.11734,0.12654,24548.2
1616173200000,0.12649,0.12708,0.12408,0.1254,7156.1
1616176800000,0.12531,0.12669,0.12473,0.12578,4132.9
1616180400000,0.12612,0.1278,0.12505,0.12644,1773.0
1616184000000,0.12644,0.12733,0.12567,0.12628,1316.5
1616187600000,0.12615,0.1292,0.12614,0.12749,2159.1
1616191200000,0.12743,0.12821,0.12599,0.12646,2401.4
1616194800000,0.12644,0.12653,0.1253,0.12628,854.1
1616198400000,0.12657,0.1274,0.12596,0.12732,1849.3
1616202000000,0.12747,0.12995,0.12736,0.12836,3669.1
1616205600000,0.12849,0.13062,0.12779,0.1302,1438.3
1616209200000,0.12997,0.13316,0.1294,0.13161,7592.1
1616212800000,0.13176,0.13277,0.13062,0.13112,6058.6
1616216400000,0.1316,0.13164,0.12924,0.12953,1353.3
1616220000000,0.12977,0.1298,0.12797,0.1282,5897.2
1616223600000,0.1279,0.1279,0.12409,0.12414,2691.3
1616227200000,0.12408,0.1253,0.1233,0.12402,3654.1
1616230800000,0.12398,0.12486,0.12338,0.1234,1178.6
1616234400000,0.12335,0.12461,0.12257,0.12423,1049.3
1616238000000,0.1241,0.12413,0.12247,0.12273,2077.2
1616241600000,0.1226,0.12327,0.12137,0.12264,1794.4
1616245200000,0.12264,0.12327,0.12158,0.12158,1443.3
1616248800000,0.12175,0.1226,0.12127,0.12234,624.7
1616252400000,0.12247,0.12316,0.1206,0.12235,4536.6
1616256000000,0.12234,0.1228,0.1195,0.11995,2782.2
1616259600000,0.1202,0.1208,0.12009,0.12056,973.1
1616263200000,0.12047,0.12057,0.11931,0.12013,977.2
1616266800000,0.12042,0.12138,0.12035,0.12094,1471.9
1616270400000,0.12074,0.12139,0.11961,0.12091,1945.4
1616274000000,0.12097,0.1214,0.12016,0.12045,461.2
1616277600000,0.1204,0.12233,0.1204,0.12125,1431.0
1616281200000,0.12133,0.12224,0.12045,0.12127,288.0
1616284800000,0.12153,0.12236,0.12087,0.12136,669.8
1616288400000,0.12155,0.1219,0.12006,0.12148,305.7
1616292000000,0.1214,0.1214,0.11976,0.12082,679.7
1616295600000,0.12101,0.12169,0.11979,0.12029,1427.8
1616299200000,0.12027,0.12151,0.11995,0.12026,659.5
1616302800000,0.12045,0.12182,0.12045,0.12159,568.0
1616306400000,0.12186,0.12326,0.12186,0.12312,971.6
1616310000000,0.1232,0.12385,0.12283,0.12385,443.9
1616313600000,0.12381,0.12391,0.1227,0.12293,229.3
1616317200000,0.12311,0.12393,0.12193,0.12336,1038.6
1616320800000,0.12337,0.12391,0.12241,0.12251,399.3
1616324400000,0.12231,0.12275,0.12199,0.1226,533.5
1616328000000,0.12282,0.1231,0.12221,0.12226,518.0
1616331600000,0.12229,0.12346,0.12195,0.12273,932.2
1616335200000,0.12273,0.12345,0.1226,0.12345,700.2
1616338800000,0.12332,0.12368,0.12285,0.12293,1813.1
1616342400000,0.12285,0.12315,0.12212,0.12283,576.1
1616346000000,0.12283,0.1234,0.12226,0.1234,1410.2
1616349600000,0.1234,0.1244,0.12316,0.1244,2174.8
1616353200000,0.12446,0.12454,0.12259,0.12345,1222.0
1616356800000,0.12328,0.12328,0.12181,0.12315,2441.0
1616360400000,0.12315,0.1249,0.12315,0.12415,1494.7
1616364000000,0.1244,0.12547,0.12405,0.12418,855.5
1616367600000,0.12425,0.12468,0.12369,0.1246,1829.5
1616371200000,0.12462,0.12474,0.1226,0.12263,1437.7
1616374800000,0.12257,0.12291,0.1219,0.12279,666.2
1616378400000,0.12279,0.1246,0.12275,0.12346,742.0
1616382000000,0.12404,0.1251,0.12391,0.1246,3457.3
1616385600000,0.12449,0.1257,0.12414,0.12449,1709.9
1616389200000,0.12449,0.12513,0.12362,0.12396,2853.2
1616392800000,0.12371,0.12556,0.1233,0.12528,1238.1
1616396400000,0.12528,0.12528,0.12424,0.12466,727.1
1616400000000,0.1246,0.12483,0.1239,0.12393,600.0
1616403600000,0.12394,0.1242,0.12302,0.12302,790.3
1616407200000,0.12327,0.12405,0.12307,0.12345,1260.0
1616410800000,0.12345,0.12547,0.12345,0.12503,681.6
1616414400000,0.12531,0.12844,0.12459,0.1282,2582.2
1616418000000,0.12784,0.13024,0.12711,0.12869,6055.3
1616421600000,0.12829,0.12851,0.12469,0.12575,4709.6
1616425200000,0.12575,0.12738,0.12551,0.12723,2069.6
1616428800000,0.1274,0.12776,0.1257,0.12636,623.1
1616432400000,0.12616,0.12695,0.12429,0.1253,2701.3
1616436000000,0.12539,0.13252,0.12482,0.13242,9302.8
1616439600000,0.13218,0.13257,0.12954,0.13027,9409.5
1616443200000,0.13032,0.13293,0.12858,0.12864,4037.3
1616446800000,0.12889,0.12987,0.1283,0.12891,2480.3
1616450400000,0.12891,0.13089,0.12709,0.12728,2673.5
1616454000000,0.12736,0.12922,0.12736,0.12862,2158.9
1616457600000,0.12875,0.1302,0.12796,0.12871,3536.3
1616461200000,0.1286,0.1302,0.12793,0.13016,1954.2
1616464800000,0.13014,0.13081,0.12938,0.13007,1547.6
1616468400000,0.1306,0.13558,0.1306,0.13494,3272.2
1616472000000,0.13493,0.13644,0.13338,0.1351,2511.9
1616475600000,0.1351,0.13541,0.13277,0.133,2864.7
1616479200000,0.13285,0.13311,0.12884,0.12945,4448.8
1616482800000,0.12964,0.13174,0.12933,0.13169,1554.1
1616486400000,0.13164,0.13322,0.1308,0.13081,2418.2
1616490000000,0.13081,0.13102,0.12829,0.12988,3156.0
1616493600000,0.12987,0.13002,0.12771,0.12783,3393.9
1616497200000,0.1279,0.12833,0.12736,0.12805,2592.4
1616500800000,0.1282,0.12955,0.1275,0.12772,1555.4
1616504400000,0.12753,0.12837,0.12644,0.12779,2616.6
1616508000000,0.12793,0.12938,0.1274,0.12755,1335.8
1616511600000,0.12747,0.12848,0.12696,0.12775,1005.7
1616515200000,0.12778,0.13105,0.12635,0.13105,4508.9
1616518800000,0.13086,0.14214,0.1295,0.13081,26973.4
1616522400000,0.13081,0.13105,0.1275,0.12815,5675.8
1616526000000,0.128,0.12852,0.125,0.12574,3830.0
1616529600000,0.12555,0.12561,0.12057,0.12156,7342.4
1616533200000,0.12128,0.12296,0.12033,0.1219,5689.7
1616536800000,0.12141,0.12236,0.12009,0.12009,2504.3
1616540400000,0.12018,0.12257,0.11885,0.12155,6305.5
1616544000000,0.1214,0.12258,0.11927,0.1196,2396.7
1616547600000,0.11944,0.12003,0.11713,0.11713,2288.6
1616551200000,0.11707,0.11862,0.1169,0.11766,2240.5
1616554800000,0.11755,0.11885,0.11744,0.11869,1787.6
1616558400000,0.11888,0.12106,0.11871,0.12024,3145.6
1616562000000,0.12022,0.12248,0.11986,0.12163,8875.0
1616565600000,0.12174,0.12234,0.11914,0.12013,3353.7
1616569200000,0.12013,0.1204,0.11839,0.11998,3209.2
1616572800000,0.11998,0.12168,0.11953,0.12142,2572.3
1616576400000,0.12158,0.12162,0.11985,0.1199,2525.7
1616580000000,0.12008,0.12059,0.11919,0.1195,2524.8
1616583600000,0.11944,0.11944,0.11632,0.11853,6665.7
1616587200000,0.11852,0.11899,0.11698,0.1179,2530.3
1616590800000,0.11781,0.1182,0.11698,0.1173,2135.5
1616594400000,0.11761,0.11908,0.11725,0.11891,1297.2
1616598000000,0.11904,0.11945,0.11825,0.11855,1313.9
1616601600000,0.1185,0.1185,0.11662,0.11713,3436.4
1616605200000,0.11722,0.11761,0.11673,0.11673,1958.0
1616608800000,0.11697,0.11772,0.11609,0.1161,2047.0
1616612400000,0.11611,0.11631,0.11389,0.1141,3044.6
1616616000000,0.1142,0.11434,0.11183,0.113,2316.8
1616619600000,0.11287,0.11361,0.11191,0.11203,1510.1
1616623200000,0.11222,0.11228,0.10528,0.10977,23274.3
1616626800000,0.10949,0.111,0.10949,0.1097,2260.1
1616630400000,0.1096,0.11193,0.10941,0.11084,2360.9
1616634000000,0.11075,0.11103,0.10816,0.10821,3609.2
1616637600000,0.10803,0.11164,0.10734,0.11118,3117.1
1616641200000,0.11097,0.11164,0.1102,0.11124,1023.4
1616644800000,0.11107,0.11153,0.1102,0.11108,2478.5
1616648400000,0.11134,0.112,0.11084,0.112,1317.9
1616652000000,0.11176,0.112,0.11099,0.11144,1194.6
1616655600000,0.11147,0.11173,0.11069,0.11134,715.3
1616659200000,0.11139,0.11164,0.11083,0.1113,1424.1
1616662800000,0.11131,0.11183,0.111,0.11136,2721.2
1616666400000,0.11136,0.11395,0.11028,0.11092,7239.9
1616670000000,0.11092,0.11158,0.10981,0.10996,1823.9
1616673600000,0.11028,0.11541,0.10951,0.11455,5520.5
1616677200000,0.11442,0.11475,0.11379,0.11414,1253.3
1616680800000,0.1142,0.11536,0.1138,0.11518,2450.6
1616684400000,0.11508,0.11553,0.11346,0.11392,2010.5
1616688000000,0.11414,0.11551,0.11277,0.1155,1486.8
1616691600000,0.11528,0.11726,0.11523,0.11658,1029.8
1616695200000,0.11667,0.11702,0.11475,0.1148,7143.9
1616698800000,0.11491,0.1157,0.11412,0.11445,3178.6
1616702400000,0.11439,0.1154,0.11439,0.11465,1356.2
1616706000000,0.11465,0.11538,0.11424,0.11447,699.1
1616709600000,0.11448,0.11508,0.11196,0.11196,2420.1
1616713200000,0.1121,0.11367,0.11173,0.11355,1476.7
1616716800000,0.11321,0.11464,0.11268,0.11428,989.8
1616720400000,0.11437,0.11456,0.11239,0.11301,5092.0
1616724000000,0.11288,0.11339,0.1125,0.11314,985.3
1616727600000,0.11301,0.11379,0.1123,0.11266,2080.6
1616731200000,0.11254,0.11299,0.11195,0.11224,567.8
1616734800000,0.11231,0.1126,0.11181,0.11193,2598.3
1616738400000,0.11181,0.11231,0.1114,0.1114,1240.6
1616742000000,0.11133,0.11183,0.11075,0.11163,2679.9
1616745600000,0.1114,0.11205,0.11025,0.11156,1282.9
1616749200000,0.11149,0.1131,0.11126,0.11297,2679.1
1616752800000,0.11288,0.11292,0.1115,0.11244,1187.1
1616756400000,0.11239,0.11305,0.1117,0.113,2434.9
1616760000000,0.11289,0.11411,0.11194,0.11379,2062.3
1616763600000,0.11379,0.11491,0.11367,0.11399,1781.2
1616767200000,0.11391,0.11391,0.1128,0.11347,788.5
1616770800000,0.11342,0.11373,0.11209,0.11219,1361.8
1616774400000,0.1126,0.1142,0.11215,0.114,1367.8
1616778000000,0.114,0.115,0.11273,0.11429,2315.6
1616781600000,0.11476,0.11527,0.11366,0.11392,1115.1
1616785200000,0.11363,0.11379,0.11262,0.113,1490.9
1616788800000,0.11314,0.11364,0.1125,0.11252,1089.6
1616792400000,0.11254,0.11336,0.1122,0.11323,1991.0
1616796000000,0.11338,0.1137,0.11283,0.11318,2165.4
1616799600000,0.11317,0.11382,0.11241,0.1134,2404.2
1616803200000,0.11326,0.1146,0.11326,0.11433,1267.1
1616806800000,0.114,0.11536,0.114,0.11439,528.7
1616810400000,0.11423,0.11695,0.11405,0.1162,1736.0
1616814000000,0.1162,0.11648,0.1153,0.1153,595.7
1616817600000,0.11526,0.11544,0.11403,0.1142,1219.7
1616821200000,0.11448,0.11527,0.1139,0.11393,448.2
1616824800000,0.11412,0.115,0.11394,0.11463,630.5
1616828400000,0.11464,0.11499,0.114,0.114,1214.2
1616832000000,0.11396,0.11422,0.11237,0.11256,858.4
1616835600000,0.11229,0.1128,0.11035,0.11052,2154.5
1616839200000,0.11032,0.11156,0.10951,0.111,1878.2
1616842800000,0.11108,0.11117,0.10989,0.11008,1735.1
1616846400000,0.11012,0.11103,0.10983,0.11054,1270.5
1616850000000,0.11047,0.11047,0.10921,0.10966,1199.1
1616853600000,0.10959,0.10959,0.108,0.10848,924.4
1616857200000,0.10833,0.10864,0.10712,0.1074,1883.7
1616860800000,0.1072,0.10829,0.10645,0.1075,1409.3
1616864400000,0.10715,0.10795,0.10643,0.10668,1625.5
1616868000000,0.1069,0.10768,0.10644,0.10699,2322.3
1616871600000,0.10671,0.10714,0.10626,0.10626,831.3
1616875200000,0.10642,0.10643,0.10493,0.10494,1570.2
1616878800000,0.10501,0.10536,0.10329,0.10353,2297.5
1616882400000,0.10353,0.10437,0.10265,0.10298,3381.7
1616886000000,0.10291,0.10507,0.10285,0.10459,1742.7
1616889600000,0.10428,0.10476,0.10284,0.10304,997.7
1616893200000,0.10285,0.10316,0.10249,0.1028,1086.4
1616896800000,0.10296,0.10353,0.1022,0.1022,4424.3
1616900400000,0.10255,0.10361,0.10192,0.10287,4069.4
1616904000000,0.103,0.10423,0.10189,0.10331,2767.3
1616907600000,0.10315,0.10354,0.10223,0.10289,3515.3
1616911200000,0.10277,0.10415,0.10252,0.10375,1141.5
1616914800000,0.10368,0.10419,0.10272,0.10272,738.0
1616918400000,0.10277,0.10399,0.10276,0.10375,606.9
1616922000000,0.10375,0.10533,0.10375,0.10501,1122.3
1616925600000,0.10499,0.10551,0.10387,0.10401,710.3
1616929200000,0.1046,0.1051,0.10393,0.10462,1010.1
1616932800000,0.1046,0.10477,0.1037,0.10396,1204.3
1616936400000,0.10395,0.1042,0.10302,0.10325,570.8
1616940000000,0.10354,0.1047,0.103,0.10417,2021.0
1616943600000,0.10423,0.10438,0.1032,0.10426,1061.1
1616947200000,0.10428,0.10483,0.1034,0.10436,451.5
1616950800000,0.10435,0.10586,0.10427,0.10554,767.0
1616954400000,0.10557,0.10606,0.10494,0.1058,1148.2
1616958000000,0.1058,0.1058,0.10394,0.10417,974.5
1616961600000,0.1046,0.10489,0.10368,0.104,1565.3
1616965200000,0.10401,0.10432,0.10365,0.10418,701.2
1616968800000,0.10435,0.10436,0.10316,0.10335,1795.8
1616972400000,0.10329,0.10393,0.10314,0.10371,897.0
1616976000000,0.10404,0.10419,0.10301,0.10391,387.0
1616979600000,0.1039,0.10438,0.1034,0.1042,4913.2
1616983200000,0.10414,0.10465,0.1041,0.10457,546.6
1616986800000,0.10444,0.10469,0.1038,0.10463,907.5
1616990400000,0.10465,0.1054,0.10441,0.10472,1889.0
1616994000000,0.10467,0.105,0.10436,0.10452,1150.8
1616997600000,0.10457,0.10464,0.10401,0.10426,843.5
1617001200000,0.10401,0.10432,0.10312,0.104,1608.8
1617004800000,0.10404,0.10418,0.103,0.10387,1329.6
1617008400000,0.10387,0.10656,0.10387,0.106,1293.2
1617012000000,0.106,0.10652,0.1053,0.10629,993.9
1617015600000,0.10629,0.10649,0.10506,0.10524,1065.5
1617019200000,0.10533,0.10647,0.10506,0.10586,3162.4
1617022800000,0.10606,0.10622,0.10531,0.10616,1018.3
1617026400000,0.10608,0.10632,0.10565,0.106,1546.7
1617030000000,0.106,0.10606,0.10472,0.10487,1192.7
1617033600000,0.10488,0.10542,0.10461,0.10482,579.5
1617037200000,0.10494,0.10727,0.10494,0.10628,1097.5
1617040800000,0.10653,0.10684,0.10602,0.10608,1026.4
1617044400000,0.10607,0.10663,0.10596,0.10601,967.7
1617048000000,0.10625,0.10643,0.10542,0.10607,614.1
1617051600000,0.1062,0.10689,0.10552,0.10552,3286.3
1617055200000,0.10552,0.10632,0.10537,0.10625,470.4
1617058800000,0.10602,0.10619,0.10517,0.10531,1074.4
1617062400000,0.10565,0.10642,0.105,0.10557,563.9
1617066000000,0.10557,0.10565,0.10494,0.10518,464.3
1617069600000,0.10496,0.10511,0.10402,0.10455,510.9
1617073200000,0.10456,0.10497,0.10424,0.10467,143.8
1617076800000,0.1046,0.10489,0.10387,0.10469,712.5
1617080400000,0.10469,0.10482,0.10422,0.10451,917.7
1617084000000,0.10462,0.10463,0.10357,0.10384,981.7
1617087600000,0.1038,0.10441,0.103,0.10341,3764.6
1617091200000,0.10323,0.10323,0.09691,0.0982,21835.7
1617094800000,0.09816,0.09901,0.097,0.09884,5798.3
1617098400000,0.09881,0.09888,0.0966,0.09812,2166.6
1617102000000,0.098,0.09851,0.09727,0.09847,877.1
1617105600000,0.09826,0.09866,0.0974,0.09757,745.6
1617109200000,0.0974,0.0974,0.09421,0.09488,14063.8
1617112800000,0.09484,0.09609,0.09404,0.09516,2635.3
1617116400000,0.09513,0.09627,0.09451,0.0962,2418.9
1617120000000,0.09626,0.09726,0.09548,0.09565,1727.7
1617123600000,0.096,0.09603,0.09492,0.09575,1327.6
1617127200000,0.09573,0.09578,0.09419,0.0945,3944.0
1617130800000,0.0944,0.09449,0.09228,0.09245,4819.9
1617134400000,0.09236,0.09493,0.09236,0.09462,1351.9
1617138000000,0.09433,0.09433,0.09248,0.09302,2987.0
1617141600000,0.09318,0.09318,0.09207,0.09214,859.1
1617145200000,0.09207,0.09279,0.09174,0.09174,1194.9
1617148800000,0.0918,0.09227,0.09045,0.09179,2389.3
1617152400000,0.09165,0.09353,0.09116,0.09303,3804.8
1617156000000,0.09314,0.09489,0.09314,0.09388,1373.6
1617159600000,0.0941,0.095,0.094,0.09432,766.2
1617163200000,0.09436,0.09489,0.09293,0.09307,1935.7
1617166800000,0.09308,0.09311,0.09189,0.09225,829.5
1617170400000,0.09254,0.09318,0.09188,0.09251,1472.3
1617174000000,0.09247,0.093,0.09189,0.0926,985.2
1617177600000,0.09281,0.09408,0.09182,0.09264,2083.6
1617181200000,0.09256,0.09323,0.09234,0.09299,374.6
1617184800000,0.09303,0.09367,0.09226,0.09351,714.1
1617188400000,0.09348,0.09373,0.09273,0.0931,842.0
1617192000000,0.09303,0.09346,0.09163,0.09167,826.9
1617195600000,0.0919,0.09249,0.09097,0.09107,1433.3
1617199200000,0.09137,0.09167,0.09075,0.09167,604.2
1617202800000,0.09127,0.09224,0.0908,0.09133,824.2
1617206400000,0.0912,0.09174,0.09075,0.09099,3579.3
1617210000000,0.09099,0.09139,0.09055,0.09074,941.2
1617213600000,0.09071,0.09174,0.09071,0.09164,8144.1
1617217200000,0.09149,0.09347,0.09136,0.09163,2328.4
1617220800000,0.09164,0.09265,0.09164,0.09261,2181.9
1617224400000,0.09272,0.0938,0.09218,0.0931,1334.2
1617228000000,0.0932,0.09384,0.09286,0.09311,625.0
1617231600000,0.09338,0.0938,0.09259,0.0928,10276.6
1617235200000,0.09306,0.09477,0.09278,0.09345,2667.9
1617238800000,0.0935,0.09433,0.09299,0.09344,646.7
1617242400000,0.09371,0.09573,0.09339,0.095,2190.5
1617246000000,0.09512,0.09633,0.09427,0.0948,2091.5
1617249600000,0.09447,0.0947,0.09352,0.09427,628.6
1617253200000,0.09434,0.09438,0.09403,0.09429,1316.2
1617256800000,0.09418,0.09547,0.09332,0.0943,1258.9
1617260400000,0.09409,0.09589,0.09385,0.09421,14137.2
1617264000000,0.09434,0.09604,0.09334,0.095,22468.0
1617267600000,0.09489,0.09526,0.09429,0.09441,11141.4
1617271200000,0.09446,0.09446,0.09259,0.09272,2027.6
1617274800000,0.09299,0.09376,0.09234,0.09339,772.8
1617278400000,0.09324,0.09339,0.09206,0.0922,3101.1
1617282000000,0.09249,0.09266,0.09041,0.09113,2870.0
1617285600000,0.09127,0.09127,0.08884,0.08924,1939.4
1617289200000,0.08911,0.09091,0.08801,0.09029,3274.3
1617292800000,0.09071,0.09153,0.09015,0.09071,1531.3
1617296400000,0.09059,0.09059,0.08899,0.08989,1029.2
1617300000000,0.08989,0.0908,0.08862,0.08862,1557.6
1617303600000,0.08861,0.08963,0.08842,0.0888,754.9
1617307200000,0.08871,0.08872,0.08791,0.08819,641.2
1617310800000,0.08791,0.08829,0.08671,0.08673,2980.6
1617314400000,0.08685,0.08719,0.0853,0.08592,4401.9
1617318000000,0.08567,0.08615,0.0849,0.08583,2299.5
1617321600000,0.08547,0.08583,0.08239,0.08239,8764.8
1617325200000,0.08226,0.08422,0.08092,0.08361,10743.7
1617328800000,0.08379,0.08546,0.08379,0.08498,1787.5
1617332400000,0.08506,0.08599,0.08506,0.08539,2672.8
1617336000000,0.08557,0.08621,0.08515,0.08582,959.4
1617339600000,0.08544,0.08558,0.08309,0.08322,2577.0
1617343200000,0.08318,0.08357,0.08172,0.08272,10472.1
1617346800000,0.08285,0.08314,0.08245,0.08256,1269.0
1617350400000,0.0826,0.08341,0.08232,0.08289,2341.4
1617354000000,0.08273,0.08438,0.08265,0.08355,2650.7
1617357600000,0.08366,0.08435,0.0836,0.08401,600.8
1617361200000,0.0842,0.08513,0.08411,0.0845,1046.8
1617364800000,0.08458,0.08611,0.08458,0.08469,1918.4
1617368400000,0.08446,0.08479,0.08391,0.08391,1866.9
1617372000000,0.08397,0.08452,0.083,0.08436,2670.4
1617375600000,0.08438,0.08701,0.08438,0.08556,4418.9
1617379200000,0.08559,0.08609,0.08514,0.0855,878.5
1617382800000,0.08552,0.08702,0.08526,0.08666,815.8
1617386400000,0.08696,0.08828,0.08634,0.08774,1016.8
1617390000000,0.08774,0.08915,0.08664,0.08664,1036.2
1617393600000,0.08673,0.08687,0.08601,0.08675,926.7
1617397200000,0.08668,0.08735,0.08665,0.08734,892.5
1617400800000,0.08734,0.08901,0.08707,0.08901,762.9
1617404400000,0.08904,0.08979,0.08758,0.08936,3963.4
1617408000000,0.08948,0.08994,0.08758,0.08965,2500.5
1617411600000,0.08976,0.09286,0.08952,0.09199,1977.4
1617415200000,0.09278,0.09448,0.09234,0.09338,3777.7
1617418800000,0.09378,0.09392,0.09145,0.09195,7052.9
1617422400000,0.09192,0.09289,0.09164,0.09289,1000.7
1617426000000,0.0929,0.09361,0.09224,0.09267,1448.2
1617429600000,0.09282,0.09453,0.09249,0.09404,5488.6
1617433200000,0.09408,0.09423,0.09234,0.0936,3456.1
1617436800000,0.09386,0.09395,0.09117,0.09235,5301.0
1617440400000,0.09218,0.09296,0.09181,0.09252,633.5
1617444000000,0.09247,0.09289,0.09155,0.09159,1101.4
1617447600000,0.0916,0.09167,0.09016,0.09016,5612.8
1617451200000,0.0901,0.09167,0.09,0.09123,6449.0
1617454800000,0.09143,0.09232,0.09102,0.09207,6732.7
1617458400000,0.09217,0.09233,0.09128,0.09178,1206.3
1617462000000,0.09178,0.09202,0.0903,0.0903,1397.0
1617465600000,0.09089,0.09199,0.09023,0.09113,1301.7
1617469200000,0.09114,0.09173,0.09054,0.09121,2148.7
1617472800000,0.09107,0.09185,0.09074,0.09107,1423.7
1617476400000,0.09121,0.09158,0.09082,0.0914,1535.3
1617480000000,0.09122,0.09199,0.09091,0.09181,1838.8
1617483600000,0.09181,0.09268,0.09172,0.09258,2075.6
1617487200000,0.09258,0.09327,0.09189,0.09258,1713.8
1617490800000,0.09263,0.09287,0.09128,0.09128,652.5
1617494400000,0.09113,0.09209,0.09092,0.09092,1875.7
1617498000000,0.09091,0.09145,0.0904,0.09134,884.1
1617501600000,0.09119,0.09119,0.08966,0.08966,801.9
1617505200000,0.08968,0.09026,0.08967,0.08998,667.7
1617508800000,0.09019,0.0902,0.0896,0.0896,914.5
1617512400000,0.08958,0.08975,0.08859,0.08874,870.7
1617516000000,0.08918,0.09004,0.08888,0.08958,437.1
1617519600000,0.0893,0.08938,0.08849,0.08932,669.8
1617523200000,0.08932,0.08975,0.08863,0.08893,781.4
1617526800000,0.08892,0.08932,0.08802,0.08816,768.5
1617530400000,0.08816,0.08973,0.08816,0.08973,698.2
1617534000000,0.08973,0.08992,0.08857,0.08949,1542.7
1617537600000,0.08936,0.09015,0.08925,0.09015,1182.2
1617541200000,0.08983,0.0899,0.08873,0.08896,1185.3
1617544800000,0.08882,0.08967,0.08814,0.08928,1217.4
1617548400000,0.08923,0.08923,0.08778,0.08836,1700.5
1617552000000,0.088,0.08875,0.08781,0.08834,666.1
1617555600000,0.08835,0.09007,0.08789,0.08945,1766.1
1617559200000,0.08945,0.08945,0.08844,0.08894,3516.2
1617562800000,0.08887,0.08944,0.08856,0.08856,578.8
1617566400000,0.08843,0.08902,0.08796,0.08816,442.8
1617570000000,0.08826,0.08885,0.08813,0.08865,1318.0
1617573600000,0.0884,0.08998,0.08817,0.08919,1222.6
1617577200000,0.08938,0.08976,0.08828,0.08858,1031.6
1617580800000,0.08864,0.08889,0.08815,0.0885,1278.4
1617584400000,0.08894,0.08955,0.08872,0.08925,782.1
1617588000000,0.08947,0.08947,0.0876,0.08781,958.0
1617591600000,0.08776,0.08813,0.08723,0.08766,650.6
1617595200000,0.08789,0.08795,0.08673,0.08715,987.3
1617598800000,0.08713,0.08842,0.08637,0.08842,926.8
1617602400000,0.08818,0.08888,0.08797,0.08867,1150.2
1617606000000,0.0886,0.0888,0.08801,0.08875,279.7
1617609600000,0.08893,0.08906,0.08802,0.08821,662.2
1617613200000,0.08839,0.08839,0.0864,0.08648,625.5
1617616800000,0.08638,0.08708,0.08468,0.08468,21717.9
1617620400000,0.08462,0.08518,0.08283,0.08472,5284.4
1617624000000,0.08457,0.08528,0.08367,0.08371,2198.4
1617627600000,0.0836,0.0836,0.08137,0.08191,10211.4
1617631200000,0.08176,0.08334,0.08141,0.083,13318.8
1617634800000,0.08276,0.08385,0.08238,0.08238,1176.6
1617638400000,0.08235,0.08315,0.08185,0.08225,4624.3
1617642000000,0.08225,0.08344,0.08221,0.08221,633.8
1617645600000,0.08227,0.08367,0.08227,0.08295,743.1
1617649200000,0.08296,0.08321,0.08216,0.08243,2208.5
1617652800000,0.0826,0.08316,0.08224,0.08227,1643.3
1617656400000,0.08229,0.08331,0.08227,0.08275,1089.7
1617660000000,0.08271,0.08359,0.08245,0.08341,1897.7
1617663600000,0.08367,0.08417,0.083,0.0837,1919.8
1617667200000,0.08388,0.08493,0.08349,0.08349,1209.2
1617670800000,0.0837,0.08532,0.0837,0.08532,1237.8
1617674400000,0.085,0.08514,0.08458,0.08499,786.5
1617678000000,0.0846,0.0847,0.08395,0.08395,331.4
1617681600000,0.08416,0.08416,0.08247,0.08286,2351.0
1617685200000,0.08304,0.08304,0.08064,0.08072,2084.4
1617688800000,0.08117,0.08255,0.08094,0.08253,10289.5
1617692400000,0.08246,0.0829,0.08211,0.08254,871.7
1617696000000,0.08232,0.08232,0.08137,0.08172,1158.6
1617699600000,0.08183,0.08211,0.0807,0.08099,1776.2
1617703200000,0.08099,0.08154,0.07869,0.0799,6754.1
1617706800000,0.0799,0.0799,0.07768,0.07813,5563.2
1617710400000,0.07812,0.08238,0.07784,0.08209,5891.1
1617714000000,0.08183,0.08235,0.0807,0.08124,5633.8
1617717600000,0.08116,0.0816,0.07919,0.07974,4341.1
1617721200000,0.07983,0.08032,0.07937,0.07975,756.5
1617724800000,0.07953,0.07984,0.0789,0.07984,4101.6
1617728400000,0.0797,0.08009,0.07912,0.07948,1352.1
1617732000000,0.0795,0.07996,0.07893,0.07911,1125.2
1617735600000,0.07927,0.07931,0.07814,0.0782,602.9
1617739200000,0.07814,0.0787,0.07694,0.07694,9687.7
1617742800000,0.07694,0.07735,0.07632,0.07668,9532.3
1617746400000,0.07654,0.07674,0.07558,0.07629,4578.5
1617750000000,0.07629,0.07766,0.07617,0.07753,863.1
1617753600000,0.07744,0.07868,0.07718,0.07815,912.5
1617757200000,0.07803,0.07808,0.07532,0.07552,6956.9
1617760800000,0.07558,0.07666,0.07558,0.07633,801.9
1617764400000,0.07639,0.07713,0.07626,0.07689,234.9
1617768000000,0.07669,0.07715,0.0752,0.07522,2596.4
1617771600000,0.07537,0.07563,0.07464,0.07467,2885.4
1617775200000,0.07457,0.07467,0.07391,0.07393,19618.7
1617778800000,0.07393,0.07512,0.07393,0.0746,6368.4
1617782400000,0.0746,0.07578,0.07428,0.07578,2685.8
1617786000000,0.07574,0.07646,0.07411,0.07539,3625.2
1617789600000,0.07554,0.07884,0.0743,0.07841,9862.9
1617793200000,0.07824,0.07918,0.07686,0.07705,7413.5
1617796800000,0.07707,0.0783,0.0762,0.0774,3034.9
1617800400000,0.07717,0.07748,0.07442,0.07497,3536.9
1617804000000,0.07501,0.07548,0.07416,0.0742,2173.2
1617807600000,0.07466,0.07616,0.07447,0.07606,3266.8
1617811200000,0.07584,0.07595,0.07441,0.07514,1398.9
1617814800000,0.07514,0.07565,0.07466,0.07513,1790.7
1617818400000,0.0751,0.07571,0.07469,0.07567,697.0
1617822000000,0.07567,0.0766,0.07548,0.07551,612.1
1617825600000,0.07566,0.07622,0.07544,0.07585,767.1
1617829200000,0.07571,0.07571,0.07477,0.07566,1973.2
1617832800000,0.07575,0.07601,0.07506,0.07542,2610.3
1617836400000,0.07546,0.07638,0.07527,0.07632,2849.3
1617840000000,0.07617,0.07624,0.07459,0.07476,537.2
1617843600000,0.07503,0.07549,0.07469,0.07549,1195.3
1617847200000,0.07544,0.0755,0.07445,0.07531,1728.4
1617850800000,0.07525,0.07532,0.07373,0.07373,6328.1
1617854400000,0.07371,0.07415,0.07315,0.07405,5125.8
1617858000000,0.07365,0.0753,0.07317,0.07439,4860.0
1617861600000,0.07481,0.07482,0.07371,0.07405,1245.9
1617865200000,0.07394,0.07506,0.0738,0.07506,2137.7
1617868800000,0.07511,0.07511,0.07384,0.07429,1741.5
1617872400000,0.07425,0.07428,0.07286,0.07338,1502.7
1617876000000,0.07313,0.07415,0.07308,0.07355,2928.4
1617879600000,0.07356,0.0741,0.07344,0.07392,1003.6
1617883200000,0.07392,0.07409,0.07207,0.07235,4278.4
1617886800000,0.07227,0.07316,0.0718,0.07214,9625.7
1617890400000,0.07205,0.07228,0.07086,0.07108,13325.1
1617894000000,0.07099,0.07123,0.07034,0.0706,22994.3
1617897600000,0.071,0.07209,0.071,0.07204,3984.9
1617901200000,0.07186,0.07187,0.071,0.07126,1371.2
1617904800000,0.07123,0.07145,0.07076,0.07099,4964.2
1617908400000,0.07093,0.07122,0.07017,0.07057,610.9
1617912000000,0.07068,0.07179,0.07056,0.07143,932.8
1617915600000,0.07143,0.07193,0.07106,0.07135,1035.0
1617919200000,0.07144,0.0725,0.07144,0.07195,857.5
1617922800000,0.07204,0.07264,0.07186,0.0723,647.7
1617926400000,0.07214,0.07339,0.07196,0.07335,2885.3
1617930000000,0.07335,0.07357,0.07274,0.07314,1617.8
1617933600000,0.07339,0.07397,0.07321,0.0734,1054.0
1617937200000,0.07372,0.07505,0.07372,0.07424,3390.3
1617940800000,0.07432,0.07437,0.07312,0.07312,1209.7
1617944400000,0.07306,0.07319,0.07249,0.07292,1050.8
1617948000000,0.07292,0.073,0.07237,0.07253,2212.0
1617951600000,0.0728,0.07283,0.0718,0.07208,3428.9
1617955200000,0.07208,0.07242,0.07174,0.07183,1652.2
1617958800000,0.07192,0.07192,0.07036,0.07045,994.2
1617962400000,0.07062,0.07085,0.07,0.0704,3205.3
1617966000000,0.07028,0.07102,0.06902,0.06959,5858.8
1617969600000,0.06936,0.06961,0.06765,0.06873,4647.5
1617973200000,0.06853,0.06853,0.067,0.06758,2980.8
1617976800000,0.0678,0.0685,0.06735,0.0679,3442.8
1617980400000,0.0679,0.06868,0.06778,0.0679,996.2
1617984000000,0.06789,0.06811,0.06723,0.06753,1453.6
1617987600000,0.06745,0.06749,0.0665,0.06711,1929.8
1617991200000,0.06713,0.06776,0.06705,0.06776,836.3
1617994800000,0.06769,0.06874,0.06755,0.0687,1924.9
1617998400000,0.06866,0.06866,0.06707,0.06707,1832.0
1618002000000,0.06707,0.06723,0.06608,0.067,2007.3
1618005600000,0.067,0.06712,0.06632,0.06712,1459.9
1618009200000,0.06697,0.06701,0.06512,0.06512,5048.6
1618012800000,0.06508,0.06549,0.06289,0.06297,19346.3
1618016400000,0.06306,0.06324,0.06174,0.06191,12772.9
1618020000000,0.0618,0.06224,0.0607,0.06185,2372.7
1618023600000,0.06194,0.06423,0.06194,0.06366,1602.5
1618027200000,0.06375,0.06658,0.06375,0.06633,6157.0
1618030800000,0.06638,0.06661,0.06417,0.06439,3340.1
1618034400000,0.06444,0.06484,0.06361,0.06386,1635.6
1618038000000,0.06382,0.06484,0.06376,0.06438,2101.3
1618041600000,0.06441,0.06481,0.06398,0.06437,2830.2
1618045200000,0.06439,0.06462,0.06284,0.06337,2037.9
1618048800000,0.06309,0.0631,0.06215,0.06259,1988.6
1618052400000,0.06252,0.06277,0.06223,0.0625,1646.7
1618056000000,0.06239,0.06322,0.0619,0.06267,1490.8
1618059600000,0.06255,0.06296,0.06212,0.06216,5727.4
1618063200000,0.06233,0.06289,0.06233,0.06262,3683.4
1618066800000,0.06276,0.06315,0.06265,0.06285,1671.9
1618070400000,0.06273,0.06327,0.06256,0.06299,1217.2
1618074000000,0.06303,0.06441,0.06273,0.06439,1163.2
1618077600000,0.06438,0.06467,0.06291,0.06298,2726.7
1618081200000,0.063,0.06346,0.0627,0.0627,609.8
1618084800000,0.06284,0.06326,0.06252,0.06319,574.5
1618088400000,0.06287,0.06297,0.06215,0.06238,974.4
1618092000000,0.06238,0.06316,0.06189,0.06313,1603.6
1618095600000,0.06283,0.06322,0.0628,0.06298,929.1
1618099200000,0.06303,0.06437,0.06284,0.06364,3373.8
1618102800000,0.06362,0.06408,0.06241,0.06244,3081.7
1618106400000,0.06259,0.0635,0.06259,0.0635,1307.0
1618110000000,0.06333,0.06423,0.06327,0.06398,1412.1
1618113600000,0.06404,0.06404,0.06345,0.06351,461.6
1618117200000,0.06358,0.06367,0.06245,0.0626,897.5
1618120800000,0.06267,0.06267,0.0612,0.06182,954.4
1618124400000,0.06185,0.06243,0.06185,0.06232,1818.9
1618128000000,0.06233,0.06282,0.06211,0.06282,621.0
1618131600000,0.0627,0.0634,0.06269,0.06275,800.8
1618135200000,0.06286,0.06364,0.06286,0.06349,1207.9
1618138800000,0.06363,0.0639,0.06296,0.0637,8361.8
1618142400000,0.06372,0.06428,0.06358,0.06377,1248.7
1618146000000,0.06368,0.06373,0.06314,0.06317,753.3
1618149600000,0.06313,0.06313,0.06156,0.0617,2822.4
1618153200000,0.06171,0.06176,0.06075,0.06081,5685.0
1618156800000,0.06088,0.06119,0.06052,0.06061,1070.2
1618160400000,0.06047,0.06085,0.06018,0.06033,3110.8
1618164000000,0.06034,0.06084,0.05939,0.06039,11919.9
1618167600000,0.0603,0.06086,0.05992,0.06053,6166.8
1618171200000,0.0605,0.06063,0.06,0.06017,11487.0
1618174800000,0.06031,0.06061,0.05958,0.05972,1676.6
1618178400000,0.0596,0.05976,0.05676,0.05727,55507.6
1618182000000,0.05723,0.05797,0.05659,0.05709,17712.8
1618185600000,0.05704,0.05722,0.0565,0.05662,2244.3
1618189200000,0.0568,0.05778,0.0568,0.05778,3562.1
1618192800000,0.0575,0.05775,0.057,0.05706,11667.9
1618196400000,0.05708,0.05713,0.05482,0.05491,14760.6
1618200000000,0.05481,0.05521,0.05351,0.05408,18943.1
1618203600000,0.05427,0.0566,0.05427,0.05638,11264.9
1618207200000,0.05636,0.05673,0.05556,0.05662,3817.5
1618210800000,0.05625,0.05652,0.05421,0.05424,19937.0
1618214400000,0.05425,0.05447,0.05237,0.05244,20856.2
1618218000000,0.0524,0.06046,0.05023,0.05856,67937.9
1618221600000,0.05856,0.06358,0.05763,0.06,32242.6
1618225200000,0.05999,0.06021,0.05517,0.05677,50536.2
1618228800000,0.05641,0.05846,0.05637,0.05763,9924.6
1618232400000,0.05761,0.05917,0.05729,0.05821,2299.7
1618236000000,0.05824,0.05949,0.05714,0.05887,16743.7
1618239600000,0.05904,0.06145,0.05863,0.06145,12629.4
1618243200000,0.06116,0.06666,0.06065,0.06451,97175.9
1618246800000,0.06467,0.06469,0.06137,0.0623,28272.3
1618250400000,0.06216,0.06472,0.06216,0.0635,23370.0
1618254000000,0.06371,0.06436,0.0624,0.06249,10456.2
1618257600000,0.06263,0.06274,0.05919,0.06,20122.4
1618261200000,0.06001,0.06242,0.0599,0.06152,13401.1
1618264800000,0.06151,0.06377,0.06113,0.06297,43305.4
1618268400000,0.06283,0.06312,0.061,0.06136,10685.2
1618272000000,0.06155,0.0627,0.06103,0.06106,9149.7
1618275600000,0.06133,0.06176,0.06027,0.06176,9533.4
1618279200000,0.06183,0.06317,0.06152,0.06284,7903.1
1618282800000,0.06272,0.06364,0.06224,0.06335,5991.7
1618286400000,0.06345,0.0639,0.06231,0.06231,6782.6
1618290000000,0.06236,0.06324,0.06172,0.06323,8064.9
1618293600000,0.06323,0.06433,0.06241,0.06384,24250.9
1618297200000,0.06369,0.06425,0.06285,0.06352,7114.4
1618300800000,0.06355,0.06503,0.06227,0.06429,12750.4
1618304400000,0.06436,0.06491,0.06301,0.06428,6916.5
1618308000000,0.06425,0.06455,0.06257,0.06359,10197.3
1618311600000,0.06377,0.06491,0.06323,0.06339,4775.5
1618315200000,0.06327,0.06352,0.06177,0.06208,9934.8
1618318800000,0.06178,0.06215,0.06057,0.06129,10789.5
1618322400000,0.06125,0.06213,0.06098,0.06208,5918.5
1618326000000,0.06192,0.06276,0.06152,0.06254,4628.7
1618329600000,0.06254,0.06292,0.06117,0.06265,6087.3
1618333200000,0.06289,0.06491,0.06275,0.06464,6052.9
1618336800000,0.06475,0.06529,0.06351,0.06388,4995.7
1618340400000,0.06403,0.06403,0.06292,0.06317,2975.1
1618344000000,0.063,0.06374,0.06284,0.06319,5071.7
1618347600000,0.06331,0.06357,0.06283,0.06342,2098.1
1618351200000,0.06323,0.06381,0.06284,0.06381,2446.9
1618354800000,0.06358,0.06439,0.06338,0.06413,2060.9
1618358400000,0.06418,0.06418,0.06263,0.06277,8073.8
1618362000000,0.06271,0.06477,0.06271,0.06463,5144.5
1618365600000,0.06453,0.06557,0.06448,0.06555,2052.2
1618369200000,0.0652,0.0652,0.06361,0.06392,2086.2
1618372800000,0.06393,0.06436,0.063,0.0632,9332.2
1618376400000,0.06305,0.06319,0.062,0.0627,10526.0
1618380000000,0.06277,0.06305,0.06159,0.06164,1749.3
1618383600000,0.06158,0.06257,0.06118,0.06248,2891.4
1618387200000,0.06235,0.06277,0.06027,0.06072,5727.0
1618390800000,0.06067,0.06161,0.06052,0.06107,4003.4
1618394400000,0.06101,0.06161,0.06099,0.0612,983.3
1618398000000,0.06118,0.06176,0.06106,0.06133,1027.9
1618401600000,0.0612,0.06192,0.06114,0.06145,852.8
1618405200000,0.06159,0.06221,0.06138,0.0619,1567.5
1618408800000,0.06169,0.0636,0.06134,0.06256,11676.0
1618412400000,0.06267,0.06291,0.06183,0.06274,2254.8
1618416000000,0.06252,0.06277,0.06166,0.06172,2597.3
1618419600000,0.06193,0.06256,0.06117,0.06256,3564.2
1618423200000,0.0626,0.06437,0.06235,0.06417,3045.5
1618426800000,0.06429,0.06501,0.06385,0.06402,3101.0
1618430400000,0.06402,0.06445,0.06382,0.06434,1120.4
1618434000000,0.06434,0.06546,0.06405,0.06511,1471.5
1618437600000,0.06515,0.06743,0.06493,0.06723,4558.8
1618441200000,0.06717,0.06745,0.06561,0.06561,7926.1
1618444800000,0.06575,0.06678,0.06561,0.06603,1783.6
1618448400000,0.06616,0.06737,0.06607,0.06737,766.9
1618452000000,0.06737,0.06858,0.06695,0.06844,2786.2
1618455600000,0.06865,0.07098,0.06852,0.07044,7753.7
1618459200000,0.07017,0.07087,0.0687,0.06893,2433.6
1618462800000,0.06934,0.06948,0.069,0.06945,1109.7
1618466400000,0.06934,0.07007,0.0685,0.06995,6248.3
1618470000000,0.06993,0.07497,0.06906,0.06906,10468.3
1618473600000,0.0691,0.06915,0.0681,0.06864,7565.1
1618477200000,0.06864,0.06874,0.06822,0.06822,21838.9
1618480800000,0.06826,0.06842,0.06768,0.06805,7069.6
1618484400000,0.06805,0.06915,0.06761,0.06912,5430.6
1618488000000,0.06908,0.07042,0.06908,0.06932,6166.5
1618491600000,0.06934,0.07212,0.06864,0.071,28007.2
1618495200000,0.07099,0.07142,0.07024,0.07114,4502.3
1618498800000,0.07112,0.07125,0.06931,0.06975,3277.7
1618502400000,0.06989,0.07123,0.06908,0.06992,3234.5
1618506000000,0.0701,0.07021,0.06927,0.06932,847.2
1618509600000,0.06917,0.0699,0.06906,0.06954,1937.0
1618513200000,0.06952,0.06953,0.06899,0.0694,1871.1
1618516800000,0.06924,0.06946,0.06844,0.06868,2391.8
1618520400000,0.06868,0.06988,0.06859,0.06988,7804.0
1618524000000,0.06988,0.07042,0.06967,0.07026,2556.4
1618527600000,0.07027,0.07041,0.0694,0.06969,3600.9
1618531200000,0.0696,0.07079,0.06906,0.07012,2307.7
1618534800000,0.07019,0.07117,0.06989,0.07049,6033.8
1618538400000,0.07076,0.0714,0.0703,0.07093,2949.8
1618542000000,0.071,0.07156,0.07035,0.07036,1563.8
1618545600000,0.07057,0.07168,0.07054,0.07137,8939.9
1618549200000,0.07154,0.07204,0.07093,0.07107,5264.4
1618552800000,0.07114,0.07133,0.0686,0.06861,15910.3
1618556400000,0.0686,0.0687,0.06742,0.06788,11289.7
1618560000000,0.068,0.07051,0.06742,0.07051,14465.0
1618563600000,0.07067,0.07119,0.06922,0.0693,10281.2
1618567200000,0.0693,0.07,0.0691,0.0693,9854.5
1618570800000,0.06934,0.0697,0.06814,0.06877,17128.2
1618574400000,0.06886,0.07071,0.0688,0.07051,10662.7
1618578000000,0.07047,0.07074,0.0689,0.07026,31092.4
1618581600000,0.07014,0.07078,0.06948,0.07006,17776.9
1618585200000,0.07006,0.07094,0.06925,0.06996,12749.0
1618588800000,0.07001,0.07074,0.06943,0.0703,6180.8
1618592400000,0.07022,0.07116,0.06944,0.06973,8453.3
1618596000000,0.06979,0.07102,0.06957,0.07007,3438.9
1618599600000,0.07012,0.07085,0.07008,0.0706,3266.1
1618603200000,0.07059,0.0713,0.07016,0.07064,4406.4
1618606800000,0.07068,0.07099,0.07035,0.07073,2132.3
1618610400000,0.07075,0.072,0.07053,0.07161,3973.1
1618614000000,0.07152,0.07153,0.0704,0.07113,3031.6
1618617600000,0.07122,0.0732,0.07087,0.07286,5921.6
1618621200000,0.07288,0.07328,0.07198,0.07198,5466.9
1618624800000,0.07199,0.07199,0.07062,0.07136,7256.6
1618628400000,0.07127,0.07128,0.06938,0.06959,11233.1
1618632000000,0.06962,0.06962,0.06813,0.06933,18837.0
1618635600000,0.0694,0.06967,0.06836,0.06885,7645.2
1618639200000,0.06882,0.0694,0.06854,0.06923,2424.4
1618642800000,0.06924,0.06937,0.06782,0.06822,4287.0
1618646400000,0.06815,0.06821,0.06728,0.0674,6232.4
1618650000000,0.0674,0.06826,0.06702,0.06769,11261.6
1618653600000,0.0676,0.06934,0.0676,0.0693,5704.8
1618657200000,0.06927,0.07009,0.06888,0.06971,5304.0
1618660800000,0.06972,0.06996,0.06819,0.06883,9589.9
1618664400000,0.06883,0.06906,0.06849,0.06872,3471.4
1618668000000,0.06875,0.06924,0.06819,0.06854,3463.1
1618671600000,0.06856,0.06882,0.06793,0.06843,7498.3
1618675200000,0.06844,0.06886,0.06793,0.0681,4321.3
1618678800000,0.06812,0.06839,0.06789,0.06804,2972.6
1618682400000,0.06813,0.06884,0.06785,0.06865,5730.2
1618686000000,0.06863,0.06885,0.06841,0.06876,2173.4
1618689600000,0.06869,0.0689,0.06785,0.06785,2028.6
1618693200000,0.06783,0.06838,0.06722,0.06766,2613.7
1618696800000,0.06766,0.06779,0.06716,0.06758,3125.8
1618700400000,0.06753,0.06761,0.06723,0.0675,2520.3
1618704000000,0.06753,0.06783,0.0668,0.06712,6272.6
1618707600000,0.0671,0.06788,0.06671,0.0668,7594.2
1618711200000,0.06685,0.06755,0.06649,0.06666,8221.4
1618714800000,0.06657,0.06672,0.05568,0.0625,29614.2
1618718400000,0.06248,0.06634,0.06243,0.06566,14590.0
1618722000000,0.06548,0.06609,0.06462,0.06544,23394.9
1618725600000,0.06539,0.06633,0.06432,0.06611,16165.9
1618729200000,0.06618,0.06727,0.06556,0.06598,21268.1
1618732800000,0.06599,0.06617,0.06408,0.06484,14589.0
1618736400000,0.06483,0.06654,0.06483,0.06584,11531.3
1618740000000,0.06585,0.06666,0.06567,0.06606,20728.3
1618743600000,0.06612,0.06784,0.06589,0.06679,17002.5
1618747200000,0.06687,0.06725,0.06609,0.06639,9295.3
1618750800000,0.0664,0.06669,0.0657,0.06642,5545.7
1618754400000,0.06642,0.06645,0.0652,0.06526,7412.6
1618758000000,0.06529,0.06609,0.06524,0.06589,22346.8
1618761600000,0.06581,0.0664,0.06509,0.06554,17414.5
1618765200000,0.06553,0.06664,0.06506,0.06652,5972.3
1618768800000,0.06646,0.06778,0.06612,0.06704,8495.3
1618772400000,0.06706,0.068,0.06704,0.06733,11721.8
1618776000000,0.06748,0.06806,0.06684,0.06781,5469.2
1618779600000,0.0678,0.06829,0.0671,0.06797,8145.9
1618783200000,0.06791,0.06822,0.06693,0.06699,5888.6
1618786800000,0.06698,0.06714,0.06569,0.06569,8113.0
1618790400000,0.06567,0.06613,0.06491,0.0652,16592.7
1618794000000,0.06513,0.06542,0.06204,0.06264,28763.0
1618797600000,0.0626,0.06286,0.06121,0.06184,14932.7
1618801200000,0.06181,0.06201,0.05997,0.06085,24790.4
1618804800000,0.0608,0.06184,0.06069,0.06088,7913.7
1618808400000,0.06094,0.06138,0.06021,0.06034,6574.7
1618812000000,0.06038,0.06043,0.05946,0.05975,9822.3
1618815600000,0.05978,0.06054,0.0595,0.06036,7998.0
1618819200000,0.06039,0.06102,0.06028,0.06072,5736.6
1618822800000,0.06071,0.06129,0.06024,0.0608,6291.7
1618826400000,0.06072,0.06173,0.06067,0.06072,10719.4
1618830000000,0.0607,0.06072,0.06,0.06002,6849.6
1618833600000,0.05998,0.06132,0.05988,0.06119,6081.0
1618837200000,0.06128,0.06177,0.05986,0.06005,8399.9
1618840800000,0.06015,0.06098,0.05999,0.06079,15482.3
1618844400000,0.06077,0.0621,0.06037,0.06194,15389.1
1618848000000,0.06201,0.06211,0.06061,0.06156,13201.6
1618851600000,0.06165,0.06267,0.06151,0.0623,6360.8
1618855200000,0.06242,0.06311,0.06195,0.06299,10231.7
1618858800000,0.06299,0.06465,0.06264,0.06367,9650.4
1618862400000,0.06366,0.06426,0.06299,0.06352,7333.5
1618866000000,0.06354,0.06369,0.06305,0.06317,7067.4
1618869600000,0.06318,0.06352,0.06259,0.06304,5782.9
1618873200000,0.06294,0.06343,0.062,0.06233,7471.4
1618876800000,0.06225,0.06334,0.06175,0.0629,12796.0
1618880400000,0.06283,0.06303,0.06069,0.06179,7413.4
1618884000000,nan,nan,nan,nan,nan
1618887600000,nan,nan,nan,nan,nan
1618891200000,0.0615,0.0615,0.05882,0.05939,14598.9
1618894800000,0.05941,0.06001,0.0586,0.05963,5261.6
1618898400000,0.05954,0.05987,0.05904,0.05962,10213.5
1618902000000,0.05959,0.05966,0.05881,0.05902,8189.7
1618905600000,0.059,0.05945,0.05857,0.05923,5575.3
1618909200000,0.0592,0.05985,0.05886,0.0597,3538.0
1618912800000,0.05969,0.05969,0.05877,0.05885,5196.4
1618916400000,0.05878,0.05921,0.05788,0.05815,6819.3
1618920000000,0.05806,0.05873,0.05759,0.05775,6702.4
1618923600000,0.05775,0.05775,0.05679,0.05764,12792.5
1618927200000,0.05767,0.05825,0.05728,0.05755,9123.1
1618930800000,0.05751,0.05759,0.05613,0.05649,7657.8
1618934400000,0.05639,0.05661,0.05512,0.05525,10298.7
1618938000000,0.05527,0.05592,0.05512,0.05559,10030.1
1618941600000,0.05555,0.05593,0.05497,0.05566,10468.3
1618945200000,0.05561,0.05588,0.05369,0.05383,31603.7
1618948800000,0.05377,0.05556,0.05371,0.05485,10042.3
1618952400000,0.0549,0.0569,0.05481,0.05511,13647.9
1618956000000,0.05506,0.05645,0.05491,0.05641,4896.3
1618959600000,0.05636,0.05652,0.05441,0.05448,8950.9
1618963200000,0.0544,0.05503,0.05349,0.05394,11985.0
1618966800000,0.05396,0.05473,0.05336,0.05473,9301.7
1618970400000,0.05477,0.05493,0.05414,0.05479,8618.5
1618974000000,0.05473,0.05539,0.05423,0.05456,6374.4
1618977600000,0.05453,0.05457,0.05356,0.05399,4655.0
1618981200000,0.05406,0.05435,0.05347,0.05415,8036.5
1618984800000,0.05404,0.05421,0.05252,0.05287,14466.5
1618988400000,0.05281,0.0532,0.05211,0.05308,14194.1
1618992000000,0.05314,0.05498,0.05301,0.05469,30649.4
1618995600000,0.05473,0.05541,0.05461,0.05505,16849.2
1618999200000,0.05512,0.05578,0.05489,0.05509,10479.0
1619002800000,0.05519,0.05531,0.05435,0.05455,11870.5
1619006400000,0.05459,0.05518,0.05437,0.05471,11522.2
1619010000000,0.05477,0.05539,0.05403,0.05516,13640.3
1619013600000,0.05523,0.0579,0.05509,0.05776,23036.8
1619017200000,0.05781,0.06144,0.05722,0.06113,52350.4
1619020800000,0.06108,0.06265,0.05922,0.06207,56163.3
1619024400000,0.06212,0.06251,0.06121,0.06124,23791.8
1619028000000,0.06133,0.06244,0.06126,0.06164,15339.3
1619031600000,0.06171,0.06176,0.0605,0.06089,7249.2
1619035200000,0.06091,0.06209,0.0609,0.0616,9676.4
1619038800000,0.06155,0.062,0.06082,0.06101,8995.8
1619042400000,0.06104,0.06183,0.06054,0.06167,11562.0
1619046000000,0.06171,0.06211,0.06073,0.06147,13209.8
1619049600000,0.06156,0.06341,0.06108,0.06327,16673.0
1619053200000,0.06321,0.06499,0.06251,0.06378,39819.0
1619056800000,0.06375,0.06529,0.06352,0.06491,32170.1
1619060400000,0.065,0.06768,0.06461,0.06639,49592.1
1619064000000,0.0664,0.06745,0.06594,0.06632,29482.8
1619067600000,0.06634,0.06645,0.06463,0.06548,24850.3
1619071200000,0.0655,0.06596,0.06517,0.06572,15425.5
1619074800000,0.06585,0.06834,0.06527,0.06796,60740.8
1619078400000,0.06796,0.06837,0.06714,0.06813,34600.1
1619082000000,0.06813,0.06946,0.06766,0.06767,47727.7
1619085600000,0.06766,0.06781,0.0665,0.06777,24939.3
1619089200000,0.06767,0.06793,0.06593,0.0663,29362.8
1619092800000,0.06638,0.06678,0.06489,0.06513,35362.8
1619096400000,0.06506,0.06514,0.06419,0.06421,18505.0
1619100000000,0.0643,0.06488,0.0639,0.06432,20005.7
1619103600000,0.06431,0.06477,0.06388,0.06418,17722.8
1619107200000,0.06426,0.06484,0.06323,0.06326,22619.5
1619110800000,0.06321,0.06439,0.06286,0.06422,19838.9
1619114400000,0.06411,0.06663,0.06407,0.06655,26680.9
1619118000000,0.06654,0.06786,0.06632,0.06753,29612.9
1619121600000,0.06755,0.0679,0.06703,0.06756,28232.9
1619125200000,0.06756,0.06865,0.06616,0.06793,52961.5
1619128800000,0.06807,0.06837,0.06762,0.06779,15993.9
1619132400000,0.06777,0.06835,0.0672,0.0672,19946.5
1619136000000,0.06719,0.06825,0.06668,0.06673,35315.1
1619139600000,0.06671,0.06858,0.06633,0.06742,42772.4
1619143200000,0.06734,0.06793,0.06441,0.06673,48715.8
1619146800000,0.0666,0.06748,0.06492,0.06513,19990.3
1619150400000,0.06514,0.06626,0.06475,0.0658,24911.6
1619154000000,0.06555,0.06642,0.06472,0.06588,18981.1
1619157600000,0.06588,0.06646,0.06556,0.06616,8222.2
1619161200000,0.06618,0.06745,0.06593,0.06717,9061.6
1619164800000,0.06706,0.06817,0.06545,0.06545,14165.2
1619168400000,0.06544,0.06549,0.06468,0.065,6985.5
1619172000000,0.06498,0.0652,0.06317,0.06357,10230.9
1619175600000,0.0635,0.06531,0.06308,0.06309,8126.8
1619179200000,0.06306,0.06321,0.06234,0.0629,10317.5
1619182800000,0.06287,0.06328,0.06212,0.06259,10719.0
1619186400000,0.06249,0.06316,0.06226,0.06295,6061.1
1619190000000,0.06286,0.06396,0.06285,0.06381,7337.2
1619193600000,0.06383,0.06393,0.06304,0.06342,6939.6
1619197200000,0.06344,0.0637,0.063,0.06309,3587.3
1619200800000,0.06312,0.06324,0.06252,0.06278,4459.3
1619204400000,0.06275,0.06396,0.06261,0.06374,5139.2
1619208000000,0.06373,0.06385,0.06215,0.06261,8081.8
1619211600000,0.06259,0.06295,0.0621,0.06273,6749.5
1619215200000,0.06277,0.0628,0.06231,0.06236,1675.1
1619218800000,0.06238,0.0627,0.06187,0.06255,3709.5
1619222400000,0.06256,0.0626,0.06206,0.06242,2876.8
1619226000000,0.06232,0.06258,0.06192,0.06232,2892.1
1619229600000,0.06232,0.06271,0.06171,0.06175,3363.7
1619233200000,0.06171,0.06242,0.06116,0.06141,5586.3
1619236800000,0.06143,0.06261,0.06143,0.06261,8441.3
1619240400000,0.06251,0.06276,0.06199,0.06227,3022.0
1619244000000,0.0622,0.0626,0.06192,0.06205,2474.7
1619247600000,0.06212,0.06224,0.06177,0.06177,1977.2
1619251200000,0.06183,0.06297,0.06171,0.06274,4063.6
1619254800000,0.06277,0.06302,0.06248,0.06253,4352.2
1619258400000,0.06252,0.06261,0.06171,0.06179,5326.4
1619262000000,0.06191,0.06234,0.06118,0.06158,11662.8
1619265600000,0.06149,0.06217,0.06113,0.0612,4352.9
1619269200000,0.06113,0.0615,0.061,0.06113,2837.1
1619272800000,0.06113,0.06147,0.06107,0.06126,1975.8
1619276400000,0.06122,0.06141,0.06077,0.06138,4415.5
1619280000000,0.06129,0.06129,0.06072,0.06086,6865.4
1619283600000,0.06089,0.06107,0.06063,0.06079,2051.6
1619287200000,0.06083,0.06175,0.06067,0.06142,4032.8
1619290800000,0.06139,0.06139,0.06058,0.06079,4000.6
1619294400000,0.06086,0.06169,0.06074,0.06151,1680.6
1619298000000,0.0615,0.0618,0.06085,0.06121,5101.0
1619301600000,0.06129,0.06142,0.06058,0.0609,7723.8
1619305200000,0.06089,0.06151,0.06054,0.06062,3255.6
1619308800000,0.06071,0.06116,0.06048,0.0611,1976.6
1619312400000,0.06116,0.06195,0.06111,0.06195,2763.7
1619316000000,0.06195,0.06269,0.06195,0.06258,5974.5
1619319600000,0.06254,0.06261,0.06179,0.06216,2007.0
1619323200000,0.06216,0.06216,0.06216,0.06216,0.0
1619326800000,nan,nan,nan,nan,nan
1619330400000,nan,nan,nan,nan,nan
1619334000000,nan,nan,nan,nan,nan
1619337600000,0.06207,0.06224,0.0615,0.06173,5456.7
1619341200000,0.06181,0.06429,0.06155,0.06385,9759.3
1619344800000,0.06383,0.06668,0.06346,0.06605,29731.1
1619348400000,0.06616,0.06701,0.06533,0.06684,14225.2
1619352000000,0.06666,0.067,0.0656,0.06609,12412.8
1619355600000,0.06618,0.06851,0.06589,0.06824,18474.7
1619359200000,0.06827,0.06829,0.06587,0.06597,19144.3
1619362800000,0.06606,0.06788,0.06553,0.06778,13429.8
1619366400000,0.0678,0.06796,0.06636,0.06732,13257.0
1619370000000,0.06733,0.06744,0.06618,0.06627,7894.6
1619373600000,0.06637,0.06651,0.06529,0.06603,10115.3
1619377200000,0.06612,0.06705,0.06612,0.06644,7160.3
1619380800000,0.06632,0.06695,0.06582,0.06607,4992.0
1619384400000,0.06597,0.06642,0.06521,0.06572,10745.5
1619388000000,0.06571,0.06688,0.06511,0.06613,15275.6
1619391600000,0.06609,0.06809,0.0658,0.06796,12068.1
1619395200000,0.06799,0.07007,0.06775,0.06808,38017.5
1619398800000,0.06798,0.06931,0.06747,0.06759,17894.9
1619402400000,0.06759,0.06759,0.06677,0.06702,23041.3
1619406000000,0.067,0.06717,0.06633,0.06664,3392.0
1619409600000,0.06653,0.06717,0.06613,0.06676,3989.5
1619413200000,0.0668,0.06819,0.06612,0.06805,10283.6
1619416800000,0.06818,0.06825,0.06575,0.06646,22172.0
1619420400000,0.06635,0.06683,0.06574,0.06597,7142.5
1619424000000,0.06594,0.06613,0.06544,0.06571,3906.2
1619427600000,0.06571,0.06635,0.06548,0.06614,3428.3
1619431200000,0.06606,0.06761,0.06602,0.06718,10071.0
1619434800000,0.06721,0.06753,0.06625,0.06625,7384.9
1619438400000,0.06623,0.06684,0.0659,0.06629,6127.4
1619442000000,0.06625,0.06707,0.0662,0.06673,3073.2
1619445600000,0.06685,0.06703,0.06638,0.06675,2388.5
1619449200000,0.06675,0.06705,0.06632,0.06632,2422.5
1619452800000,0.06642,0.06675,0.06595,0.0666,4789.1
1619456400000,0.06661,0.06739,0.06608,0.0671,4291.3
1619460000000,0.06708,0.06708,0.06629,0.06651,2287.2
1619463600000,0.06652,0.06764,0.06648,0.06764,6421.1
1619467200000,0.06766,0.06793,0.06735,0.0677,2551.1
1619470800000,0.06768,0.07182,0.06744,0.07158,15387.2
1619474400000,0.07163,0.07289,0.07157,0.07182,13695.4
1619478000000,0.07179,0.07276,0.0709,0.07133,40376.9
1619481600000,0.07136,0.07188,0.0709,0.0709,14346.1
1619485200000,0.07103,0.07169,0.07101,0.07107,3133.8
1619488800000,0.07116,0.07191,0.07056,0.07168,3596.4
1619492400000,0.07169,0.07225,0.0713,0.07179,5054.2
1619496000000,0.07178,0.07228,0.07157,0.072,2339.8
1619499600000,0.07198,0.07494,0.07194,0.07465,22938.8
1619503200000,0.07455,0.07519,0.0737,0.0739,13188.0
1619506800000,0.07386,0.07436,0.07264,0.07313,11844.2
1619510400000,0.07311,0.07383,0.07274,0.0729,5971.2
1619514000000,0.07287,0.07365,0.07148,0.07149,5989.1
1619517600000,0.07145,0.07199,0.07062,0.07087,9881.0
1619521200000,0.07088,0.07101,0.06916,0.06916,17751.7
1619524800000,0.06928,0.07007,0.06874,0.06885,8545.2
1619528400000,0.06886,0.06968,0.06833,0.06909,14784.7
1619532000000,0.06909,0.06964,0.06823,0.06899,12800.1
1619535600000,0.0689,0.07057,0.06877,0.07045,9151.8
1619539200000,0.07056,0.07072,0.06928,0.06968,8983.1
1619542800000,0.06966,0.07012,0.06942,0.06972,22678.4
1619546400000,0.06963,0.07039,0.06953,0.06967,4178.6
1619550000000,0.06956,0.07014,0.06945,0.06985,3632.1
1619553600000,0.06987,0.07071,0.06987,0.07028,6583.1
1619557200000,0.07026,0.07114,0.06966,0.07016,7559.0
1619560800000,0.07013,0.07021,0.06825,0.06886,7916.6
1619564400000,0.06879,0.06981,0.06854,0.06965,2717.8
1619568000000,0.06975,0.0726,0.06975,0.07212,35013.4
1619571600000,0.07209,0.07305,0.07176,0.07217,19883.3
1619575200000,0.07226,0.07254,0.07143,0.07143,7064.5
1619578800000,0.07151,0.0719,0.07059,0.07062,10745.0
1619582400000,0.07062,0.07208,0.07055,0.0708,8702.3
1619586000000,0.07089,0.07108,0.07013,0.07061,6069.8
1619589600000,0.07058,0.07082,0.06963,0.07065,13067.8
1619593200000,0.07063,0.07137,0.07039,0.07083,7443.7
1619596800000,0.07084,0.0718,0.07062,0.07078,7401.0
1619600400000,0.07068,0.07233,0.0705,0.0716,6502.0
1619604000000,0.07161,0.0719,0.07121,0.07167,3290.0
1619607600000,0.07168,0.075,0.07158,0.07327,23219.0
1619611200000,0.07329,0.07547,0.07322,0.07418,26557.0
1619614800000,0.07419,0.07542,0.07394,0.0751,26188.8
1619618400000,0.07524,0.07685,0.07479,0.07592,36951.4
1619622000000,0.07591,0.07626,0.07462,0.07562,7256.9
1619625600000,0.07565,0.07671,0.07511,0.07609,12270.9
1619629200000,0.07614,0.07637,0.07504,0.07548,8188.9
1619632800000,0.07554,0.07633,0.07526,0.07608,4780.2
1619636400000,0.07605,0.07605,0.07502,0.07563,4351.1
1619640000000,0.07559,0.07583,0.07385,0.07482,13658.9
1619643600000,0.07482,0.07583,0.07418,0.07544,4036.6
1619647200000,0.07541,0.07555,0.07458,0.07461,8154.9
1619650800000,0.07461,0.07624,0.07455,0.07623,16512.4
1619654400000,0.07619,0.0772,0.07524,0.07541,37475.5
1619658000000,0.07541,0.07683,0.0748,0.07646,8549.3
1619661600000,0.07642,0.07696,0.07579,0.07599,5703.1
1619665200000,0.07595,0.07599,0.0741,0.07467,8807.9
1619668800000,0.07469,0.0759,0.07422,0.07553,8447.8
1619672400000,0.07563,0.07626,0.07515,0.07593,6950.3
1619676000000,0.07593,0.07601,0.07466,0.07476,11967.9
1619679600000,0.0747,0.07492,0.07293,0.07332,12107.6
1619683200000,0.07338,0.07344,0.0728,0.07314,7694.4
1619686800000,0.07315,0.07366,0.07221,0.07247,9928.4
1619690400000,0.07248,0.07276,0.07,0.07104,27601.9
1619694000000,0.07094,0.07158,0.07043,0.07089,39485.9
1619697600000,0.07089,0.07133,0.06933,0.06981,17196.8
1619701200000,0.06977,0.07012,0.06914,0.06982,9702.4
1619704800000,0.06988,0.07029,0.06941,0.0702,5426.7
1619708400000,0.07019,0.07039,0.06969,0.07014,6252.3
1619712000000,0.07001,0.07054,0.06984,0.06984,5988.5
1619715600000,0.06981,0.07026,0.06944,0.07017,8600.5
1619719200000,0.07005,0.07028,0.0695,0.06977,3871.7
1619722800000,0.06968,0.07036,0.06951,0.07016,4358.3
1619726400000,0.0701,0.07048,0.06957,0.06972,3843.9
1619730000000,0.06974,0.07016,0.06925,0.06965,3512.9
1619733600000,0.06968,0.06984,0.06917,0.0696,6057.4
1619737200000,0.0695,0.07001,0.06837,0.06844,7768.5
1619740800000,0.06846,0.06894,0.06819,0.06882,11551.0
1619744400000,0.06885,0.06901,0.06748,0.06761,6797.4
1619748000000,0.06766,0.06777,0.06552,0.06597,63562.1
1619751600000,0.06597,0.06697,0.06597,0.06663,5260.5
1619755200000,0.0666,0.06739,0.0661,0.06672,5507.7
1619758800000,0.0668,0.06799,0.06676,0.06783,6724.8
1619762400000,0.06779,0.06779,0.06636,0.06688,12823.0
1619766000000,0.06683,0.06684,0.06574,0.06585,31473.8
1619769600000,0.06579,0.06708,0.06578,0.06697,5153.8
1619773200000,0.06697,0.06699,0.06604,0.06611,9987.3
1619776800000,0.06606,0.06694,0.06591,0.06679,5922.1
1619780400000,0.06668,0.06679,0.06578,0.06629,5357.5
1619784000000,0.06626,0.06626,0.06534,0.06552,7227.6
1619787600000,0.06546,0.06708,0.06542,0.06654,10060.3
1619791200000,0.06656,0.06754,0.06592,0.06647,14420.8
1619794800000,0.06657,0.06676,0.0646,0.06547,16652.7
1619798400000,0.06549,0.06572,0.06475,0.06572,7405.9
1619802000000,0.0657,0.06619,0.06554,0.06569,4777.3
1619805600000,0.06573,0.06576,0.0647,0.06499,4796.3
1619809200000,0.06491,0.06571,0.0647,0.06491,5056.6
1619812800000,0.06502,0.06546,0.0649,0.06503,5092.5
1619816400000,0.06506,0.06525,0.0647,0.0647,5044.5
1619820000000,0.06471,0.06535,0.0646,0.06527,1916.7
1619823600000,0.06525,0.0653,0.06431,0.0653,2464.9
1619827200000,0.06531,0.06567,0.06486,0.06491,4140.0
1619830800000,0.06491,0.06523,0.06461,0.06486,5562.7
1619834400000,0.06484,0.06528,0.06337,0.0638,7062.7
1619838000000,0.06374,0.06483,0.06352,0.06458,7740.1
1619841600000,0.06465,0.06477,0.06428,0.06468,3365.4
1619845200000,0.0647,0.06483,0.06426,0.06433,3088.8
1619848800000,0.06444,0.06488,0.06428,0.06453,3501.6
1619852400000,0.06452,0.06483,0.06442,0.0647,1477.4
1619856000000,0.0647,0.06519,0.06378,0.06378,9552.1
1619859600000,0.06385,0.06481,0.06385,0.06421,7841.1
1619863200000,0.06417,0.06459,0.06384,0.06412,3580.5
1619866800000,0.06414,0.06424,0.06361,0.06361,8166.2
1619870400000,0.06373,0.06453,0.06344,0.06425,2287.0
1619874000000,0.06437,0.06466,0.06396,0.06396,3004.6
1619877600000,0.06395,0.06462,0.06385,0.06407,3421.0
1619881200000,0.06401,0.0642,0.0638,0.06392,2779.3
1619884800000,0.06384,0.06398,0.06344,0.0637,4245.9
1619888400000,0.06364,0.06477,0.06359,0.06452,4369.0
1619892000000,0.06451,0.06486,0.06421,0.06441,1827.2
1619895600000,0.06433,0.0648,0.06368,0.06437,14564.2
1619899200000,0.06438,0.0649,0.06403,0.06481,3209.3
1619902800000,0.06486,0.06488,0.06374,0.06405,3342.2
1619906400000,0.06409,0.06447,0.06401,0.06429,1279.2
1619910000000,0.06421,0.06507,0.0641,0.06507,3078.8
1619913600000,0.06508,0.06526,0.06381,0.06445,4930.2
1619917200000,0.06447,0.06516,0.06436,0.065,2867.9
1619920800000,0.06503,0.06518,0.06471,0.0651,1749.9
1619924400000,0.06516,0.06574,0.06477,0.06522,3882.1
1619928000000,0.06531,0.06604,0.06523,0.0657,5293.3
1619931600000,0.0656,0.06576,0.065,0.06507,2139.5
1619935200000,0.06507,0.06517,0.06475,0.06477,1549.9
1619938800000,0.06471,0.06517,0.06455,0.06517,3787.6
1619942400000,0.06519,0.06561,0.06516,0.06531,1871.2
1619946000000,0.06525,0.06552,0.06515,0.06537,1560.5
1619949600000,0.06547,0.06651,0.0653,0.06604,8592.9
1619953200000,0.06604,0.06654,0.0657,0.06592,7920.5
1619956800000,0.06595,0.06966,0.06591,0.0692,45709.9
1619960400000,0.06911,0.06933,0.06757,0.06789,15040.2
1619964000000,0.06787,0.0681,0.06705,0.06721,5580.6
1619967600000,0.06721,0.06919,0.06707,0.06917,7978.4
1619971200000,0.0691,0.06916,0.0678,0.06798,30954.1
1619974800000,0.06788,0.06813,0.0678,0.06789,15216.3
1619978400000,0.06788,0.06847,0.06788,0.06845,6994.9
1619982000000,0.06846,0.06923,0.06807,0.06854,8465.9
1619985600000,0.06852,0.06876,0.06802,0.06857,3225.2
1619989200000,0.06862,0.06882,0.06814,0.06875,3924.0
1619992800000,0.0687,0.06898,0.06797,0.06805,5905.0
1619996400000,0.06807,0.06866,0.06795,0.06853,3651.5
1620000000000,0.06855,0.0694,0.06836,0.06839,6639.5
1620003600000,0.06852,0.06915,0.06829,0.06889,5373.8
1620007200000,0.06892,0.0715,0.06876,0.07074,16509.7
1620010800000,0.07074,0.07191,0.07033,0.07112,16635.6
1620014400000,0.07123,0.07204,0.07086,0.07143,8767.5
1620018000000,0.07149,0.07193,0.07093,0.07095,4679.1
1620021600000,0.0709,0.07128,0.06941,0.06972,6005.6
1620025200000,0.06974,0.07037,0.06953,0.06961,5048.5
1620028800000,0.06961,0.07048,0.06943,0.06997,12250.3
1620032400000,0.06993,0.07002,0.0692,0.06926,4950.9
1620036000000,0.06932,0.06939,0.06872,0.06928,5250.9
1620039600000,0.0693,0.06946,0.0669,0.06726,11202.2
1620043200000,0.06716,0.06718,0.06571,0.06593,14023.5
1620046800000,0.06591,0.06616,0.06543,0.06562,8500.4
1620050400000,0.06564,0.06574,0.0652,0.06555,4105.3
1620054000000,0.06557,0.06577,0.06467,0.06486,6502.3
1620057600000,0.06478,0.06588,0.06464,0.06502,6134.4
1620061200000,0.06502,0.06546,0.06354,0.06389,11386.5
1620064800000,0.06399,0.06399,0.06273,0.06284,12240.1
1620068400000,0.06277,0.06335,0.06237,0.06257,9441.9
1620072000000,0.06254,0.06286,0.06201,0.0624,9246.7
1620075600000,0.0625,0.06277,0.06215,0.06259,5790.6
1620079200000,0.06253,0.06349,0.06249,0.06275,6192.8
1620082800000,0.06283,0.0634,0.06252,0.06252,4517.5
1620086400000,0.06252,0.0637,0.06239,0.06269,13263.4
1620090000000,0.0627,0.06327,0.06236,0.063,13116.1
1620093600000,0.063,0.0639,0.06271,0.0636,5846.1
1620097200000,0.06368,0.06423,0.06359,0.06363,6100.7
1620100800000,0.0637,0.06395,0.06312,0.06381,9546.4
1620104400000,0.06371,0.06385,0.06308,0.06308,3874.0
1620108000000,0.0632,0.06337,0.06271,0.06299,3440.5
1620111600000,0.06296,0.0631,0.06266,0.0628,3591.8
1620115200000,0.06283,0.06371,0.06267,0.06371,5258.6
1620118800000,0.0637,0.06423,0.06334,0.06415,4580.9
1620122400000,0.06418,0.06484,0.064,0.06449,6008.7
1620126000000,0.06441,0.06506,0.06364,0.06491,6593.7
1620129600000,0.06496,0.0688,0.06496,0.06842,43203.5
1620133200000,0.06853,0.06907,0.06737,0.06744,21136.2
1620136800000,0.06749,0.06756,0.06604,0.06745,23539.4
1620140400000,0.06741,0.06816,0.06626,0.06638,20613.3
1620144000000,0.06627,0.0672,0.06586,0.0672,10536.3
1620147600000,0.06711,0.06762,0.06685,0.06734,7984.9
1620151200000,0.06735,0.06825,0.06719,0.06783,6820.3
1620154800000,0.06794,0.0689,0.0677,0.06831,7999.0
1620158400000,0.06828,0.0699,0.068,0.06985,7493.6
1620162000000,0.06985,0.07014,0.06937,0.06983,7944.0
1620165600000,0.06973,0.07058,0.06942,0.07026,8104.6
1620169200000,0.07025,0.07145,0.07008,0.07075,15687.4
1620172800000,0.07075,0.07208,0.07057,0.07058,15062.2
1620176400000,0.07054,0.0706,0.06744,0.0689,15616.1
1620180000000,0.06888,0.06912,0.06787,0.06803,8004.4
1620183600000,0.06803,0.06925,0.06753,0.06923,6938.4
1620187200000,0.06912,0.0692,0.06786,0.06801,5162.8
1620190800000,0.06806,0.06853,0.0677,0.06821,8550.5
1620194400000,0.06821,0.06853,0.06785,0.06796,5486.5
1620198000000,0.06808,0.06919,0.06776,0.06855,12305.1
1620201600000,0.06856,0.06925,0.06698,0.06782,14493.5
1620205200000,0.06775,0.06782,0.06677,0.0671,5407.2
1620208800000,0.06712,0.06817,0.06693,0.06733,5120.5
1620212400000,0.06732,0.06771,0.06699,0.06725,5109.7
1620216000000,0.06723,0.06796,0.0666,0.0666,7437.1
1620219600000,0.06659,0.06704,0.06612,0.06699,9089.7
1620223200000,0.06698,0.06733,0.0666,0.06705,5954.0
1620226800000,0.06707,0.06728,0.06594,0.06609,7313.8
1620230400000,0.06612,0.067,0.06596,0.06645,12618.2
1620234000000,0.06645,0.06684,0.06622,0.06663,3552.1
1620237600000,0.06668,0.06766,0.06647,0.06668,9659.8
1620241200000,0.06666,0.06682,0.06591,0.06682,7894.5
1620244800000,0.06681,0.06714,0.06604,0.06607,12811.7
1620248400000,0.06604,0.06612,0.06491,0.06503,11635.8
1620252000000,0.06511,0.06596,0.06446,0.06513,17035.9
1620255600000,0.06514,0.06553,0.06457,0.06523,6903.1
1620259200000,0.06516,0.066,0.06468,0.06564,11379.7
1620262800000,0.06574,0.06604,0.065,0.06519,7889.2
1620266400000,0.06522,0.06569,0.06488,0.06545,4622.5
1620270000000,0.06542,0.06568,0.06524,0.0655,1926.6
1620273600000,0.06545,0.06577,0.06499,0.06519,3997.0
1620277200000,0.06511,0.06538,0.06483,0.06538,3849.7
1620280800000,0.06535,0.06535,0.06477,0.06489,3483.2
1620284400000,0.06492,0.06509,0.06459,0.06472,2275.5
1620288000000,0.06475,0.06544,0.06452,0.06543,6865.9
1620291600000,0.06531,0.06583,0.06492,0.06513,12752.0
1620295200000,0.06511,0.06511,0.06436,0.06471,8061.1
1620298800000,0.0647,0.06495,0.06431,0.06484,5881.8
1620302400000,0.06487,0.0652,0.06445,0.06483,5686.6
1620306000000,0.06483,0.06485,0.06427,0.06437,4501.8
1620309600000,0.06444,0.06519,0.0643,0.06519,8831.2
1620313200000,0.06508,0.06566,0.06472,0.06493,5513.2
1620316800000,0.06489,0.0658,0.06468,0.06542,8407.4
1620320400000,0.06543,0.06555,0.06493,0.06493,4393.5
1620324000000,0.06494,0.06506,0.06411,0.06447,7985.5
1620327600000,0.06454,0.06454,0.06412,0.06425,3993.8
1620331200000,0.06431,0.06488,0.06414,0.06455,5470.1
1620334800000,0.06453,0.06492,0.06449,0.06485,1393.3
1620338400000,0.06479,0.06479,0.06395,0.06403,4812.0
1620342000000,0.06408,0.06409,0.06342,0.0635,4769.3
1620345600000,0.06347,0.06402,0.06308,0.06394,5780.8
1620349200000,0.06384,0.06384,0.06328,0.06364,4939.4
1620352800000,0.06364,0.06399,0.06337,0.06383,5257.9
1620356400000,0.06372,0.06388,0.06233,0.06314,9280.1
1620360000000,0.06303,0.06325,0.06237,0.06325,4779.1
1620363600000,0.06325,0.06327,0.06267,0.06315,3726.3
1620367200000,0.0631,0.06391,0.06304,0.0639,2840.9
1620370800000,0.06382,0.06486,0.06348,0.06446,10149.1
1620374400000,0.06446,0.06466,0.0642,0.06437,7171.9
1620378000000,0.06442,0.06469,0.06422,0.06449,3103.7
1620381600000,0.06455,0.065,0.06442,0.06485,4580.3
1620385200000,0.06472,0.06475,0.06413,0.0645,3263.0
1620388800000,0.06452,0.06495,0.06425,0.06454,5100.9
1620392400000,0.06455,0.06518,0.06438,0.06478,5121.4
1620396000000,0.06481,0.06481,0.06378,0.0638,5445.9
1620399600000,0.06379,0.06459,0.06369,0.06393,6137.1
1620403200000,0.06391,0.06437,0.06383,0.06393,5158.4
1620406800000,0.06398,0.06415,0.06371,0.06408,3283.4
1620410400000,0.064,0.06415,0.0636,0.06365,2141.9
1620414000000,0.06363,0.06414,0.06361,0.06406,3390.1
1620417600000,0.06406,0.06415,0.06374,0.06388,1442.7
1620421200000,0.06388,0.06388,0.06341,0.06358,3371.8
1620424800000,0.06361,0.0638,0.06296,0.06337,7868.6
1620428400000,0.06337,0.06377,0.06302,0.06366,2022.3
1620432000000,0.06365,0.06394,0.06333,0.06345,3076.2
1620435600000,0.06347,0.064,0.06347,0.06386,3200.8
1620439200000,0.06387,0.06412,0.06309,0.06315,4187.9
1620442800000,0.06308,0.06331,0.06291,0.06314,2238.1
1620446400000,0.06309,0.06377,0.06301,0.0633,2772.6
1620450000000,0.06328,0.06341,0.06289,0.063,3520.8
1620453600000,0.06302,0.06323,0.06284,0.06297,2186.4
1620457200000,0.06297,0.06309,0.06272,0.06292,2524.4
1620460800000,0.06302,0.06318,0.06273,0.06306,5040.0
1620464400000,0.06309,0.0634,0.06296,0.06304,4246.8
1620468000000,0.063,0.06323,0.06263,0.06316,2661.7
1620471600000,0.06309,0.06329,0.06276,0.06296,4223.8
1620475200000,0.06287,0.06311,0.06262,0.06266,3441.9
1620478800000,0.06264,0.06286,0.06189,0.06286,13745.5
1620482400000,0.06279,0.06318,0.06231,0.06276,7109.9
1620486000000,0.06272,0.06296,0.0618,0.06262,15865.6
1620489600000,0.06262,0.06366,0.06232,0.06318,9803.0
1620493200000,0.0632,0.06382,0.06253,0.06291,8338.7
1620496800000,0.06298,0.06356,0.0626,0.06292,5777.7
1620500400000,0.06291,0.06302,0.06196,0.06264,6472.6
1620504000000,0.0626,0.06333,0.06238,0.06312,5749.1
1620507600000,0.06308,0.06354,0.06296,0.06326,3114.8
1620511200000,0.06323,0.06373,0.06251,0.06289,4951.7
1620514800000,0.06295,0.06295,0.06245,0.06266,1993.4
1620518400000,0.06268,0.06314,0.0626,0.06277,1789.2
1620522000000,0.06276,0.06277,0.06208,0.0622,1869.3
1620525600000,0.06223,0.06252,0.06134,0.06138,3773.3
1620529200000,0.06136,0.06209,0.06126,0.06156,8020.2
1620532800000,0.06156,0.06184,0.06109,0.0612,6683.0
1620536400000,0.06119,0.06138,0.06066,0.06102,5581.1
1620540000000,0.06096,0.06151,0.06066,0.06136,18383.2
1620543600000,0.06136,0.06148,0.06091,0.06107,6020.8
1620547200000,0.06109,0.06149,0.05992,0.05996,7500.6
1620550800000,0.05991,0.06024,0.05858,0.05915,37093.0
1620554400000,0.05915,0.05952,0.05879,0.05882,7463.9
1620558000000,0.05879,0.05938,0.05866,0.05866,7622.8
1620561600000,0.05874,0.05922,0.05852,0.05867,7610.3
1620565200000,0.05867,0.05898,0.05866,0.05881,4684.6
1620568800000,0.05875,0.05887,0.05838,0.05845,4149.8
1620572400000,0.05843,0.05898,0.05826,0.05897,5416.9
1620576000000,0.05896,0.06,0.05894,0.05922,8197.0
1620579600000,0.05929,0.05972,0.05924,0.05941,2501.8
1620583200000,0.05939,0.05939,0.05881,0.05883,6139.5
1620586800000,0.05884,0.05924,0.05875,0.0591,2772.6
1620590400000,0.05912,0.05931,0.05886,0.05931,2678.4
1620594000000,0.05931,0.05944,0.05915,0.05933,2218.1
1620597600000,0.05943,0.05956,0.05912,0.05921,2130.6
1620601200000,0.05924,0.05982,0.05905,0.05959,4252.9
1620604800000,0.05965,0.05979,0.05827,0.05856,7198.9
1620608400000,0.05856,0.05929,0.05816,0.05912,5722.3
1620612000000,0.05918,0.05953,0.05887,0.05953,5915.3
1620615600000,0.05951,0.06069,0.05949,0.06025,7423.5
1620619200000,0.06034,0.06065,0.05974,0.06038,6306.7
1620622800000,0.06039,0.06093,0.06012,0.06048,5922.8
1620626400000,0.06049,0.06074,0.05915,0.05954,11403.6
1620630000000,0.05956,0.05982,0.0592,0.05947,4821.6
1620633600000,0.05947,0.05972,0.05897,0.0596,5519.6
1620637200000,0.05963,0.0598,0.05927,0.05979,1430.5
1620640800000,0.05983,0.06045,0.05939,0.0595,3861.4
1620644400000,0.05944,0.05993,0.05898,0.05917,12944.3
1620648000000,0.05915,0.05948,0.0584,0.05903,9593.6
1620651600000,0.05913,0.05921,0.0588,0.05901,7761.6
1620655200000,0.05898,0.05929,0.05887,0.05925,3332.9
1620658800000,0.05918,0.05962,0.05914,0.05928,6339.7
1620662400000,0.05926,0.06021,0.05917,0.05934,8460.6
1620666000000,0.05934,0.0595,0.05852,0.05854,5035.0
1620669600000,0.05848,0.05857,0.05783,0.05804,6871.1
1620673200000,0.05805,0.05826,0.05624,0.05686,21340.7
1620676800000,0.05689,0.0585,0.05571,0.05813,37706.3
1620680400000,0.05814,0.05845,0.05739,0.05765,6162.5
1620684000000,0.05772,0.05869,0.0577,0.05774,11605.0
1620687600000,0.05775,0.05788,0.05733,0.05757,6885.7
1620691200000,0.05763,0.05769,0.05672,0.05716,5905.8
1620694800000,0.05713,0.05757,0.05663,0.05686,10186.0
1620698400000,0.05684,0.05705,0.05614,0.05672,11172.0
1620702000000,0.05664,0.05697,0.05637,0.05653,6020.6
1620705600000,0.05653,0.05734,0.05632,0.05666,5949.0
1620709200000,0.05677,0.05721,0.05635,0.05645,9029.6
1620712800000,0.0564,0.0569,0.05614,0.05652,14532.3
1620716400000,0.05652,0.05685,0.05633,0.05641,4729.9
1620720000000,0.05641,0.05708,0.05636,0.05665,7278.8
1620723600000,0.05676,0.05723,0.05624,0.05682,8083.1
1620727200000,0.05674,0.05731,0.05647,0.05659,9400.2
1620730800000,0.0566,0.05664,0.056,0.05628,5243.4
1620734400000,0.05631,0.05681,0.05631,0.05632,5790.7
1620738000000,0.05638,0.05667,0.05604,0.05627,3775.7
1620741600000,0.05635,0.05662,0.0558,0.05662,4649.5
1620745200000,0.05664,0.05672,0.0557,0.05584,9231.8
1620748800000,0.05594,0.05677,0.05579,0.05604,10869.6
1620752400000,0.05606,0.05664,0.0558,0.05654,10402.7
1620756000000,0.05654,0.05656,0.05585,0.05624,5481.2
1620759600000,0.05632,0.05667,0.05618,0.05642,3836.8
1620763200000,0.05634,0.05704,0.05611,0.05651,8132.3
1620766800000,0.05644,0.05765,0.05641,0.05735,12593.9
1620770400000,0.05738,0.05754,0.05704,0.05723,2595.8
1620774000000,0.0572,0.05764,0.05707,0.05737,6259.6
1620777600000,0.05735,0.05799,0.05721,0.05794,9453.1
1620781200000,0.05799,0.05841,0.05781,0.05816,4718.0
1620784800000,0.05816,0.05907,0.05782,0.05893,9941.8
1620788400000,0.05894,0.06156,0.05832,0.06095,60306.1
1620792000000,0.06088,0.06089,0.06004,0.06011,21144.2
1620795600000,0.06014,0.06133,0.06014,0.06133,13081.1
1620799200000,0.06132,0.06548,0.06056,0.06484,62377.8
1620802800000,0.0648,0.06513,0.06387,0.06393,21736.0
1620806400000,0.06395,0.06447,0.06325,0.06367,16484.7
1620810000000,0.0637,0.06377,0.06284,0.0631,24411.2
1620813600000,0.06307,0.06312,0.06217,0.06243,19913.5
1620817200000,0.0625,0.06378,0.0625,0.06366,12313.5
1620820800000,0.0637,0.06393,0.06307,0.06351,8408.5
1620824400000,0.06356,0.06437,0.06304,0.0635,12818.9
1620828000000,0.0635,0.06491,0.06323,0.06461,10992.4
1620831600000,0.06463,0.06483,0.06247,0.06294,27192.6
1620835200000,0.06289,0.06462,0.06272,0.0639,24001.5
1620838800000,0.06389,0.06531,0.06385,0.06507,12992.1
1620842400000,0.06507,0.06507,0.06302,0.0632,27582.6
1620846000000,0.06317,0.06361,0.06278,0.06327,8107.5
1620849600000,0.06317,0.06372,0.06314,0.06321,4629.7
1620853200000,0.06318,0.0636,0.06291,0.06291,7465.0
1620856800000,0.063,0.06427,0.06296,0.06416,17409.9
1620860400000,0.06413,0.06413,0.06112,0.06218,25556.3
1620864000000,0.06218,0.06402,0.06053,0.0631,58921.0
1620867600000,0.06312,0.06355,0.06147,0.06277,28355.6
1620871200000,0.06275,0.06339,0.06263,0.06325,10805.3
1620874800000,0.06327,0.06462,0.06297,0.06435,10369.8
1620878400000,0.06444,0.06444,0.06349,0.06381,6438.1
1620882000000,0.06391,0.06469,0.06375,0.06392,31093.4
1620885600000,0.06385,0.06405,0.06326,0.06357,9062.8
1620889200000,0.06356,0.06356,0.06282,0.06283,3278.4
1620892800000,0.06284,0.06334,0.06248,0.06275,7141.9
1620896400000,0.06286,0.06547,0.06285,0.06491,22419.0
1620900000000,0.06496,0.06594,0.06465,0.06555,30857.5
1620903600000,0.06555,0.06561,0.06477,0.06483,9345.8
1620907200000,0.06487,0.06526,0.06384,0.06384,6159.4
1620910800000,0.06396,0.06406,0.06304,0.06319,5984.6
1620914400000,0.06316,0.06357,0.06261,0.06345,6571.1
1620918000000,0.06335,0.06355,0.06268,0.06272,4576.8
1620921600000,0.06275,0.065,0.06252,0.06444,29470.8
1620925200000,0.06435,0.06712,0.06383,0.06482,43233.0
1620928800000,0.06492,0.0658,0.06431,0.06527,19263.1
1620932400000,0.06529,0.06573,0.06507,0.0656,4633.6
1620936000000,0.06562,0.06594,0.06532,0.0655,3803.5
1620939600000,0.06553,0.06653,0.0655,0.06574,5012.2
1620943200000,0.06576,0.06617,0.06548,0.06573,3401.8
1620946800000,0.06563,0.0666,0.06506,0.06534,8183.1
1620950400000,0.06546,0.06573,0.06506,0.06518,6588.9
1620954000000,0.06515,0.0657,0.06474,0.06536,7281.5
1620957600000,0.06531,0.06633,0.06511,0.06616,6576.8
1620961200000,0.06612,0.06645,0.0658,0.06595,15309.2
1620964800000,0.06585,0.06609,0.06529,0.06593,4064.1
1620968400000,0.06599,0.06609,0.06543,0.06554,3064.0
1620972000000,0.06552,0.06613,0.06533,0.06585,5169.6
1620975600000,0.06582,0.06582,0.06467,0.06504,8368.3
1620979200000,0.06506,0.0654,0.06436,0.06502,8569.8
1620982800000,0.065,0.06563,0.06464,0.06563,7513.5
1620986400000,0.06564,0.0662,0.06536,0.06545,4274.1
1620990000000,0.06546,0.06573,0.06491,0.06497,5399.8
1620993600000,0.06495,0.06528,0.06483,0.06524,3894.2
1620997200000,0.06523,0.06537,0.06474,0.06509,7495.1
1621000800000,0.06514,0.06568,0.06479,0.06549,12197.2
1621004400000,0.06545,0.06612,0.06527,0.0655,12145.9
1621008000000,0.0655,0.06675,0.06544,0.06675,9806.1
1621011600000,0.06666,0.06712,0.06638,0.06684,4461.6
1621015200000,0.06696,0.06707,0.06597,0.0661,4594.3
1621018800000,0.066,0.06647,0.06596,0.06616,1674.7
1621022400000,0.06628,0.0666,0.066,0.06637,4216.3
1621026000000,0.06629,0.06648,0.06578,0.06611,4535.8
1621029600000,0.06606,0.06717,0.066,0.06667,6643.7
1621033200000,0.0667,0.06717,0.06665,0.06705,3428.3
1621036800000,0.06707,0.06752,0.06679,0.06697,7066.5
1621040400000,0.06708,0.069,0.06699,0.06877,11924.7
1621044000000,0.06886,0.0695,0.06814,0.069,11177.4
1621047600000,0.06907,0.07007,0.06885,0.06916,11127.2
1621051200000,0.06911,0.06979,0.06885,0.06931,7020.5
1621054800000,0.06933,0.06978,0.06902,0.06975,7038.0
1621058400000,0.06975,0.06975,0.06829,0.06831,9188.7
1621062000000,0.06843,0.06854,0.06777,0.06795,5224.1
1621065600000,0.06792,0.0685,0.06711,0.06748,8041.5
1621069200000,0.0675,0.06794,0.06703,0.06724,3879.9
1621072800000,0.06718,0.06718,0.06647,0.06672,6838.8
1621076400000,0.06668,0.06691,0.06639,0.06639,2313.3
1621080000000,0.06638,0.06667,0.06604,0.06627,3880.3
1621083600000,0.06626,0.06639,0.06585,0.06588,2671.6
1621087200000,0.06585,0.06609,0.06574,0.06609,2765.2
1621090800000,0.0661,0.06631,0.06585,0.06589,2113.8
1621094400000,0.06587,0.06663,0.06569,0.06662,7773.5
1621098000000,0.06663,0.06663,0.0658,0.06585,5381.9
1621101600000,0.06576,0.06627,0.06574,0.06583,2792.5
1621105200000,0.06583,0.06606,0.06543,0.06561,4361.3
1621108800000,0.06557,0.06591,0.06537,0.06561,2574.1
1621112400000,0.06561,0.06587,0.06491,0.06513,2839.4
1621116000000,0.06514,0.0658,0.06506,0.06557,3217.6
1621119600000,0.06554,0.06557,0.06485,0.06497,3949.2
1621123200000,0.06491,0.06599,0.0646,0.06577,5473.5
1621126800000,0.06578,0.06624,0.06536,0.06597,5927.0
1621130400000,0.06596,0.06609,0.06539,0.06543,3264.1
1621134000000,0.0654,0.06587,0.06536,0.06575,1202.5
1621137600000,0.06586,0.06597,0.06557,0.06588,1948.8
1621141200000,0.06589,0.06627,0.06566,0.06566,2661.4
1621144800000,0.06576,0.06667,0.06555,0.06667,7884.2
1621148400000,0.06654,0.06681,0.06597,0.06635,6856.1
1621152000000,0.06624,0.06669,0.06548,0.06548,7745.0
1621155600000,0.06549,0.06567,0.06465,0.06503,11689.0
1621159200000,0.06513,0.06538,0.06445,0.06484,6877.7
1621162800000,0.06485,0.06555,0.06446,0.06458,8612.2
1621166400000,0.06465,0.06496,0.06453,0.06456,4002.4
1621170000000,0.06451,0.06566,0.06388,0.06421,8532.1
1621173600000,0.06421,0.06466,0.06414,0.06429,3658.6
1621177200000,0.06419,0.06468,0.06398,0.06468,3012.5
1621180800000,0.06455,0.06478,0.06405,0.06415,3350.9
1621184400000,0.06413,0.06439,0.06356,0.06439,4829.8
1621188000000,0.06439,0.06459,0.06399,0.06412,1958.9
1621191600000,0.06412,0.0647,0.06384,0.06456,10905.7
1621195200000,0.06451,0.0647,0.06395,0.0645,5035.5
1621198800000,0.0644,0.06509,0.06432,0.06498,6188.7
1621202400000,0.06505,0.06682,0.06485,0.06569,5401.6
1621206000000,0.0657,0.06586,0.06486,0.06489,3012.6
1621209600000,0.06486,0.06507,0.06436,0.06488,3489.2
1621213200000,0.06486,0.06493,0.0641,0.06438,2711.6
1621216800000,0.06438,0.06462,0.06418,0.06444,4837.2
1621220400000,0.06443,0.06606,0.06441,0.0648,16979.1
1621224000000,0.06492,0.06638,0.06492,0.06543,22275.0
1621227600000,0.06549,0.0665,0.06531,0.06631,9673.2
1621231200000,0.06624,0.06642,0.06509,0.0657,10796.3
1621234800000,0.06569,0.0661,0.0655,0.06572,5116.0
1621238400000,0.06575,0.06629,0.06535,0.06575,5160.8
1621242000000,0.06572,0.06609,0.06526,0.06526,5098.5
1621245600000,0.06525,0.06639,0.06521,0.06629,7802.6
1621249200000,0.06626,0.06651,0.06585,0.0662,5835.1
1621252800000,0.06612,0.06653,0.06602,0.06614,6840.3
1621256400000,0.06613,0.06638,0.06582,0.06592,2587.8
1621260000000,0.06591,0.06635,0.06567,0.0662,4265.9
1621263600000,0.06617,0.06667,0.0656,0.06594,7224.4
1621267200000,0.06589,0.06618,0.06552,0.06563,6579.6
1621270800000,0.06552,0.0658,0.06453,0.06491,10353.4
1621274400000,0.06501,0.06602,0.06485,0.06599,8540.7
1621278000000,0.0659,0.06631,0.06571,0.06604,4920.0
1621281600000,0.06602,0.06612,0.06569,0.06592,4146.8
1621285200000,0.06595,0.06632,0.06504,0.06514,6724.6
1621288800000,0.06515,0.06535,0.06485,0.06519,4257.2
1621292400000,0.06526,0.06555,0.06471,0.06495,4414.4
1621296000000,0.06494,0.06561,0.06464,0.06545,5178.9
1621299600000,0.06542,0.06699,0.06537,0.06662,8803.1
1621303200000,0.06658,0.06708,0.06625,0.06643,3123.3
1621306800000,0.06654,0.06686,0.06567,0.0659,3410.7
1621310400000,0.06587,0.06786,0.06587,0.06727,10815.6
1621314000000,0.06725,0.0684,0.06722,0.06774,12327.5
1621317600000,0.06781,0.06896,0.06775,0.06791,13302.1
1621321200000,0.0679,0.06878,0.06788,0.06828,5248.7
1621324800000,0.06829,0.06879,0.06813,0.0684,4678.2
1621328400000,0.06844,0.06879,0.06825,0.06864,3517.8
1621332000000,0.06865,0.06879,0.06795,0.06869,6188.6
1621335600000,0.0686,0.06893,0.06816,0.06876,6148.0
1621339200000,0.06879,0.0688,0.06767,0.06786,9701.3
1621342800000,0.06796,0.06817,0.0677,0.06816,4283.8
1621346400000,0.06809,0.0684,0.06718,0.06743,9356.1
1621350000000,0.06753,0.06846,0.06726,0.06832,8041.7
1621353600000,0.06835,0.06911,0.06779,0.06845,15033.9
1621357200000,0.06844,0.06885,0.06797,0.06821,6451.7
1621360800000,0.06817,0.06826,0.06777,0.06782,2104.8
1621364400000,0.06783,0.06846,0.06783,0.06827,2731.4
1621368000000,0.06828,0.06885,0.06787,0.06877,7426.0
1621371600000,0.06886,0.06975,0.0688,0.0693,8498.5
1621375200000,0.06926,0.06961,0.06899,0.06899,4096.9
1621378800000,0.06904,0.06909,0.06851,0.06907,3737.4
1621382400000,0.06894,0.06917,0.06858,0.06869,3412.8
1621386000000,0.06866,0.06883,0.06798,0.06869,12965.4
1621389600000,0.0688,0.06951,0.06804,0.06951,13581.5
1621393200000,0.06947,0.0705,0.06878,0.07036,14409.3
1621396800000,0.07025,0.07329,0.06963,0.07094,51117.0
1621400400000,0.07091,0.07195,0.07029,0.07029,25593.2
1621404000000,0.0703,0.07087,0.06965,0.07059,14537.7
1621407600000,0.07047,0.07074,0.06981,0.07002,10687.3
1621411200000,0.07008,0.07023,0.06939,0.06958,10262.7
1621414800000,0.06957,0.07036,0.06917,0.07035,8298.6
1621418400000,0.07025,0.0705,0.06892,0.06905,8097.2
1621422000000,0.069,0.06968,0.06323,0.06708,71854.5
1621425600000,0.06718,0.06815,0.05685,0.06041,83089.0
1621429200000,0.06034,0.06842,0.06006,0.06417,98323.9
1621432800000,0.06423,0.06775,0.06419,0.06726,120545.9
1621436400000,0.06709,0.06945,0.06649,0.06772,113774.3
1621440000000,0.06765,0.07376,0.06702,0.06841,69440.3
1621443600000,0.06846,0.06892,0.06649,0.06787,56335.2
1621447200000,0.06789,0.07,0.06754,0.06867,34699.6
1621450800000,0.06871,0.06877,0.06595,0.06675,28323.9
1621454400000,0.06675,0.06826,0.06641,0.06754,33083.9
1621458000000,0.06764,0.068,0.06707,0.06771,18848.3
1621461600000,0.06768,0.06834,0.06707,0.06769,17908.7
1621465200000,0.06771,0.06953,0.06744,0.06917,21485.3
1621468800000,0.06928,0.072,0.06805,0.06892,56870.6
1621472400000,0.06896,0.07229,0.06786,0.07159,82692.1
1621476000000,0.07151,0.07255,0.06926,0.06975,44986.5
1621479600000,0.06978,0.07029,0.06891,0.06978,19268.6
1621483200000,0.06976,0.0706,0.06923,0.06966,23994.0
1621486800000,0.06969,0.07043,0.06858,0.06879,14435.5
1621490400000,0.06876,0.0719,0.06865,0.07146,20426.3
1621494000000,0.0714,0.0714,0.06972,0.07057,13921.4
1621497600000,0.07065,0.07219,0.07037,0.07162,12741.4
1621501200000,0.07164,0.07188,0.07085,0.07118,12576.1
1621504800000,0.07118,0.07237,0.07065,0.07097,14524.8
1621508400000,0.07094,0.07164,0.07051,0.07103,9765.7
1621512000000,0.07103,0.07164,0.06949,0.07005,21654.7
1621515600000,0.07006,0.07022,0.06698,0.06875,44533.6
1621519200000,0.0687,0.0687,0.0668,0.06789,17324.0
1621522800000,0.06799,0.06835,0.06702,0.06746,8530.7
1621526400000,0.06748,0.06831,0.06661,0.0671,43585.9
1621530000000,0.06718,0.06835,0.06695,0.06774,22223.5
1621533600000,0.06766,0.06838,0.06738,0.06762,7188.4
1621537200000,0.06762,0.06797,0.06702,0.06735,5170.1
1621540800000,0.06735,0.06763,0.06694,0.06732,9403.0
1621544400000,0.06734,0.06756,0.06695,0.06704,7160.8
1621548000000,0.06704,0.06762,0.06687,0.06762,6454.2
1621551600000,0.06766,0.06778,0.06694,0.06728,8118.1
1621555200000,0.06731,0.0675,0.06571,0.06707,16283.0
1621558800000,0.06704,0.06862,0.06689,0.068,13977.1
1621562400000,0.06813,0.06828,0.06769,0.06824,7823.5
1621566000000,0.06815,0.06856,0.06795,0.06806,5272.1
1621569600000,0.06801,0.06845,0.06747,0.06756,7549.6
1621573200000,0.06746,0.06819,0.0673,0.06781,5120.7
1621576800000,0.06783,0.06828,0.06695,0.06704,6560.1
1621580400000,0.06698,0.06762,0.0667,0.06707,6044.8
1621584000000,0.06694,0.06822,0.06694,0.06813,9819.3
1621587600000,0.06817,0.06822,0.06675,0.06765,7999.6
1621591200000,0.06772,0.07329,0.06764,0.06773,10022.2
1621594800000,0.06767,0.06778,0.06728,0.06757,5060.0
1621598400000,0.06762,0.06803,0.06688,0.06699,4317.8
1621602000000,0.06706,0.06797,0.06694,0.06783,4392.6
1621605600000,0.06782,0.06894,0.06669,0.06774,47547.7
1621609200000,0.06775,0.06802,0.06542,0.06543,47623.2
1621612800000,0.06555,0.06654,0.06477,0.06584,33638.6
1621616400000,0.06592,0.06739,0.06552,0.06629,13305.2
1621620000000,0.06627,0.06689,0.06568,0.06689,11970.8
1621623600000,0.0668,0.06833,0.06652,0.0668,24055.4
1621627200000,0.0668,0.06897,0.06674,0.06873,24374.6
1621630800000,0.06862,0.06956,0.06735,0.0679,42940.6
1621634400000,0.0679,0.06886,0.06696,0.06776,16554.0
1621638000000,0.0678,0.06824,0.0665,0.06729,12412.4
1621641600000,0.06726,0.06751,0.06629,0.06673,14480.8
1621645200000,0.06682,0.06773,0.06675,0.0669,8778.8
1621648800000,0.06699,0.06699,0.06609,0.06629,6652.1
1621652400000,0.06624,0.06639,0.06468,0.0656,18230.4
1621656000000,0.0656,0.06628,0.06447,0.06455,25788.1
1621659600000,0.06459,0.06642,0.06404,0.06604,36319.2
1621663200000,0.06602,0.06691,0.06578,0.0666,24164.3
1621666800000,0.06662,0.06709,0.06582,0.06607,12213.7
1621670400000,0.06597,0.06696,0.06551,0.06657,11886.1
1621674000000,0.06657,0.06687,0.06588,0.06636,6497.5
1621677600000,0.06639,0.06772,0.06599,0.06762,14966.1
1621681200000,0.06753,0.06753,0.06614,0.06621,6316.1
1621684800000,0.06615,0.06648,0.06572,0.06628,7654.0
1621688400000,0.06618,0.06685,0.06591,0.0663,8688.5
1621692000000,0.06628,0.06663,0.06582,0.06654,10220.1
1621695600000,0.06651,0.06655,0.06558,0.06633,8882.1
1621699200000,0.06622,0.06765,0.06611,0.0671,8038.3
1621702800000,0.067,0.06762,0.06652,0.06741,4477.2
1621706400000,0.06729,0.06808,0.0662,0.06652,6182.3
1621710000000,0.06654,0.06717,0.06638,0.06706,6604.6
1621713600000,0.06703,0.06793,0.067,0.06763,6171.1
1621717200000,0.06758,0.06829,0.0674,0.06809,9284.7
1621720800000,0.0681,0.06853,0.06772,0.06785,4490.1
1621724400000,0.06784,0.06847,0.06722,0.06794,5183.8
1621728000000,0.06798,0.0684,0.0671,0.06807,11269.7
1621731600000,0.0681,0.06826,0.06748,0.0676,7659.4
1621735200000,0.06758,0.06825,0.06738,0.06811,7733.2
1621738800000,0.06822,0.0694,0.06808,0.0691,9874.2
1621742400000,0.06911,0.06946,0.0686,0.0688,7739.0
1621746000000,0.06882,0.06915,0.06767,0.06806,5301.0
1621749600000,0.06797,0.06903,0.06764,0.06897,8337.1
1621753200000,0.06894,0.06898,0.06756,0.06829,12224.2
1621756800000,0.06835,0.06942,0.06742,0.06821,26467.1
1621760400000,0.06815,0.06819,0.0664,0.06708,34586.3
1621764000000,0.06712,0.06878,0.06641,0.06869,17929.9
1621767600000,0.06878,0.06901,0.06737,0.06809,16035.5
1621771200000,0.06804,0.06829,0.06163,0.06304,58008.5
1621774800000,0.06297,0.06425,0.06087,0.06383,44850.9
1621778400000,0.0638,0.06444,0.06315,0.0642,23986.4
1621782000000,0.06423,0.06445,0.06208,0.06229,23264.8
1621785600000,0.06227,0.06486,0.06012,0.06396,71718.2
1621789200000,0.06389,0.06716,0.06385,0.06586,67273.0
1621792800000,0.06578,0.06645,0.06452,0.0649,38171.4
1621796400000,0.06495,0.06596,0.06447,0.06499,18185.4
1621800000000,0.06502,0.06674,0.06495,0.06589,21187.6
1621803600000,0.06598,0.06618,0.06474,0.06618,13316.9
1621807200000,0.06619,0.06619,0.0641,0.06496,12855.0
1621810800000,0.06496,0.06511,0.06375,0.06408,16962.9
1621814400000,0.06417,0.0652,0.06389,0.06408,18746.8
1621818000000,0.06405,0.06424,0.06335,0.06387,22550.1
1621821600000,0.06391,0.06522,0.06357,0.06512,16705.2
1621825200000,0.06521,0.06525,0.06298,0.06351,10724.1
1621828800000,0.0635,0.06461,0.06304,0.0642,9885.5
1621832400000,0.06421,0.06436,0.06326,0.06389,15481.2
1621836000000,0.06389,0.06501,0.06384,0.06436,21552.4
1621839600000,0.06434,0.06588,0.06397,0.06557,22645.8
1621843200000,0.06568,0.06623,0.06498,0.06554,29168.2
1621846800000,0.0655,0.06607,0.06521,0.06525,11348.6
1621850400000,0.06529,0.06577,0.06488,0.06549,16131.7
1621854000000,0.06541,0.06679,0.06464,0.06677,28423.6
1621857600000,0.06672,0.06793,0.06602,0.06702,30884.2
1621861200000,0.06702,0.06886,0.06631,0.06713,25194.8
1621864800000,0.06725,0.06846,0.06668,0.06735,22012.7
1621868400000,0.06738,0.0728,0.06676,0.07219,33070.6
1621872000000,0.07219,0.0723,0.06964,0.07088,28022.6
1621875600000,0.07076,0.07377,0.07043,0.07307,26148.2
1621879200000,0.07302,0.0745,0.07256,0.07275,32998.0
1621882800000,0.07272,0.07398,0.07171,0.07186,18974.7
1621886400000,0.07189,0.07287,0.07082,0.07257,22557.0
1621890000000,0.07263,0.07282,0.07101,0.07231,16600.7
1621893600000,0.07224,0.07297,0.07111,0.07141,12599.3
1621897200000,0.07143,0.07295,0.07107,0.07139,14091.1
1621900800000,0.07146,0.07291,0.07092,0.071,32760.8
1621904400000,0.07097,0.07179,0.06956,0.07088,26158.3
1621908000000,0.07086,0.07138,0.07012,0.07032,18579.3
1621911600000,0.07035,0.07136,0.06956,0.07008,17623.2
1621915200000,0.07017,0.07217,0.06994,0.07172,20507.9
1621918800000,0.07166,0.07166,0.0706,0.0711,12760.0
1621922400000,0.0711,0.07284,0.07095,0.07175,18431.7
1621926000000,0.07186,0.07196,0.07044,0.07068,7695.9
1621929600000,0.07074,0.07105,0.0699,0.07031,14084.5
1621933200000,0.07031,0.07085,0.06986,0.07032,9325.1
1621936800000,0.07039,0.07117,0.06919,0.07076,28767.0
1621940400000,0.07078,0.07115,0.0699,0.06997,19044.6
1621944000000,0.07007,0.07043,0.06974,0.07011,12925.3
1621947600000,0.0702,0.07194,0.06995,0.07173,22748.4
1621951200000,0.07169,0.07584,0.07124,0.0731,31529.1
1621954800000,0.07307,0.07345,0.0717,0.07198,28176.3
1621958400000,0.07185,0.07343,0.07149,0.07239,10671.5
1621962000000,0.0724,0.07303,0.0719,0.07303,7212.7
1621965600000,0.07305,0.07428,0.07286,0.07412,5922.7
1621969200000,0.07417,0.07427,0.07256,0.07293,5925.8
1621972800000,0.07297,0.07305,0.07218,0.07279,4322.7
1621976400000,0.07274,0.07335,0.07213,0.07323,5141.0
1621980000000,0.07335,0.07564,0.0729,0.07377,15334.2
1621983600000,0.07377,0.07421,0.07309,0.07329,6854.5
1621987200000,0.07317,0.07392,0.07271,0.07289,9070.9
1621990800000,0.07287,0.07411,0.07267,0.07401,11587.8
1621994400000,0.07396,0.07519,0.07336,0.07473,19006.6
1621998000000,0.07482,0.07485,0.07352,0.07437,12087.3
1622001600000,0.0744,0.07466,0.07329,0.07377,9746.2
1622005200000,0.07369,0.07411,0.07256,0.07283,7556.5
1622008800000,0.07273,0.07331,0.07209,0.07279,13472.5
1622012400000,0.07268,0.07309,0.07209,0.07247,7373.9
1622016000000,0.0725,0.07271,0.07066,0.07123,22033.4
1622019600000,0.07112,0.07166,0.07086,0.07127,5022.9
1622023200000,0.07125,0.07152,0.07035,0.07097,7294.0
1622026800000,0.07094,0.07162,0.07071,0.07121,6152.4
1622030400000,0.07116,0.07204,0.07116,0.07149,6020.0
1622034000000,0.07162,0.0717,0.07028,0.0713,12992.6
1622037600000,0.07126,0.07153,0.07043,0.07092,10349.3
1622041200000,0.07093,0.07125,0.07022,0.07033,7929.2
1622044800000,0.07044,0.07116,0.07027,0.07062,10983.3
1622048400000,0.07058,0.07102,0.07027,0.07072,4855.5
1622052000000,0.07074,0.07116,0.07023,0.07115,5377.7
1622055600000,0.07117,0.07183,0.07107,0.07166,3686.4
1622059200000,0.07164,0.07174,0.07123,0.07149,3891.9
1622062800000,0.0715,0.07246,0.07109,0.0718,6497.3
1622066400000,0.0718,0.07578,0.0718,0.07578,14558.2
1622070000000,0.0758,0.07767,0.07516,0.07754,19583.4
1622073600000,0.07755,0.07786,0.07679,0.07771,17166.6
1622077200000,0.07776,0.0784,0.07689,0.07715,14135.3
1622080800000,0.07713,0.0778,0.07702,0.07732,7697.0
1622084400000,0.07734,0.07741,0.0762,0.07636,8766.2
1622088000000,0.07638,0.07689,0.07575,0.07679,6282.9
1622091600000,0.07693,0.07718,0.0764,0.07708,5861.5
1622095200000,0.07703,0.07735,0.07646,0.07719,6645.2
1622098800000,0.07709,0.07714,0.0761,0.0766,5128.8
1622102400000,0.07662,0.07723,0.07577,0.07673,10037.5
1622106000000,0.07676,0.07866,0.07676,0.07784,14349.5
1622109600000,0.07794,0.07843,0.0771,0.07713,9401.0
1622113200000,0.07713,0.07755,0.07665,0.07688,5894.2
1622116800000,0.07686,0.07747,0.0767,0.07695,6126.3
1622120400000,0.07692,0.07722,0.07613,0.07665,7846.7
1622124000000,0.07652,0.07782,0.07641,0.07731,9968.8
1622127600000,0.07716,0.07856,0.0771,0.07839,19313.4
1622131200000,0.07828,0.07853,0.07738,0.07827,12093.4
1622134800000,0.07827,0.07858,0.07802,0.0782,3133.1
1622138400000,0.07832,0.07839,0.07709,0.07709,2644.6
1622142000000,0.07722,0.07722,0.07631,0.07632,3617.9
1622145600000,0.07629,0.0769,0.07609,0.07655,3091.4
1622149200000,0.07655,0.07788,0.07653,0.07775,4740.7
1622152800000,0.07776,0.07823,0.0773,0.07755,4144.6
1622156400000,0.07768,0.07782,0.077,0.077,2985.0
1622160000000,0.07713,0.07782,0.07713,0.07748,4597.0
1622163600000,0.07736,0.07765,0.07637,0.07692,8162.7
1622167200000,0.07691,0.07905,0.07674,0.07899,8154.2
1622170800000,0.07901,0.0805,0.07875,0.07989,8972.2
1622174400000,0.08001,0.08001,0.07752,0.07836,12263.6
1622178000000,0.07832,0.07889,0.0766,0.07744,14972.8
1622181600000,0.07737,0.07845,0.07689,0.07802,15198.5
1622185200000,0.07804,0.07862,0.07766,0.07824,7998.6
1622188800000,0.0782,0.07922,0.07803,0.07896,10498.2
1622192400000,0.07896,0.07984,0.0783,0.07962,13565.3
1622196000000,0.07977,0.08,0.07901,0.07967,6499.9
1622199600000,0.07965,0.07986,0.07907,0.07926,6830.8
1622203200000,0.07938,0.08193,0.07921,0.08052,16018.2
1622206800000,0.08052,0.08248,0.08005,0.0816,13724.2
1622210400000,0.08172,0.08205,0.08104,0.08118,6385.4
1622214000000,0.08127,0.08259,0.08099,0.08245,7777.9
1622217600000,0.08245,0.08284,0.08188,0.08202,8642.0
1622221200000,0.08201,0.08243,0.08154,0.08179,5571.1
1622224800000,0.08168,0.08182,0.08082,0.08153,5407.5
1622228400000,0.08166,0.08182,0.08063,0.08081,2577.4
1622232000000,0.08083,0.08136,0.07991,0.08014,5186.9
1622235600000,0.08016,0.08044,0.07861,0.07877,8789.5
1622239200000,0.07888,0.07953,0.07796,0.07822,6121.7
1622242800000,0.07809,0.07903,0.0779,0.07857,3175.3
1622246400000,0.07871,0.07899,0.07823,0.07871,5193.8
1622250000000,0.07868,0.0798,0.07859,0.07864,13134.1
1622253600000,0.07863,0.07923,0.07827,0.07859,8347.3
1622257200000,0.07862,0.07897,0.07793,0.07833,7274.1
1622260800000,0.07821,0.07891,0.0779,0.07812,5168.8
1622264400000,0.07795,0.07957,0.07754,0.07945,14224.1
1622268000000,0.07947,0.08023,0.07922,0.07968,9662.5
1622271600000,0.07965,0.07988,0.07888,0.07889,3440.6
1622275200000,0.07895,0.07918,0.07841,0.07872,4271.4
1622278800000,0.07873,0.07921,0.07843,0.07903,5171.6
1622282400000,0.07898,0.07898,0.07793,0.07844,4624.0
1622286000000,0.07842,0.0792,0.07793,0.07901,7724.0
1622289600000,0.07898,0.07898,0.07764,0.07764,4723.2
1622293200000,0.07766,0.07799,0.07527,0.07638,14265.8
1622296800000,0.07639,0.07676,0.07539,0.07599,10973.2
1622300400000,0.07602,0.07666,0.07478,0.07563,21097.6
1622304000000,0.0756,0.07613,0.07469,0.07609,14789.2
1622307600000,0.07602,0.07609,0.07408,0.0745,15433.7
1622311200000,0.07452,0.07495,0.07413,0.07466,5839.6
1622314800000,0.07457,0.07492,0.07335,0.07466,15575.2
1622318400000,0.07467,0.07471,0.0737,0.07415,8884.9
1622322000000,0.07417,0.0754,0.07381,0.07536,7053.5
1622325600000,0.07531,0.07563,0.07485,0.07556,11041.6
1622329200000,0.07558,0.07604,0.07517,0.07604,5522.1
1622332800000,0.07592,0.07598,0.07416,0.07456,11070.6
1622336400000,0.07451,0.07482,0.07406,0.07454,6878.2
1622340000000,0.07465,0.07584,0.07443,0.07552,6610.6
1622343600000,0.07558,0.07573,0.07478,0.07502,8397.2
1622347200000,0.07504,0.07601,0.07463,0.07522,10117.6
1622350800000,0.07515,0.07674,0.07479,0.07662,15040.1
1622354400000,0.07665,0.0774,0.07613,0.07655,13896.0
1622358000000,0.07641,0.07752,0.07555,0.07743,10580.3
1622361600000,0.07738,0.07746,0.07534,0.07595,19186.8
1622365200000,0.07584,0.07597,0.07474,0.07493,12973.4
1622368800000,0.07491,0.07552,0.07449,0.07454,6293.8
1622372400000,0.07451,0.07562,0.07445,0.07551,6675.9
1622376000000,0.07563,0.07605,0.07502,0.07546,7081.9
1622379600000,0.07547,0.07583,0.0748,0.07538,7338.0
1622383200000,0.07538,0.0756,0.07489,0.0756,6379.2
1622386800000,0.07547,0.07615,0.07542,0.07615,2155.5
1622390400000,0.07608,0.07718,0.07592,0.07663,5366.6
1622394000000,0.07665,0.07823,0.07665,0.0775,9846.5
1622397600000,0.07747,0.07907,0.07735,0.07844,12412.5
1622401200000,0.07855,0.07923,0.07808,0.07888,9180.2
1622404800000,0.07891,0.07966,0.07871,0.07959,4920.7
1622408400000,0.07956,0.0804,0.07904,0.07998,9557.3
1622412000000,0.07985,0.0803,0.07902,0.07946,6971.2
1622415600000,0.07942,0.07945,0.07858,0.07901,5143.1
1622419200000,0.07902,0.07951,0.07843,0.07862,10331.3
1622422800000,0.07859,0.07859,0.07617,0.07652,31727.8
1622426400000,0.07661,0.07708,0.07577,0.07692,18124.3
1622430000000,0.07682,0.07696,0.07631,0.0769,10458.6
1622433600000,0.07679,0.07687,0.07563,0.07644,16573.3
1622437200000,0.07644,0.07765,0.07625,0.07706,13988.0
1622440800000,0.07694,0.07747,0.07678,0.07707,5520.6
1622444400000,0.07719,0.07748,0.07644,0.077,11165.2
1622448000000,0.07704,0.07806,0.07634,0.07733,15970.7
1622451600000,0.07744,0.07806,0.07688,0.07701,14151.0
1622455200000,0.07705,0.07754,0.07656,0.07725,15657.4
1622458800000,0.07725,0.07773,0.07624,0.07631,14770.2
1622462400000,0.07625,0.07677,0.07548,0.07626,16083.9
1622466000000,0.07613,0.07697,0.07563,0.07629,16010.4
1622469600000,0.07629,0.07725,0.07604,0.07652,12878.3
1622473200000,0.07651,0.08015,0.07634,0.0792,40281.4
1622476800000,0.0792,0.07968,0.07765,0.07866,22299.8
1622480400000,0.07854,0.07887,0.07792,0.07887,7558.4
1622484000000,0.0789,0.07988,0.07859,0.07866,12700.9
1622487600000,0.07877,0.07976,0.0786,0.07975,6059.7
1622491200000,0.07976,0.07976,0.07883,0.07883,5440.9
1622494800000,0.07885,0.07948,0.07866,0.07921,7068.8
1622498400000,0.07921,0.07998,0.07886,0.07957,7308.5
1622502000000,0.07955,0.08015,0.07917,0.07999,11571.3
1622505600000,0.07997,0.08009,0.07846,0.07877,16828.8
1622509200000,0.07888,0.07919,0.07801,0.07869,8092.6
1622512800000,0.07873,0.07944,0.07864,0.07914,8912.9
1622516400000,0.07911,0.07968,0.07866,0.07939,8324.7
1622520000000,0.07926,0.07995,0.07917,0.07943,3584.6
1622523600000,0.07956,0.0798,0.07785,0.07817,10173.3
1622527200000,0.07814,0.07855,0.07792,0.07855,3903.5
1622530800000,0.07856,0.07872,0.078,0.07812,5244.9
1622534400000,0.07824,0.07824,0.07669,0.07771,11046.9
1622538000000,0.07779,0.0778,0.07696,0.07737,5043.9
1622541600000,0.07728,0.07771,0.07702,0.07759,4653.2
1622545200000,0.07762,0.0779,0.07747,0.07766,4483.0
1622548800000,0.07774,0.07774,0.07709,0.07717,3124.2
1622552400000,0.07717,0.07774,0.07661,0.07749,28704.6
1622556000000,0.07739,0.07755,0.07641,0.07707,4819.7
1622559600000,0.07695,0.07695,0.07601,0.07621,6963.0
1622563200000,0.07617,0.07637,0.07532,0.07551,5303.1
1622566800000,0.07542,0.07562,0.07472,0.07552,9059.6
1622570400000,0.07544,0.07653,0.07517,0.07638,8305.9
1622574000000,0.07635,0.07635,0.07538,0.07572,4518.8
1622577600000,0.07578,0.07666,0.07578,0.07618,4205.9
1622581200000,0.07616,0.07673,0.07557,0.07575,7408.3
1622584800000,0.07583,0.07659,0.07577,0.07613,6293.4
1622588400000,0.07616,0.07633,0.07536,0.07568,5020.8
1622592000000,0.07568,0.07581,0.07513,0.07569,5155.0
1622595600000,0.07557,0.07564,0.07471,0.07497,20716.3
1622599200000,0.07485,0.07525,0.07479,0.0749,2559.3
1622602800000,0.07501,0.07552,0.07458,0.07477,5863.8
1622606400000,0.07477,0.07564,0.07475,0.07517,6384.7
1622610000000,0.07515,0.0754,0.07508,0.07526,1398.4
1622613600000,0.07528,0.07559,0.075,0.07537,5070.6
1622617200000,0.07528,0.07539,0.07406,0.07422,17564.7
1622620800000,0.07425,0.07425,0.07269,0.07333,10908.6
1622624400000,0.07323,0.07376,0.07229,0.07268,8592.1
1622628000000,0.07263,0.07305,0.07222,0.07228,5987.4
1622631600000,0.07222,0.07248,0.07153,0.07176,6309.3
1622635200000,0.07164,0.07164,0.06936,0.0694,15766.2
1622638800000,0.06935,0.06951,0.06761,0.06834,20410.7
1622642400000,0.06839,0.0691,0.0679,0.06885,18089.9
1622646000000,0.06879,0.06909,0.06836,0.06875,9936.7
1622649600000,0.06877,0.06976,0.06877,0.06902,9792.2
1622653200000,0.069,0.06939,0.06856,0.06875,5813.8
1622656800000,0.06875,0.06924,0.06854,0.06854,4317.1
1622660400000,0.06854,0.06881,0.0684,0.06873,2688.6
1622664000000,0.06876,0.0691,0.06827,0.06845,6663.7
1622667600000,0.06843,0.06873,0.068,0.06814,3012.4
1622671200000,0.06804,0.06896,0.068,0.0685,8723.8
1622674800000,0.06846,0.06897,0.06821,0.06881,4282.2
1622678400000,0.06878,0.06886,0.0683,0.06865,6613.4
1622682000000,0.06854,0.06886,0.0678,0.0678,7388.6
1622685600000,0.06789,0.06948,0.06785,0.0694,5019.4
1622689200000,0.0694,0.06948,0.06797,0.06803,4484.6
1622692800000,0.06805,0.06892,0.06805,0.06807,5544.4
1622696400000,0.06804,0.06857,0.06765,0.06837,7079.9
1622700000000,0.06828,0.06898,0.06825,0.06878,3625.1
1622703600000,0.06876,0.06968,0.06876,0.06911,3775.1
1622707200000,0.06906,0.06928,0.06873,0.06905,4384.8
1622710800000,0.06902,0.06944,0.06819,0.06822,8531.6
1622714400000,0.06817,0.06877,0.06758,0.06867,7305.5
1622718000000,0.06865,0.06865,0.06694,0.06694,13379.1
1622721600000,0.06692,0.06785,0.0668,0.06769,3843.6
1622725200000,0.0678,0.06848,0.06753,0.06788,6909.6
1622728800000,0.06788,0.06801,0.06703,0.0675,5436.5
1622732400000,0.06743,0.06801,0.06703,0.06752,5964.9
1622736000000,0.06749,0.06917,0.06733,0.06874,5865.3
1622739600000,0.06873,0.06886,0.06803,0.06838,2825.8
1622743200000,0.0683,0.0683,0.06781,0.06815,1986.5
1622746800000,0.06812,0.0683,0.06761,0.06793,4229.8
1622750400000,0.06796,0.06796,0.06718,0.06733,1482.6
1622754000000,0.06736,0.06784,0.06729,0.0674,1813.9
1622757600000,0.06751,0.06792,0.06728,0.06734,1686.9
1622761200000,0.06729,0.06729,0.06643,0.06697,3964.3
1622764800000,0.06687,0.06687,0.06587,0.06657,8487.2
1622768400000,0.0666,0.06831,0.06653,0.06752,14316.7
1622772000000,0.06756,0.06781,0.06691,0.0671,10506.1
1622775600000,0.06701,0.06725,0.06662,0.06681,4319.6
1622779200000,0.0669,0.06721,0.06666,0.06713,5712.9
1622782800000,0.06704,0.06924,0.06692,0.06898,15160.9
1622786400000,0.06899,0.06983,0.06821,0.06959,7928.0
1622790000000,0.06959,0.06965,0.06848,0.06902,11083.7
1622793600000,0.0691,0.06922,0.0684,0.06849,6811.2
1622797200000,0.06859,0.06901,0.06796,0.06796,4383.7
1622800800000,0.06793,0.06844,0.06738,0.06796,5153.9
1622804400000,0.06799,0.06878,0.06788,0.06838,4284.4
1622808000000,0.06847,0.06857,0.06717,0.06776,12127.6
1622811600000,0.06775,0.06785,0.06716,0.06785,11560.8
1622815200000,0.06774,0.06792,0.06703,0.06739,6380.5
1622818800000,0.06734,0.06765,0.06708,0.06723,7878.9
1622822400000,0.06712,0.06778,0.06703,0.06762,3386.6
1622826000000,0.06758,0.06775,0.06678,0.06746,5390.0
1622829600000,0.06741,0.06763,0.06722,0.06753,2788.6
1622833200000,0.0674,0.0683,0.06699,0.0681,6099.3
1622836800000,0.068,0.06808,0.06747,0.06747,1639.0
1622840400000,0.06747,0.06792,0.06747,0.0675,3379.3
1622844000000,0.06754,0.06775,0.06725,0.06764,3031.9
1622847600000,0.06772,0.06796,0.06758,0.06758,2391.0
1622851200000,0.06769,0.0684,0.06665,0.06665,5970.5
1622854800000,0.06664,0.06688,0.06604,0.06622,6012.9
1622858400000,0.06614,0.06627,0.06571,0.06599,2465.5
1622862000000,0.066,0.06627,0.06586,0.06604,2535.4
1622865600000,0.06604,0.06619,0.06565,0.06565,2281.5
1622869200000,0.06564,0.06589,0.06534,0.06551,2613.5
1622872800000,0.06536,0.06539,0.06453,0.06466,7015.4
1622876400000,0.06468,0.06534,0.06468,0.06506,3516.5
1622880000000,0.06506,0.06557,0.06503,0.06529,3749.7
1622883600000,0.06527,0.06568,0.06491,0.06547,9980.3
1622887200000,0.06548,0.06584,0.065,0.06574,7611.6
1622890800000,0.06578,0.06675,0.06546,0.06628,9871.9
1622894400000,0.06618,0.06618,0.06543,0.06547,7723.6
1622898000000,0.06549,0.06567,0.06512,0.06557,6277.3
1622901600000,0.06561,0.06571,0.06456,0.06477,7177.2
1622905200000,0.06474,0.0649,0.06414,0.06435,6384.0
1622908800000,0.06431,0.0647,0.0643,0.06434,3298.2
1622912400000,0.06441,0.06475,0.06437,0.06459,2536.4
1622916000000,0.06463,0.06506,0.06446,0.06501,2381.4
1622919600000,0.06501,0.06585,0.06494,0.06581,3033.2
1622923200000,0.06585,0.06636,0.06564,0.06612,4558.8
1622926800000,0.0662,0.06747,0.06594,0.06679,9283.0
1622930400000,0.0669,0.0669,0.0659,0.0659,2839.6
1622934000000,0.06589,0.06589,0.06545,0.06567,3250.4
1622937600000,0.06571,0.06597,0.06554,0.06588,2142.4
1622941200000,0.06589,0.06589,0.06542,0.06571,3210.4
1622944800000,0.06571,0.06585,0.06536,0.06554,4027.8
1622948400000,0.06554,0.0664,0.06554,0.06604,3082.5
1622952000000,0.06602,0.06604,0.06542,0.06554,2796.1
1622955600000,0.06554,0.06684,0.06554,0.06566,7404.2
1622959200000,0.06566,0.06633,0.06557,0.06611,2939.3
1622962800000,0.06609,0.06621,0.06588,0.06604,1353.8
1622966400000,0.0661,0.06651,0.06594,0.06642,3378.5
1622970000000,0.06641,0.06646,0.06614,0.06645,3097.8
1622973600000,0.06642,0.06656,0.06596,0.06617,4705.8
1622977200000,0.0662,0.0662,0.0659,0.06606,2147.5
1622980800000,0.06605,0.06629,0.06597,0.0662,2697.5
1622984400000,0.06614,0.06667,0.06596,0.06654,3779.3
1622988000000,0.0666,0.0666,0.06583,0.06583,2773.9
1622991600000,0.06584,0.0665,0.0658,0.0662,2540.0
1622995200000,0.06628,0.06655,0.06615,0.0662,1798.5
1622998800000,0.06633,0.06639,0.06597,0.06619,1057.8
1623002400000,0.06619,0.06654,0.06612,0.06648,1248.1
1623006000000,0.06647,0.06652,0.06601,0.06617,1509.6
1623009600000,0.06626,0.06631,0.06577,0.06593,1542.9
1623013200000,0.06586,0.06648,0.06571,0.06631,3486.3
1623016800000,0.06634,0.06646,0.06587,0.06596,3033.6
1623020400000,0.06586,0.06596,0.06558,0.06574,1476.6
1623024000000,0.06568,0.06602,0.06539,0.06588,5486.0
1623027600000,0.06589,0.06609,0.06494,0.06516,4930.5
1623031200000,0.0652,0.0658,0.06494,0.0658,4504.9
1623034800000,0.06581,0.06625,0.06567,0.06621,5019.5
1623038400000,0.06622,0.06633,0.06575,0.06604,2439.2
1623042000000,0.0661,0.0665,0.06606,0.06643,2984.2
1623045600000,0.06647,0.06694,0.06631,0.06632,2905.4
1623049200000,0.0664,0.06646,0.06603,0.06626,1819.8
1623052800000,0.06628,0.06646,0.06594,0.06599,2897.3
1623056400000,0.06604,0.06622,0.06586,0.06619,3766.1
1623060000000,0.06614,0.06703,0.06554,0.06686,6874.0
1623063600000,0.06681,0.0685,0.06677,0.06813,10882.2
1623067200000,0.06816,0.06831,0.06736,0.06741,4765.3
1623070800000,0.06738,0.06783,0.06738,0.06761,1736.3
1623074400000,0.06762,0.0678,0.06742,0.06755,1461.6
1623078000000,0.06753,0.06808,0.06753,0.06806,2043.0
1623081600000,0.0681,0.06852,0.06795,0.06836,4624.5
1623085200000,0.06836,0.06864,0.0682,0.06827,3862.4
1623088800000,0.06831,0.06835,0.06768,0.0678,4471.8
1623092400000,0.06768,0.06771,0.06715,0.0672,4173.1
1623096000000,0.06727,0.06823,0.06711,0.06781,11711.1
1623099600000,0.0678,0.06867,0.06722,0.06738,16695.7
1623103200000,0.06742,0.06757,0.06678,0.06717,4998.2
1623106800000,0.06718,0.06781,0.06687,0.06781,6518.3
1623110400000,0.06783,0.06788,0.06647,0.06681,6460.5
1623114000000,0.06685,0.0672,0.06661,0.06709,3588.3
1623117600000,0.06698,0.06744,0.0665,0.06742,7533.9
1623121200000,0.06745,0.06857,0.06698,0.06726,12224.0
1623124800000,0.06728,0.06738,0.06666,0.06677,6144.6
1623128400000,0.06667,0.06737,0.06661,0.06737,5063.1
1623132000000,0.06734,0.06735,0.06661,0.067,4071.0
1623135600000,0.06697,0.06756,0.06672,0.06693,7783.8
1623139200000,0.06697,0.06697,0.06621,0.06673,5454.4
1623142800000,0.06676,0.06708,0.06633,0.06644,5447.5
1623146400000,0.06643,0.06667,0.0661,0.06651,5356.4
1623150000000,0.0665,0.0665,0.06594,0.06609,4051.0
1623153600000,0.06613,0.06628,0.06584,0.06612,5728.5
1623157200000,0.06611,0.06636,0.06584,0.06609,3597.5
1623160800000,0.06602,0.06653,0.06507,0.06552,17317.3
1623164400000,0.06546,0.06578,0.06378,0.06514,22847.0
1623168000000,0.06513,0.06559,0.06477,0.06519,14083.0
1623171600000,0.06519,0.06567,0.065,0.06566,4174.3
1623175200000,0.06567,0.06596,0.06542,0.06573,4431.9
1623178800000,0.06571,0.06694,0.06571,0.06678,4726.2
1623182400000,0.06678,0.06734,0.06645,0.06672,6887.9
1623186000000,0.06676,0.06733,0.06665,0.06674,4015.3
1623189600000,0.06674,0.0672,0.06666,0.067,2206.7
1623193200000,0.06697,0.06699,0.06596,0.06645,4981.2
1623196800000,0.06653,0.06706,0.06647,0.06691,2775.6
1623200400000,0.06696,0.06768,0.06671,0.06697,4465.3
1623204000000,0.06697,0.06723,0.06589,0.06589,10681.0
1623207600000,0.06599,0.06681,0.06599,0.06664,3984.0
1623211200000,0.06668,0.06669,0.06589,0.06626,4889.2
1623214800000,0.06629,0.06653,0.06594,0.06626,6701.1
1623218400000,0.06627,0.06666,0.0661,0.06624,5491.2
1623222000000,0.06626,0.06671,0.06592,0.06645,7103.5
1623225600000,0.06644,0.06673,0.06617,0.06617,6710.9
1623229200000,0.06625,0.06631,0.066,0.06631,3438.1
1623232800000,0.06624,0.0664,0.06585,0.06617,6849.3
1623236400000,0.06614,0.06649,0.06579,0.06649,8969.0
1623240000000,0.06639,0.06807,0.06624,0.06765,19636.9
1623243600000,0.06758,0.06774,0.06716,0.06731,5262.1
1623247200000,0.06723,0.06723,0.06605,0.0662,6779.5
1623250800000,0.06628,0.06717,0.06577,0.06663,12664.5
1623254400000,0.06672,0.06742,0.06616,0.06617,9939.9
1623258000000,0.06624,0.06642,0.06558,0.06568,4508.2
1623261600000,0.06573,0.06654,0.06556,0.0662,3201.6
1623265200000,0.06624,0.06634,0.06585,0.06585,4591.4
1623268800000,0.0659,0.06625,0.06582,0.06606,1732.1
1623272400000,0.06602,0.06636,0.06575,0.06609,2728.0
1623276000000,0.06603,0.06711,0.06566,0.06676,8651.0
1623279600000,0.06675,0.06724,0.06675,0.0668,4916.3
1623283200000,0.06683,0.06753,0.06665,0.06728,3897.7
1623286800000,0.06731,0.06774,0.06697,0.06712,5050.2
1623290400000,0.06704,0.06717,0.06668,0.06673,6537.4
1623294000000,0.06668,0.06675,0.06609,0.0664,2113.3
1623297600000,0.06643,0.06685,0.06632,0.06647,1945.4
1623301200000,0.0665,0.06701,0.06643,0.0668,2659.7
1623304800000,0.06678,0.06695,0.06641,0.06676,4642.2
1623308400000,0.06684,0.06721,0.06677,0.06681,3517.2
1623312000000,0.06689,0.06748,0.06658,0.06735,6519.0
1623315600000,0.06732,0.06756,0.06719,0.06744,4256.4
1623319200000,0.06746,0.06764,0.06687,0.0671,5641.4
1623322800000,0.06713,0.06739,0.06697,0.06707,3523.2
1623326400000,0.06707,0.06747,0.06701,0.06747,2691.3
1623330000000,0.06748,0.06753,0.06697,0.06697,5842.7
1623333600000,0.06705,0.06725,0.06668,0.06711,5585.6
1623337200000,0.06711,0.06747,0.06672,0.06725,2978.2
1623340800000,0.06722,0.06735,0.06682,0.0673,2884.0
1623344400000,0.0673,0.06745,0.0666,0.06714,10536.7
1623348000000,0.06707,0.06707,0.06676,0.06693,1537.5
1623351600000,0.06693,0.067,0.06636,0.0668,5174.8
1623355200000,0.06684,0.06724,0.06667,0.06675,4457.7
1623358800000,0.06678,0.06702,0.06633,0.06689,2813.3
1623362400000,0.06683,0.06708,0.0666,0.06692,5411.4
1623366000000,0.06687,0.06706,0.06667,0.06699,2303.1
1623369600000,0.067,0.0672,0.06666,0.06672,6788.0
1623373200000,0.06673,0.06702,0.06647,0.06647,5856.4
1623376800000,0.06644,0.06645,0.06551,0.06563,3936.7
1623380400000,0.06565,0.06574,0.06495,0.06506,4898.1
1623384000000,0.06511,0.06549,0.06491,0.065,3848.0
1623387600000,0.06496,0.06496,0.06452,0.06477,4336.1
1623391200000,0.06474,0.0649,0.06453,0.06476,2153.6
1623394800000,0.0648,0.06481,0.06431,0.06444,3201.1
1623398400000,0.06449,0.06471,0.06401,0.06406,3201.6
1623402000000,0.064,0.06428,0.06308,0.06343,6906.6
1623405600000,0.06339,0.06372,0.0631,0.06364,5258.8
1623409200000,0.06363,0.06385,0.06345,0.06373,1729.4
1623412800000,0.06371,0.06371,0.06327,0.06339,1696.3
1623416400000,0.06338,0.06388,0.06327,0.06375,3656.4
1623420000000,0.06384,0.06391,0.06343,0.06344,3572.4
1623423600000,0.06352,0.0636,0.06287,0.06297,4661.2
1623427200000,0.0629,0.06345,0.06235,0.06235,5109.6
1623430800000,0.06232,0.06256,0.06222,0.0624,1818.6
1623434400000,0.06239,0.06276,0.06223,0.06261,3172.1
1623438000000,0.06261,0.06289,0.06257,0.06279,891.8
1623441600000,0.06284,0.06301,0.06234,0.06255,2428.5
1623445200000,0.06258,0.06272,0.06162,0.06239,9686.3
1623448800000,0.06248,0.06331,0.06248,0.06331,5653.2
1623452400000,0.06331,0.06389,0.06288,0.0631,13474.2
1623456000000,0.06321,0.06356,0.06282,0.06327,4121.2
1623459600000,0.0633,0.06338,0.06276,0.06278,4180.0
1623463200000,0.06277,0.06295,0.06247,0.06261,5744.7
1623466800000,0.06262,0.06282,0.06238,0.06251,4864.1
1623470400000,0.06249,0.0631,0.06212,0.0631,4306.4
1623474000000,0.06312,0.06328,0.06192,0.06192,5048.6
1623477600000,0.06193,0.062,0.06116,0.06163,6913.4
1623481200000,0.06163,0.0618,0.06135,0.06158,6086.9
1623484800000,0.06158,0.06197,0.06153,0.06184,2132.6
1623488400000,0.06177,0.06218,0.06167,0.06214,2622.8
1623492000000,0.06216,0.06335,0.06187,0.06324,7378.6
1623495600000,0.06327,0.06335,0.06273,0.0633,3383.7
1623499200000,0.06332,0.06338,0.06242,0.06324,6468.1
1623502800000,0.06331,0.06341,0.06291,0.063,5701.7
1623506400000,0.06303,0.06316,0.06288,0.06291,3971.9
1623510000000,0.06292,0.06336,0.06253,0.06253,3153.3
1623513600000,0.06252,0.06313,0.06241,0.06278,3426.7
1623517200000,0.06289,0.06307,0.06252,0.0629,3011.8
1623520800000,0.0629,0.06301,0.06244,0.06277,2812.3
1623524400000,0.06275,0.06275,0.06232,0.06242,1213.5
1623528000000,0.06237,0.06299,0.06237,0.06266,4217.4
1623531600000,0.06267,0.06295,0.06236,0.06277,4379.2
1623535200000,0.06279,0.06288,0.06222,0.06239,5925.4
1623538800000,0.06237,0.0624,0.06189,0.06191,1539.3
1623542400000,0.0619,0.06247,0.06184,0.06223,2531.4
1623546000000,0.0623,0.06275,0.06227,0.0624,2893.1
1623549600000,0.06242,0.06247,0.06208,0.06231,1456.1
1623553200000,0.06228,0.06235,0.06171,0.06172,2699.2
1623556800000,0.06175,0.06193,0.06157,0.06168,3027.4
1623560400000,0.06163,0.06163,0.06101,0.06101,6107.9
1623564000000,0.06111,0.06163,0.06102,0.06162,8993.8
1623567600000,0.06155,0.06186,0.06137,0.06161,4328.6
1623571200000,0.0616,0.06188,0.06127,0.06168,2883.6
1623574800000,0.06172,0.06205,0.06165,0.06198,2566.4
1623578400000,0.06201,0.06211,0.06177,0.06182,1421.3
1623582000000,0.06183,0.06201,0.06179,0.06201,1259.6
1623585600000,0.06201,0.06221,0.06186,0.06201,1666.7
1623589200000,0.06192,0.06239,0.06192,0.06225,3000.0
1623592800000,0.06218,0.06233,0.06184,0.0619,1805.2
1623596400000,0.06194,0.06231,0.06188,0.06197,3209.6
1623600000000,0.06186,0.0632,0.06182,0.06287,7802.5
1623603600000,0.06297,0.06325,0.06254,0.06282,5551.1
1623607200000,0.06287,0.06307,0.06219,0.06246,8339.8
1623610800000,0.06244,0.06262,0.0622,0.06249,3905.2
1623614400000,0.06247,0.06445,0.0619,0.06375,23350.3
1623618000000,0.06372,0.06449,0.06368,0.06398,8209.0
1623621600000,0.06389,0.06418,0.06356,0.06384,3823.1
1623625200000,0.06382,0.0639,0.06337,0.06356,3505.0
1623628800000,0.06344,0.06359,0.06313,0.06332,4459.6
1623632400000,0.06338,0.06356,0.06297,0.0631,4209.4
1623636000000,0.06309,0.06314,0.06278,0.06309,2642.0
1623639600000,0.0631,0.06356,0.06297,0.06343,3589.3
1623643200000,0.06342,0.06366,0.06332,0.06346,2083.1
1623646800000,0.06342,0.06386,0.06334,0.06359,3518.6
1623650400000,0.06353,0.06381,0.06328,0.06341,2500.8
1623654000000,0.06341,0.06356,0.06312,0.06355,2431.5
1623657600000,0.06351,0.06375,0.0633,0.06354,22042.3
1623661200000,0.06355,0.06361,0.06323,0.06329,5327.2
1623664800000,0.0633,0.06375,0.06324,0.06374,3545.7
1623668400000,0.06366,0.06384,0.0636,0.06374,2591.9
1623672000000,0.06373,0.06408,0.06346,0.0639,4972.8
1623675600000,0.0638,0.06463,0.06325,0.06413,15183.7
1623679200000,0.06421,0.06421,0.0624,0.06384,10966.9
1623682800000,0.06384,0.06402,0.06338,0.06361,3371.7
1623686400000,0.06366,0.06457,0.06353,0.06441,8247.3
1623690000000,0.06443,0.06535,0.06441,0.06489,4671.6
1623693600000,0.06491,0.06501,0.06458,0.06477,2107.1
1623697200000,0.06476,0.06481,0.06434,0.06456,2648.5
1623700800000,0.06448,0.06464,0.06432,0.06449,2431.0
1623704400000,0.06451,0.06497,0.06446,0.06465,3297.9
1623708000000,0.06461,0.06511,0.06438,0.06491,2297.1
1623711600000,0.06489,0.06535,0.06463,0.06526,3884.4
1623715200000,0.06521,0.06552,0.06511,0.06533,3295.5
1623718800000,0.06527,0.06538,0.06513,0.06525,3026.2
1623722400000,0.06531,0.06559,0.06513,0.06515,1099.7
1623726000000,0.06525,0.06526,0.06461,0.06472,2248.1
1623729600000,0.06463,0.06523,0.06434,0.0652,5558.0
1623733200000,0.06509,0.06558,0.06496,0.06496,3251.5
1623736800000,0.06494,0.06513,0.06474,0.06476,2513.2
1623740400000,0.06473,0.06493,0.06451,0.06489,1442.6
1623744000000,0.0648,0.06483,0.0645,0.06453,3284.9
1623747600000,0.06452,0.06472,0.06435,0.06462,3299.1
1623751200000,0.06457,0.06468,0.06443,0.06465,1853.8
1623754800000,0.06468,0.06475,0.06446,0.06466,3054.5
1623758400000,0.06467,0.06496,0.0646,0.06485,3062.5
1623762000000,0.06489,0.06491,0.06458,0.06482,1690.6
1623765600000,0.06474,0.06475,0.0641,0.0641,4296.7
1623769200000,0.06412,0.06433,0.06396,0.06407,2706.3
1623772800000,0.06412,0.0642,0.06396,0.06411,1806.3
1623776400000,0.06414,0.06445,0.06398,0.06399,2208.2
1623780000000,0.06396,0.06429,0.06393,0.0641,4643.4
1623783600000,0.06407,0.06417,0.06371,0.06375,1744.6
1623787200000,0.06372,0.06402,0.06362,0.06391,2668.0
1623790800000,0.06386,0.06398,0.06366,0.06381,949.2
1623794400000,0.06384,0.06426,0.06384,0.06413,2281.1
1623798000000,0.06403,0.06416,0.06384,0.06395,1258.1
1623801600000,0.06391,0.06417,0.06364,0.06417,2527.0
1623805200000,0.06408,0.06429,0.06397,0.06425,2767.5
1623808800000,0.06424,0.06429,0.06393,0.06417,2253.1
1623812400000,0.06413,0.06452,0.06403,0.06438,2095.7
1623816000000,0.06445,0.06445,0.06406,0.06407,1487.1
1623819600000,0.06407,0.06414,0.06385,0.06398,1274.6
1623823200000,0.06405,0.06417,0.06394,0.06416,896.2
1623826800000,0.06417,0.06426,0.06385,0.06393,904.4
1623830400000,0.06393,0.06399,0.06341,0.06355,1394.3
1623834000000,0.06346,0.06355,0.06309,0.06314,2669.1
1623837600000,0.06311,0.0632,0.0629,0.06302,1893.0
1623841200000,0.06293,0.06358,0.06279,0.06317,4465.8
1623844800000,0.06317,0.06348,0.06302,0.06335,2575.5
1623848400000,0.06336,0.0634,0.06287,0.06313,2685.5
1623852000000,0.06313,0.06355,0.06303,0.06353,2348.4
1623855600000,0.06341,0.06343,0.06304,0.06305,2951.2
1623859200000,0.06302,0.06351,0.063,0.0631,6126.4
1623862800000,0.06309,0.06343,0.06309,0.06333,2418.7
1623866400000,0.06335,0.06351,0.06302,0.06332,2481.2
1623870000000,0.0633,0.0636,0.06323,0.06339,1832.8
1623873600000,0.06341,0.06363,0.06322,0.06323,1461.3
1623877200000,0.06323,0.06323,0.06283,0.06307,1636.3
1623880800000,0.06306,0.06313,0.06284,0.0629,1688.0
1623884400000,0.06293,0.06296,0.06263,0.06286,2497.3
1623888000000,0.06288,0.0634,0.06282,0.06327,2188.0
1623891600000,0.06337,0.06349,0.06317,0.06322,2546.3
1623895200000,0.06324,0.06354,0.06312,0.06317,2362.6
1623898800000,0.06314,0.06376,0.06299,0.06353,4186.1
1623902400000,0.0635,0.06356,0.06308,0.06323,5180.2
1623906000000,0.06324,0.06345,0.06302,0.06302,3889.4
1623909600000,0.063,0.06336,0.06291,0.06327,2816.1
1623913200000,0.06327,0.0635,0.06308,0.06313,2154.8
1623916800000,0.06308,0.06345,0.06304,0.06336,1812.1
1623920400000,0.06338,0.06349,0.06295,0.06309,1583.3
1623924000000,0.06312,0.06325,0.0629,0.06291,1591.0
1623927600000,0.06289,0.06325,0.06289,0.06316,1927.5
1623931200000,0.06309,0.06309,0.06264,0.06273,2097.7
1623934800000,0.06284,0.06305,0.06275,0.06288,1883.9
1623938400000,0.06293,0.06294,0.06257,0.06271,1362.4
1623942000000,0.0627,0.06287,0.0626,0.06281,1549.1
1623945600000,0.06278,0.06278,0.06225,0.06231,2087.9
1623949200000,0.06229,0.0623,0.06175,0.06205,4252.7
1623952800000,0.06202,0.06213,0.06184,0.06197,2369.7
1623956400000,0.06197,0.06235,0.06197,0.06234,1184.7
1623960000000,0.06235,0.06259,0.06221,0.06237,1905.7
1623963600000,0.06233,0.06233,0.062,0.06233,1681.7
1623967200000,0.06236,0.06268,0.06227,0.06255,1753.1
1623970800000,0.06258,0.0631,0.0625,0.06286,2967.8
1623974400000,0.06285,0.06292,0.06245,0.06245,1736.9
1623978000000,0.06251,0.06259,0.06191,0.06196,2075.7
1623981600000,0.06194,0.06215,0.06166,0.06196,4756.8
1623985200000,0.06193,0.062,0.06117,0.06129,2594.1
1623988800000,0.0613,0.06167,0.061,0.06166,2395.1
1623992400000,0.06166,0.06189,0.0613,0.06132,2122.3
1623996000000,0.06141,0.06141,0.06109,0.06121,878.5
1623999600000,0.06121,0.06133,0.06105,0.06112,674.3
1624003200000,0.06115,0.06165,0.06114,0.06132,1716.8
1624006800000,0.06129,0.06141,0.06059,0.06071,2555.4
1624010400000,0.0606,0.06098,0.06046,0.06098,2976.7
1624014000000,0.061,0.06115,0.06079,0.06085,2312.3
1624017600000,0.06094,0.06094,0.0604,0.06043,1886.7
1624021200000,0.06052,0.06068,0.06024,0.06026,4997.4
1624024800000,0.06026,0.0608,0.06,0.0608,6200.5
1624028400000,0.06083,0.06108,0.06,0.0606,11172.2
1624032000000,0.06058,0.06095,0.06046,0.06077,3961.3
1624035600000,0.06073,0.06083,0.0604,0.06054,2763.4
1624039200000,0.06055,0.06061,0.05974,0.05977,5452.5
1624042800000,0.05981,0.06033,0.05968,0.05968,4426.6
1624046400000,0.05967,0.06034,0.05966,0.06011,3393.2
1624050000000,0.06022,0.06048,0.06017,0.06041,1532.2
1624053600000,0.06042,0.06059,0.06002,0.06028,2474.1
1624057200000,0.0603,0.06052,0.06,0.06051,2205.0
1624060800000,0.06053,0.06101,0.06047,0.06082,4221.7
1624064400000,0.06079,0.06097,0.06073,0.06079,1984.6
1624068000000,0.06077,0.06095,0.06022,0.06022,1667.2
1624071600000,0.06017,0.06035,0.05997,0.05997,1968.4
1624075200000,0.06006,0.06055,0.05977,0.06048,8368.9
1624078800000,0.06048,0.0608,0.06013,0.06073,2719.3
1624082400000,0.06078,0.06088,0.06061,0.0608,2696.0
1624086000000,0.06071,0.06089,0.06055,0.0607,1144.1
1624089600000,0.06067,0.06095,0.06055,0.06056,1693.5
1624093200000,0.06053,0.06069,0.06035,0.06043,1254.5
1624096800000,0.06041,0.06083,0.06036,0.06063,2817.2
1624100400000,0.06055,0.06098,0.06052,0.06057,2005.4
1624104000000,0.06065,0.06094,0.06053,0.06075,4356.2
1624107600000,0.06076,0.06087,0.06035,0.06035,1968.7
1624111200000,0.0604,0.06063,0.06017,0.06017,3635.3
1624114800000,0.06015,0.06052,0.06012,0.06049,2205.2
1624118400000,0.06051,0.06054,0.06023,0.06038,1839.6
1624122000000,0.06037,0.06047,0.06015,0.06047,1169.4
1624125600000,0.06035,0.06042,0.0601,0.06019,2590.5
1624129200000,0.06019,0.06029,0.05991,0.06008,1560.0
1624132800000,0.0601,0.06016,0.05985,0.06005,1448.6
1624136400000,0.06,0.06,0.05949,0.05959,2496.1
1624140000000,0.05961,0.05964,0.05929,0.05938,2018.8
1624143600000,0.05929,0.05954,0.0592,0.0592,1690.3
1624147200000,0.05919,0.05938,0.05854,0.05884,3832.0
1624150800000,0.05892,0.05904,0.05874,0.05886,984.6
1624154400000,0.05885,0.05901,0.05868,0.05898,1300.7
1624158000000,0.05893,0.05951,0.05884,0.05945,1964.1
1624161600000,0.0594,0.06018,0.05925,0.05995,6329.3
1624165200000,0.05992,0.06012,0.05982,0.05983,1798.4
1624168800000,0.05992,0.06022,0.05972,0.05993,1605.2
1624172400000,0.05994,0.06006,0.05979,0.05995,2855.1
1624176000000,0.05996,0.06009,0.05981,0.05981,1702.8
1624179600000,0.05979,0.05997,0.05954,0.05954,1562.0
1624183200000,0.05952,0.0602,0.05933,0.05975,5354.7
1624186800000,0.0597,0.06007,0.0594,0.05974,7417.7
1624190400000,0.05974,0.06017,0.0597,0.05998,6133.6
1624194000000,0.05995,0.0603,0.05984,0.0603,3533.1
1624197600000,0.06018,0.06031,0.05993,0.06004,2709.6
1624201200000,0.06005,0.06007,0.05976,0.0599,2788.1
1624204800000,0.05988,0.0601,0.05968,0.05978,2616.6
1624208400000,0.05978,0.06001,0.05964,0.05988,2043.8
1624212000000,0.05985,0.06027,0.0598,0.06015,2242.4
1624215600000,0.06019,0.061,0.06019,0.06093,2947.8
1624219200000,0.06095,0.06162,0.06087,0.06152,4242.0
1624222800000,0.06148,0.06184,0.06133,0.06177,3340.4
1624226400000,0.06174,0.06186,0.06115,0.06143,3370.6
1624230000000,0.06143,0.06144,0.06095,0.06109,2037.4
1624233600000,0.06109,0.06113,0.06046,0.06059,1660.6
1624237200000,0.06062,0.06103,0.06052,0.06089,4071.9
1624240800000,0.06092,0.06117,0.06053,0.06071,3376.8
1624244400000,0.06068,0.06076,0.05997,0.06023,3101.3
1624248000000,0.0602,0.06041,0.05935,0.05974,5607.0
1624251600000,0.05974,0.0599,0.05895,0.05937,5327.5
1624255200000,0.05938,0.05968,0.05794,0.05817,11355.4
1624258800000,0.05812,0.05831,0.05736,0.05759,4694.0
1624262400000,0.05765,0.05772,0.05737,0.05749,3369.0
1624266000000,0.05752,0.0577,0.0568,0.05697,7489.9
1624269600000,0.05673,0.05731,0.05666,0.05683,5212.8
1624273200000,0.05692,0.05748,0.05637,0.0573,5432.6
1624276800000,0.05728,0.05737,0.05702,0.05728,1226.9
1624280400000,0.05741,0.05763,0.0571,0.05743,2151.4
1624284000000,0.05739,0.05793,0.05709,0.0578,3142.8
1624287600000,0.0578,0.05792,0.05714,0.05724,2198.9
1624291200000,0.05714,0.0572,0.05627,0.05683,2678.5
1624294800000,0.05675,0.05696,0.05649,0.05673,2050.5
1624298400000,0.05672,0.05696,0.05637,0.05695,1090.1
1624302000000,0.05697,0.05717,0.05671,0.05713,1621.4
1624305600000,0.05714,0.05727,0.05677,0.05709,2922.6
1624309200000,0.05724,0.05824,0.05712,0.05791,2851.9
1624312800000,0.05791,0.05824,0.0571,0.05744,3554.4
1624316400000,0.0581,0.05873,0.05761,0.05841,3422.8
1624320000000,0.05823,0.05905,0.05795,0.05804,3672.6
1624323600000,0.05803,0.05934,0.05784,0.05886,5336.3
1624327200000,0.05887,0.05929,0.05841,0.05862,3651.6
1624330800000,0.0586,0.05941,0.05855,0.05885,7999.7
1624334400000,0.0588,0.05895,0.05818,0.05835,2801.2
1624338000000,0.05836,0.0586,0.05808,0.05829,3924.1
1624341600000,0.05827,0.05855,0.05799,0.05814,2252.0
1624345200000,0.05818,0.05834,0.05795,0.05834,5257.4
1624348800000,0.05832,0.05895,0.05805,0.05805,7402.4
1624352400000,0.05803,0.05846,0.0575,0.05825,7895.6
1624356000000,0.05833,0.05933,0.05806,0.05916,12717.3
1624359600000,0.05917,0.05964,0.059,0.0591,8633.3
1624363200000,0.059,0.06062,0.05823,0.06035,32737.8
1624366800000,0.06033,0.06474,0.05993,0.06143,26769.6
1624370400000,0.06141,0.06141,0.0604,0.06086,24194.4
1624374000000,0.06078,0.06188,0.0604,0.06146,40129.3
1624377600000,0.06148,0.06291,0.06097,0.06217,14609.1
1624381200000,0.06222,0.06274,0.06193,0.0621,9504.1
1624384800000,0.06211,0.06268,0.0619,0.06259,9315.7
1624388400000,0.06249,0.06302,0.06218,0.06243,6246.3
1624392000000,0.0623,0.06252,0.06185,0.0622,5671.1
1624395600000,0.06219,0.06243,0.06144,0.06202,8422.7
1624399200000,0.06196,0.06216,0.0615,0.06175,3213.2
1624402800000,0.06187,0.06262,0.06174,0.06256,3558.0
1624406400000,0.06262,0.06325,0.06234,0.06305,15297.9
1624410000000,0.06303,0.06309,0.06195,0.06263,10384.6
1624413600000,0.06263,0.06312,0.06225,0.06287,11417.5
1624417200000,0.06276,0.06332,0.06274,0.0629,4815.1
1624420800000,0.06288,0.06293,0.06183,0.06199,4376.4
1624424400000,0.062,0.06257,0.06196,0.06244,4681.1
1624428000000,0.06242,0.06251,0.06175,0.06209,4079.7
1624431600000,0.06196,0.06199,0.06133,0.06155,2505.8
1624435200000,0.06149,0.06176,0.06138,0.06149,2898.2
1624438800000,0.0615,0.0618,0.06147,0.06157,1327.0
1624442400000,0.06157,0.06193,0.06147,0.06185,2343.3
1624446000000,0.06186,0.06186,0.06116,0.06172,7280.1
1624449600000,0.06178,0.06193,0.06108,0.06108,3652.3
1624453200000,0.06106,0.06128,0.05969,0.0601,13438.9
1624456800000,0.0602,0.06032,0.05977,0.06007,3966.2
1624460400000,0.06014,0.06078,0.06013,0.0606,5585.1
1624464000000,0.0606,0.06084,0.06032,0.06066,3898.5
1624467600000,0.06071,0.06071,0.0604,0.06043,3607.1
1624471200000,0.06049,0.06122,0.06044,0.06072,6676.5
1624474800000,0.06065,0.06079,0.06045,0.06053,4996.0
1624478400000,0.06064,0.06113,0.05984,0.06113,8860.5
1624482000000,0.06114,0.06116,0.06048,0.06048,4309.5
1624485600000,0.06059,0.06073,0.05996,0.06019,2583.1
1624489200000,0.06021,0.06025,0.05974,0.06013,2849.5
1624492800000,0.06018,0.06023,0.05979,0.05983,2795.8
1624496400000,0.05983,0.05984,0.05934,0.05945,4635.9
1624500000000,0.05939,0.05962,0.05859,0.05861,5163.7
1624503600000,0.05867,0.05956,0.0586,0.05956,3365.6
1624507200000,0.05954,0.05954,0.05898,0.05902,2787.1
1624510800000,0.05906,0.05915,0.05886,0.05903,1955.1
1624514400000,0.05898,0.05915,0.05858,0.05858,4236.6
1624518000000,0.05857,0.05861,0.05669,0.05731,15051.9
1624521600000,0.05734,0.05741,0.05641,0.05691,8515.2
1624525200000,0.05689,0.05708,0.05653,0.05676,5911.8
1624528800000,0.05676,0.05709,0.0566,0.05709,2909.3
1624532400000,0.0571,0.05731,0.05679,0.05731,5369.8
1624536000000,0.0572,0.05742,0.05695,0.05705,13147.4
1624539600000,0.05702,0.05737,0.05697,0.05716,3580.3
1624543200000,0.05712,0.05749,0.05698,0.05745,4009.7
1624546800000,0.05745,0.05881,0.05732,0.05847,12635.3
1624550400000,0.05847,0.05881,0.05811,0.05823,6114.3
1624554000000,0.05816,0.05913,0.05816,0.05879,5424.5
1624557600000,0.05873,0.05919,0.05838,0.05858,8133.7
1624561200000,0.05856,0.05879,0.05844,0.05878,2535.8
1624564800000,0.0588,0.05882,0.05837,0.05852,1927.0
1624568400000,0.05852,0.05865,0.05819,0.05845,2091.7
1624572000000,0.05852,0.05868,0.05811,0.05827,3026.1
1624575600000,0.05821,0.05856,0.05813,0.05852,5903.0
1624579200000,0.05858,0.05871,0.05803,0.05806,3311.3
1624582800000,0.05809,0.05859,0.05809,0.05847,3176.1
1624586400000,0.05857,0.05873,0.05821,0.05827,5021.4
1624590000000,0.05835,0.05857,0.05823,0.05839,2488.9
1624593600000,0.0584,0.05849,0.05807,0.05819,3118.4
1624597200000,0.05821,0.0583,0.05799,0.05801,2546.0
1624600800000,0.05803,0.0582,0.05773,0.0582,2615.9
1624604400000,0.05825,0.05885,0.05825,0.05858,3979.2
1624608000000,0.05859,0.05887,0.05839,0.05847,2944.2
1624611600000,0.05853,0.05875,0.05815,0.05859,3769.3
1624615200000,0.05863,0.05863,0.05761,0.05766,4057.0
1624618800000,0.05768,0.05768,0.05597,0.05615,22759.0
1624622400000,0.05618,0.05637,0.05602,0.05621,4192.1
1624626000000,0.05623,0.05639,0.05592,0.05628,4119.0
1624629600000,0.05627,0.05632,0.05544,0.05565,6588.0
1624633200000,0.0556,0.05615,0.05513,0.056,5641.7
1624636800000,0.05601,0.05723,0.056,0.05719,6240.7
1624640400000,0.05715,0.05728,0.05682,0.05698,3652.1
1624644000000,0.05701,0.05736,0.05695,0.05703,2928.5
1624647600000,0.05704,0.05722,0.05668,0.05688,4430.7
1624651200000,0.05687,0.05728,0.05667,0.05707,3410.6
1624654800000,0.05704,0.0575,0.05698,0.05706,2331.8
1624658400000,0.05707,0.05733,0.05639,0.05639,2752.1
1624662000000,0.05639,0.05686,0.05639,0.05639,2986.8
1624665600000,0.05637,0.05691,0.05622,0.05691,2904.7
1624669200000,0.0568,0.05698,0.05653,0.05697,1882.3
1624672800000,0.05699,0.05716,0.0567,0.05701,2971.7
1624676400000,0.05707,0.05717,0.05687,0.05692,1576.9
1624680000000,0.05702,0.05712,0.05672,0.05672,1971.3
1624683600000,0.05676,0.05676,0.05634,0.05634,1879.9
1624687200000,0.05643,0.05671,0.05643,0.05648,1435.3
1624690800000,0.05643,0.05764,0.05625,0.0572,12580.5
1624694400000,0.05721,0.0576,0.05668,0.05693,5240.9
1624698000000,0.05696,0.05721,0.05668,0.05711,2291.7
1624701600000,0.05707,0.05824,0.05707,0.05804,3689.5
1624705200000,0.05805,0.05816,0.05774,0.058,3341.6
1624708800000,0.0581,0.0582,0.05766,0.05766,2328.2
1624712400000,0.05762,0.05787,0.05733,0.05756,3595.3
1624716000000,0.05758,0.05857,0.05756,0.05857,4366.5
1624719600000,0.0586,0.05875,0.05814,0.05829,3684.8
1624723200000,0.05828,0.05853,0.05818,0.05853,2166.3
1624726800000,0.05855,0.05857,0.05815,0.05838,2733.5
1624730400000,0.05834,0.05849,0.05818,0.05833,3144.1
1624734000000,0.0584,0.05852,0.05821,0.05839,1287.1
1624737600000,0.05832,0.05832,0.05784,0.05788,2112.8
1624741200000,0.05783,0.05806,0.0577,0.05786,1963.5
1624744800000,0.05784,0.05791,0.05742,0.05776,2039.0
1624748400000,0.05774,0.05779,0.05731,0.05759,2666.2
1624752000000,0.05769,0.05792,0.05726,0.05762,3371.7
1624755600000,0.0576,0.05822,0.0576,0.05819,5229.0
1624759200000,0.05812,0.05871,0.05783,0.05858,3765.1
1624762800000,0.05859,0.05875,0.05825,0.05831,1208.3
1624766400000,0.05824,0.05852,0.05824,0.0584,1158.1
1624770000000,0.0585,0.05901,0.0585,0.059,3505.7
1624773600000,0.059,0.05903,0.05827,0.05831,5951.7
1624777200000,0.05828,0.05832,0.05806,0.05832,1888.9
1624780800000,0.05834,0.05843,0.05788,0.05803,1603.8
1624784400000,0.05801,0.05822,0.05781,0.05781,3543.3
1624788000000,0.0578,0.0579,0.05732,0.05739,3819.9
1624791600000,0.05737,0.05758,0.05736,0.05747,2727.0
1624795200000,0.05739,0.05784,0.05737,0.05777,959.0
1624798800000,0.05782,0.05784,0.05749,0.05773,1765.7
1624802400000,0.05776,0.05825,0.05775,0.05825,1822.5
1624806000000,0.0582,0.05832,0.05792,0.05807,1724.6
1624809600000,0.05811,0.05863,0.05801,0.05863,2229.6
1624813200000,0.05852,0.05854,0.05834,0.05841,3491.1
1624816800000,0.05846,0.05871,0.05806,0.05818,2602.4
1624820400000,0.05808,0.05819,0.05782,0.0581,1330.4
1624824000000,0.05807,0.05814,0.05776,0.05782,1832.0
1624827600000,0.05787,0.0583,0.05787,0.05818,2890.8
1624831200000,0.05819,0.05924,0.05803,0.05882,5367.1
1624834800000,0.05881,0.05927,0.05866,0.05883,3978.0
1624838400000,0.05872,0.05935,0.05866,0.05915,4855.5
1624842000000,0.05916,0.05934,0.05907,0.05918,1678.4
1624845600000,0.05911,0.05925,0.05889,0.05907,1781.9
1624849200000,0.05904,0.05967,0.05897,0.05944,3121.1
1624852800000,0.05945,0.05986,0.05923,0.05968,2233.8
1624856400000,0.05962,0.05963,0.05935,0.05935,1368.0
1624860000000,0.05936,0.05972,0.05914,0.05972,2747.6
1624863600000,0.05963,0.06004,0.05934,0.05989,3551.0
1624867200000,0.05991,0.06031,0.05978,0.06021,2380.9
1624870800000,0.06025,0.06043,0.05959,0.0604,3914.1
1624874400000,0.06043,0.06051,0.05961,0.05966,8126.4
1624878000000,0.05966,0.05971,0.05942,0.05964,3881.7
1624881600000,0.05965,0.05973,0.05942,0.05961,5075.9
1624885200000,0.05954,0.05983,0.05939,0.05947,2602.8
1624888800000,0.05947,0.05995,0.05947,0.05993,2180.1
1624892400000,0.05995,0.06079,0.05995,0.06016,5231.1
1624896000000,0.06017,0.06054,0.05991,0.06019,5297.6
1624899600000,0.06017,0.06025,0.05982,0.05995,4452.6
1624903200000,0.05983,0.06058,0.05974,0.06058,2401.1
1624906800000,0.06059,0.06097,0.06033,0.06078,2013.3
1624910400000,0.06087,0.06116,0.06081,0.06116,1551.6
1624914000000,0.06117,0.06147,0.06093,0.06093,2636.6
1624917600000,0.06089,0.06125,0.06069,0.06114,3446.8
1624921200000,0.06101,0.06127,0.06088,0.06107,976.3
1624924800000,0.06117,0.06211,0.06107,0.06191,6076.3
1624928400000,0.06192,0.06206,0.06152,0.06175,2030.3
1624932000000,0.06171,0.06171,0.06115,0.06115,2117.3
1624935600000,0.06124,0.06127,0.06106,0.0612,720.4
1624939200000,0.0612,0.06175,0.0612,0.0613,2252.4
1624942800000,0.06122,0.06173,0.06106,0.06173,2175.2
1624946400000,0.06178,0.0622,0.0616,0.06172,3526.5
1624950000000,0.06174,0.062,0.06144,0.06145,3184.1
1624953600000,0.06145,0.06183,0.06134,0.06161,4447.3
1624957200000,0.0615,0.06202,0.06142,0.06163,4776.8
1624960800000,0.06159,0.06191,0.06115,0.06128,3182.6
1624964400000,0.0613,0.06179,0.0613,0.06153,4177.6
1624968000000,0.06158,0.06174,0.06089,0.06118,4754.3
1624971600000,0.06114,0.06149,0.06062,0.0609,6304.9
1624975200000,0.06094,0.06102,0.06051,0.06076,3409.3
1624978800000,0.06082,0.06117,0.06051,0.06117,6484.1
1624982400000,0.06119,0.06192,0.06083,0.06192,5835.5
1624986000000,0.06187,0.06201,0.06139,0.06139,3387.8
1624989600000,0.06138,0.06161,0.06118,0.06132,2163.4
1624993200000,0.06137,0.06173,0.0611,0.06149,2738.1
1624996800000,0.06147,0.06193,0.06133,0.06157,3049.4
1625000400000,0.06164,0.06168,0.0611,0.06154,1967.0
1625004000000,0.06147,0.06203,0.06144,0.06163,2048.0
1625007600000,0.06172,0.06206,0.06154,0.06206,2743.9
1625011200000,0.06194,0.06228,0.06176,0.0622,3779.4
1625014800000,0.06221,0.06221,0.06165,0.0621,5309.8
1625018400000,0.06212,0.06223,0.06191,0.06205,2808.2
1625022000000,0.06207,0.06207,0.06144,0.06172,4761.0
1625025600000,0.06164,0.06164,0.06062,0.06081,4068.1
1625029200000,0.06082,0.06098,0.06057,0.06072,1767.3
1625032800000,0.06073,0.06106,0.0607,0.06074,4513.4
1625036400000,0.06071,0.06108,0.06055,0.06095,1786.9
1625040000000,0.06104,0.06108,0.06088,0.0609,1800.5
1625043600000,0.06086,0.06138,0.06086,0.06108,4116.8
1625047200000,0.06115,0.06128,0.06093,0.06127,3694.7
1625050800000,0.06124,0.06169,0.06119,0.06169,2496.9
1625054400000,0.0617,0.06194,0.06147,0.06154,2514.3
1625058000000,0.06152,0.06155,0.06115,0.06144,2693.1
1625061600000,0.06141,0.06141,0.06071,0.06081,5114.5
1625065200000,0.0609,0.06119,0.06069,0.06086,8211.3
1625068800000,0.0609,0.0613,0.06085,0.06095,1861.9
1625072400000,0.06094,0.06153,0.06083,0.06153,2687.6
1625076000000,0.06147,0.06172,0.06142,0.06157,2288.4
1625079600000,0.06152,0.06192,0.06121,0.06134,3859.2
1625083200000,0.06135,0.06211,0.06134,0.06182,8178.5
1625086800000,0.06179,0.06214,0.06163,0.06214,3060.2
1625090400000,0.06203,0.06281,0.06191,0.06257,3821.3
1625094000000,0.06259,0.06357,0.06259,0.06348,6294.9
1625097600000,0.06348,0.06371,0.06307,0.06328,3241.4
1625101200000,0.06339,0.06363,0.06322,0.06326,1382.5
1625104800000,0.06333,0.06367,0.06262,0.06262,4556.8
1625108400000,0.06272,0.06349,0.06267,0.06287,4388.8
1625112000000,0.06287,0.06337,0.0627,0.06335,4195.8
1625115600000,0.06334,0.06389,0.06334,0.06386,3197.3
1625119200000,0.06385,0.06411,0.0636,0.06393,6651.3
1625122800000,0.06395,0.06403,0.0635,0.0635,2521.2
1625126400000,0.06349,0.06354,0.06276,0.06299,4157.1
1625130000000,0.06298,0.06306,0.06245,0.06288,2820.1
1625133600000,0.06291,0.06292,0.06222,0.06257,3135.2
1625137200000,0.06262,0.06363,0.0626,0.06341,5047.0
1625140800000,0.06338,0.06338,0.06284,0.06308,3495.2
1625144400000,0.06309,0.06333,0.06277,0.06279,1798.0
1625148000000,0.06281,0.06299,0.06243,0.06259,1989.3
1625151600000,0.0626,0.06303,0.06244,0.06279,3148.4
1625155200000,0.0628,0.06287,0.062,0.06205,4601.2
1625158800000,0.06204,0.06209,0.06169,0.06201,3122.6
1625162400000,0.06198,0.06252,0.06193,0.06238,2977.3
1625166000000,0.06238,0.06267,0.06208,0.0626,3426.1
1625169600000,0.06261,0.0629,0.06239,0.06239,1865.3
1625173200000,0.06248,0.06264,0.06239,0.06256,1530.3
1625176800000,0.06259,0.06271,0.06241,0.06259,1716.5
1625180400000,0.06258,0.06258,0.06187,0.06187,2715.4
1625184000000,0.06186,0.06257,0.06176,0.06257,3070.4
1625187600000,0.0625,0.06257,0.06191,0.06224,2861.3
1625191200000,0.06218,0.06247,0.06194,0.0622,3432.4
1625194800000,0.0621,0.06228,0.06171,0.06191,3913.3
1625198400000,0.06192,0.06211,0.06158,0.06169,3495.7
1625202000000,0.06171,0.06177,0.06105,0.06118,5234.7
1625205600000,0.06125,0.06141,0.06091,0.06126,3998.5
1625209200000,0.06124,0.06159,0.0612,0.06125,2191.7
1625212800000,0.06123,0.06168,0.06108,0.06152,3609.3
1625216400000,0.06142,0.06176,0.06137,0.06156,3685.2
1625220000000,0.06147,0.062,0.06126,0.062,2689.7
1625223600000,0.06196,0.06213,0.06164,0.06184,3858.2
1625227200000,0.06185,0.06236,0.06176,0.0623,3647.9
1625230800000,0.0623,0.06266,0.06212,0.06266,4179.9
1625234400000,0.0626,0.06331,0.0624,0.06322,2721.1
1625238000000,0.06332,0.06343,0.06285,0.06308,4791.6
1625241600000,0.06316,0.06333,0.06297,0.06311,2872.0
1625245200000,0.06315,0.06323,0.06267,0.06295,2941.9
1625248800000,0.06298,0.06298,0.06229,0.0625,2534.5
1625252400000,0.06245,0.06282,0.06228,0.06277,1851.8
1625256000000,0.06267,0.06275,0.06234,0.06248,1979.7
1625259600000,0.0625,0.06291,0.06248,0.06266,3013.0
1625263200000,0.06277,0.06336,0.06274,0.06332,4575.4
1625266800000,0.06332,0.06357,0.06316,0.06342,4939.1
1625270400000,0.06345,0.06355,0.06306,0.0631,1343.2
1625274000000,0.06315,0.06335,0.06296,0.06301,3688.7
1625277600000,0.06308,0.06334,0.06288,0.06301,1854.7
1625281200000,0.06292,0.06308,0.06277,0.06308,1323.8
1625284800000,0.06301,0.06317,0.06295,0.06306,1250.5
1625288400000,0.06296,0.06316,0.06289,0.06307,1128.5
1625292000000,0.06304,0.06305,0.06276,0.06282,2390.3
1625295600000,0.06285,0.06359,0.06235,0.06356,10047.9
1625299200000,0.0635,0.06428,0.0634,0.06427,4078.0
1625302800000,0.06427,0.06453,0.06388,0.06417,2727.5
1625306400000,0.06419,0.06427,0.06396,0.06402,1491.3
1625310000000,0.064,0.06435,0.06371,0.0642,2403.4
1625313600000,0.0642,0.06433,0.064,0.06417,1596.2
1625317200000,0.06415,0.06417,0.06375,0.06401,2819.2
1625320800000,0.06401,0.06438,0.06401,0.06427,1743.3
1625324400000,0.06425,0.06425,0.06339,0.06357,5231.7
1625328000000,0.0635,0.06355,0.06292,0.06292,2014.3
1625331600000,0.06291,0.06316,0.06262,0.06294,3786.9
1625335200000,0.06294,0.06338,0.06289,0.06321,1181.1
1625338800000,0.06318,0.06377,0.06318,0.0636,1498.9
1625342400000,0.06357,0.0637,0.06325,0.0637,1161.8
1625346000000,0.0637,0.06374,0.06336,0.06337,2000.7
1625349600000,0.06337,0.06389,0.06294,0.06374,5327.0
1625353200000,0.06383,0.06549,0.06355,0.06538,13332.1
1625356800000,0.06542,0.06559,0.06485,0.06502,4581.2
1625360400000,0.06502,0.06506,0.06463,0.06465,2623.2
1625364000000,0.06474,0.0653,0.06474,0.06523,2284.6
1625367600000,0.06527,0.0654,0.06497,0.06497,2152.5
1625371200000,0.06508,0.0652,0.06478,0.06478,1326.2
1625374800000,0.06475,0.06794,0.0647,0.06709,8516.2
1625378400000,0.06709,0.06747,0.06596,0.06648,7862.7
1625382000000,0.0665,0.06823,0.06639,0.06775,13884.9
1625385600000,0.06778,0.06828,0.06749,0.06806,4233.4
1625389200000,0.06806,0.06822,0.06752,0.06792,3973.5
1625392800000,0.06776,0.06821,0.06752,0.06803,2478.0
1625396400000,0.06794,0.06816,0.06757,0.06797,3161.6
1625400000000,0.06796,0.06841,0.06772,0.06786,3639.0
1625403600000,0.06792,0.06821,0.06772,0.06779,2605.5
1625407200000,0.06783,0.06783,0.06732,0.06758,4527.0
1625410800000,0.06761,0.06792,0.06725,0.06761,5346.6
1625414400000,0.06764,0.06898,0.06764,0.0685,8101.6
1625418000000,0.06839,0.06887,0.06793,0.06816,6902.1
1625421600000,0.06804,0.06871,0.06777,0.06839,5020.4
1625425200000,0.06826,0.0684,0.06781,0.06788,2151.4
1625428800000,0.06788,0.06789,0.06754,0.06785,2083.1
1625432400000,0.06789,0.06838,0.06778,0.06808,4566.7
1625436000000,0.06803,0.06858,0.06774,0.06802,5848.1
1625439600000,0.06788,0.06788,0.06728,0.06749,2896.0
1625443200000,0.0675,0.06843,0.06738,0.06823,3071.6
1625446800000,0.06834,0.06857,0.06755,0.06759,5630.7
1625450400000,0.06763,0.06797,0.06748,0.06775,4658.8
1625454000000,0.06773,0.06805,0.0677,0.06776,3518.4
1625457600000,0.06772,0.06788,0.06681,0.06785,12005.8
1625461200000,0.0678,0.06796,0.06731,0.0679,4077.4
1625464800000,0.06797,0.06831,0.06765,0.06776,2817.4
1625468400000,0.06772,0.06775,0.06726,0.06743,2987.7
1625472000000,0.06738,0.06769,0.06702,0.06734,2705.1
1625475600000,0.06739,0.06769,0.06691,0.06717,3805.8
1625479200000,0.06716,0.06756,0.06705,0.06724,4946.7
1625482800000,0.06725,0.06729,0.06529,0.06577,12648.7
1625486400000,0.06581,0.06588,0.06547,0.06553,3753.0
1625490000000,0.06563,0.06628,0.06563,0.06605,3271.2
1625493600000,0.06602,0.06615,0.06582,0.06589,2002.5
1625497200000,0.06593,0.0663,0.06571,0.06571,4158.3
1625500800000,0.0657,0.06628,0.06564,0.06604,3080.2
1625504400000,0.066,0.06619,0.06522,0.066,5090.8
1625508000000,0.06591,0.06624,0.0655,0.06594,7284.1
1625511600000,0.06594,0.06702,0.06582,0.06696,5222.8
1625515200000,0.06684,0.06689,0.06611,0.0662,3817.8
1625518800000,0.06611,0.06638,0.06581,0.06626,3467.7
1625522400000,0.06634,0.0668,0.06621,0.06674,4790.2
1625526000000,0.06665,0.06703,0.06638,0.06638,4615.7
1625529600000,0.06643,0.06844,0.06636,0.06803,10968.2
1625533200000,0.06801,0.0686,0.06795,0.06807,4942.2
1625536800000,0.06804,0.07006,0.06795,0.07006,9634.3
1625540400000,0.07005,0.07097,0.06934,0.07072,15664.4
1625544000000,0.07065,0.07116,0.07032,0.07059,10128.4
1625547600000,0.07047,0.07056,0.06925,0.06969,9444.7
1625551200000,0.06968,0.07034,0.06937,0.06971,9805.6
1625554800000,0.06985,0.0704,0.06976,0.07024,4517.4
1625558400000,0.07018,0.07099,0.07013,0.0704,3965.2
1625562000000,0.07038,0.07047,0.06912,0.0703,20515.5
1625565600000,0.07043,0.07061,0.06982,0.0704,6515.2
1625569200000,0.07041,0.07139,0.07022,0.07132,7300.3
1625572800000,0.07125,0.07156,0.07102,0.07115,10941.2
1625576400000,0.07119,0.07145,0.07049,0.07054,5008.1
1625580000000,0.07061,0.07075,0.07028,0.07038,4079.3
1625583600000,0.07034,0.07116,0.06993,0.0711,6563.0
1625587200000,0.0711,0.07267,0.07067,0.07222,11436.7
1625590800000,0.07222,0.07314,0.07164,0.07291,8835.9
1625594400000,0.0729,0.07323,0.07093,0.07093,11674.8
1625598000000,0.0709,0.07099,0.0702,0.07024,7801.1
1625601600000,0.0702,0.07027,0.06981,0.06986,4345.7
1625605200000,0.06986,0.06995,0.06883,0.06944,5223.8
1625608800000,0.06949,0.07035,0.06947,0.07008,5557.3
1625612400000,0.07001,0.07035,0.06961,0.06994,4489.5
1625616000000,0.06995,0.0701,0.068,0.06832,8013.7
1625619600000,0.06829,0.06829,0.06777,0.06777,3093.6
1625623200000,0.06785,0.06855,0.06777,0.06836,3776.3
1625626800000,0.06831,0.06856,0.06778,0.06806,7004.1
1625630400000,0.06794,0.07021,0.06775,0.07004,9512.3
1625634000000,0.07001,0.07047,0.06968,0.06999,9291.0
1625637600000,0.06999,0.07016,0.06894,0.06911,7132.3
1625641200000,0.06913,0.06947,0.06903,0.06926,3058.4
1625644800000,0.06925,0.06942,0.06897,0.06921,2069.9
1625648400000,0.06923,0.06933,0.06867,0.06901,2611.1
1625652000000,0.06909,0.06933,0.06884,0.06907,2390.4
1625655600000,0.0691,0.06977,0.0687,0.06911,5892.9
1625659200000,0.06907,0.06925,0.06845,0.06849,2427.6
1625662800000,0.06859,0.06867,0.06818,0.06846,1724.0
1625666400000,0.06848,0.06865,0.06773,0.06773,2862.6
1625670000000,0.06781,0.06781,0.06726,0.06769,3102.3
1625673600000,0.06772,0.0684,0.06759,0.06815,3105.5
1625677200000,0.06815,0.06831,0.06799,0.06828,1145.0
1625680800000,0.06828,0.06834,0.06789,0.06789,989.2
1625684400000,0.06786,0.06804,0.06781,0.06793,1078.7
1625688000000,0.06791,0.06822,0.06785,0.06811,925.4
1625691600000,0.06818,0.06832,0.06791,0.06797,1245.4
1625695200000,0.06794,0.06817,0.06786,0.06811,1079.0
1625698800000,0.06811,0.06881,0.06748,0.06792,5365.5
1625702400000,0.06797,0.06844,0.06787,0.06793,3102.2
1625706000000,0.06793,0.06808,0.06727,0.06727,2462.5
1625709600000,0.06726,0.06742,0.06709,0.06716,1216.5
1625713200000,0.06707,0.06707,0.06589,0.06608,5386.7
1625716800000,0.06605,0.06664,0.06583,0.06642,4956.8
1625720400000,0.0664,0.0664,0.06574,0.06587,13851.2
1625724000000,0.06577,0.066,0.06547,0.06549,6976.4
1625727600000,0.06548,0.06575,0.06538,0.06552,3824.2
1625731200000,0.06565,0.0657,0.06479,0.06507,5055.6
1625734800000,0.06497,0.06516,0.06476,0.06492,1687.0
1625738400000,0.06484,0.065,0.06446,0.06448,1810.3
1625742000000,0.06445,0.06486,0.06403,0.06486,5124.7
1625745600000,0.06488,0.0653,0.06468,0.06514,2720.9
1625749200000,0.06518,0.06543,0.0644,0.0644,3056.2
1625752800000,0.06442,0.06547,0.06442,0.06535,2933.7
1625756400000,0.0654,0.06591,0.06535,0.06573,3488.4
1625760000000,0.06561,0.06585,0.06528,0.0657,2570.8
1625763600000,0.06574,0.06599,0.06554,0.06584,2395.1
1625767200000,0.06584,0.06595,0.06542,0.06573,2168.1
1625770800000,0.06561,0.06631,0.06525,0.06587,3140.2
1625774400000,0.06582,0.06609,0.0658,0.06587,1295.7
1625778000000,0.06598,0.06616,0.0649,0.06494,2719.1
1625781600000,0.06486,0.06558,0.06469,0.06549,5269.1
1625785200000,0.06559,0.06596,0.06559,0.06561,7942.5
1625788800000,0.0657,0.06603,0.06531,0.06581,10226.0
1625792400000,0.06571,0.06594,0.06557,0.06575,3498.5
1625796000000,0.06571,0.06667,0.06566,0.06656,4153.9
1625799600000,0.06669,0.06733,0.06669,0.06714,3922.7
1625803200000,0.06713,0.06735,0.06688,0.0672,2538.0
1625806800000,0.06728,0.06733,0.06679,0.06679,1953.6
1625810400000,0.06679,0.06704,0.06658,0.06701,2209.8
1625814000000,0.06705,0.06712,0.06662,0.06667,1797.3
1625817600000,0.0666,0.06669,0.06618,0.06639,2680.7
1625821200000,0.06649,0.06669,0.06629,0.06642,1372.5
1625824800000,0.06641,0.06646,0.06592,0.06598,2374.2
1625828400000,0.06604,0.06622,0.06564,0.06618,2299.8
1625832000000,0.06618,0.06704,0.06602,0.06704,3880.2
1625835600000,0.06701,0.06747,0.06701,0.06701,5098.0
1625839200000,0.06702,0.06806,0.06693,0.06786,6182.7
1625842800000,0.06776,0.06847,0.06753,0.06777,5345.8
1625846400000,0.0678,0.06786,0.06722,0.06739,2120.7
1625850000000,0.06735,0.06735,0.06684,0.0669,4022.3
1625853600000,0.06693,0.067,0.06631,0.06631,2314.7
1625857200000,0.06627,0.06656,0.06621,0.06642,2148.4
1625860800000,0.06644,0.06682,0.06644,0.06652,2603.3
1625864400000,0.06651,0.06699,0.06644,0.06654,1799.5
1625868000000,0.06653,0.06677,0.06632,0.06663,1811.2
1625871600000,0.06654,0.06659,0.06616,0.06618,853.8
1625875200000,0.06617,0.067,0.06611,0.06681,6320.0
1625878800000,0.0667,0.06672,0.06615,0.0662,1824.5
1625882400000,0.06618,0.06619,0.06571,0.06591,3243.4
1625886000000,0.06579,0.06594,0.06558,0.06574,1601.0
1625889600000,0.06585,0.06592,0.06549,0.06551,1525.9
1625893200000,0.06549,0.06594,0.06535,0.06583,1662.0
1625896800000,0.06584,0.06631,0.06583,0.06618,6409.8
1625900400000,0.06614,0.06627,0.06599,0.06599,1170.9
1625904000000,0.06597,0.06597,0.06557,0.06557,1558.3
1625907600000,0.06559,0.06577,0.06543,0.06543,1797.4
1625911200000,0.06539,0.06553,0.06511,0.06532,2566.7
1625914800000,0.06537,0.06583,0.06535,0.06536,2046.8
1625918400000,0.0654,0.0655,0.06515,0.06533,1553.4
1625922000000,0.06533,0.06538,0.06479,0.0649,1893.9
1625925600000,0.06478,0.06516,0.06478,0.06514,1177.7
1625929200000,0.06503,0.06503,0.06453,0.06455,1082.7
1625932800000,0.0645,0.06513,0.0645,0.06464,2265.7
1625936400000,0.06462,0.06465,0.06392,0.06399,4271.8
1625940000000,0.06405,0.0641,0.06389,0.0639,627.8
1625943600000,0.06389,0.06398,0.06362,0.0637,2074.9
1625947200000,0.0637,0.06411,0.06366,0.06395,1676.1
1625950800000,0.06397,0.06411,0.06389,0.06411,466.9
1625954400000,0.06413,0.06431,0.06397,0.06397,1155.5
1625958000000,0.06397,0.06418,0.06386,0.06404,1296.0
1625961600000,0.06413,0.06426,0.06396,0.064,925.1
1625965200000,0.06402,0.06439,0.06402,0.06411,1703.2
1625968800000,0.06423,0.06438,0.06371,0.06372,2334.7
1625972400000,0.06372,0.0639,0.0637,0.0639,813.3
1625976000000,0.06392,0.06425,0.06388,0.06425,1044.8
1625979600000,0.06418,0.06433,0.06412,0.06432,824.2
1625983200000,0.06423,0.06431,0.06401,0.06417,745.7
1625986800000,0.06411,0.06426,0.06402,0.06405,872.3
1625990400000,0.06403,0.06413,0.06386,0.064,1206.6
1625994000000,0.06402,0.0641,0.06375,0.06375,1276.2
1625997600000,0.06384,0.06433,0.06384,0.06423,2409.4
1626001200000,0.06425,0.06428,0.06364,0.06364,2595.9
1626004800000,0.06362,0.06368,0.0633,0.06351,2327.9
1626008400000,0.06351,0.06371,0.0632,0.0633,1430.8
1626012000000,0.06333,0.06354,0.06326,0.06342,2368.3
1626015600000,0.06351,0.0638,0.06334,0.06379,2490.8
1626019200000,0.06378,0.06396,0.06343,0.0637,2832.5
1626022800000,0.06368,0.06383,0.06359,0.06363,461.8
1626026400000,0.06362,0.06386,0.0635,0.0635,1310.6
1626030000000,0.0635,0.06366,0.06343,0.06343,456.5
1626033600000,0.06353,0.06368,0.06346,0.06346,766.7
1626037200000,0.06351,0.06417,0.06339,0.06393,2534.3
1626040800000,0.06401,0.06401,0.06337,0.06359,1781.5
1626044400000,0.06348,0.06429,0.06335,0.06425,2298.4
1626048000000,0.06427,0.06455,0.06396,0.06396,1758.3
1626051600000,0.06396,0.06437,0.06396,0.06415,1354.2
1626055200000,0.06415,0.06458,0.06412,0.06446,1429.6
1626058800000,0.06448,0.06475,0.06421,0.0645,3459.3
1626062400000,0.06449,0.06456,0.06413,0.06413,1798.0
1626066000000,0.06415,0.06467,0.06407,0.06413,2549.1
1626069600000,0.06417,0.06431,0.06368,0.06398,2955.4
1626073200000,0.06388,0.06402,0.06354,0.06387,1539.2
1626076800000,0.06378,0.06392,0.06335,0.06353,2248.2
1626080400000,0.0635,0.06376,0.06332,0.06376,1051.4
1626084000000,0.06377,0.06377,0.06316,0.06367,2628.5
1626087600000,0.06357,0.06369,0.06302,0.06358,2790.0
1626091200000,0.06352,0.06352,0.06297,0.06316,2028.9
1626094800000,0.06314,0.06314,0.0628,0.06302,1079.5
1626098400000,0.06299,0.0631,0.06273,0.0631,1340.4
1626102000000,0.06313,0.06318,0.06287,0.06303,1123.0
1626105600000,0.06306,0.06337,0.06236,0.06247,4210.1
1626109200000,0.06241,0.06252,0.06226,0.06238,3268.7
1626112800000,0.06244,0.06254,0.06192,0.06221,2532.0
1626116400000,0.06223,0.06237,0.06197,0.06207,3016.0
1626120000000,0.06209,0.06255,0.06199,0.06242,2396.5
1626123600000,0.06235,0.06235,0.06206,0.06206,574.4
1626127200000,0.06204,0.06224,0.062,0.06217,1395.4
1626130800000,0.0621,0.06219,0.06174,0.06183,1377.8
1626134400000,0.06178,0.06208,0.06161,0.06173,2293.9
1626138000000,0.0617,0.0617,0.06119,0.06136,2763.8
1626141600000,0.06136,0.06182,0.06116,0.06156,3226.5
1626145200000,0.06157,0.06168,0.06154,0.06159,1375.6
1626148800000,0.06159,0.0619,0.06159,0.06181,1637.1
1626152400000,0.06187,0.06199,0.061,0.061,3737.5
1626156000000,0.06099,0.06153,0.06088,0.06141,3435.9
1626159600000,0.06141,0.06228,0.06141,0.06207,3736.4
1626163200000,0.06213,0.06247,0.062,0.06205,2758.6
1626166800000,0.06201,0.06217,0.06151,0.06186,3379.6
1626170400000,0.06185,0.06202,0.06168,0.0618,4825.9
1626174000000,0.0618,0.06204,0.06152,0.06152,5787.7
1626177600000,0.06151,0.06158,0.06079,0.06098,4821.8
1626181200000,0.06092,0.06103,0.06059,0.06073,3842.3
1626184800000,0.0608,0.06086,0.06053,0.06055,1350.8
1626188400000,0.06055,0.06108,0.06055,0.06099,2472.6
1626192000000,0.06098,0.0611,0.06054,0.06078,2217.7
1626195600000,0.06082,0.06099,0.06065,0.06082,1694.3
1626199200000,0.0607,0.06081,0.0604,0.06053,2145.5
1626202800000,0.06046,0.06057,0.05947,0.05971,7791.6
1626206400000,0.05973,0.05994,0.05961,0.05992,3297.4
1626210000000,0.05992,0.06,0.05968,0.05971,1745.3
1626213600000,0.0597,0.06029,0.05963,0.05989,3096.9
1626217200000,0.05979,0.06008,0.05946,0.05967,2154.0
1626220800000,0.05975,0.05993,0.05936,0.05962,5411.7
1626224400000,0.05959,0.06039,0.05917,0.06033,6088.8
1626228000000,0.06035,0.06044,0.06005,0.06023,1532.8
1626231600000,0.06028,0.06035,0.05962,0.06,5912.1
1626235200000,0.06005,0.06021,0.05906,0.05918,7220.0
1626238800000,0.05918,0.05926,0.0584,0.05848,7537.2
1626242400000,0.05847,0.05879,0.05799,0.05812,6418.8
1626246000000,0.0581,0.05854,0.058,0.05805,4730.4
1626249600000,0.05811,0.05846,0.05754,0.05754,7409.2
1626253200000,0.05756,0.05852,0.05748,0.0575,11713.4
1626256800000,0.0575,0.05781,0.05712,0.0574,12186.4
1626260400000,0.05738,0.05742,0.05689,0.05699,4456.8
1626264000000,0.05702,0.05759,0.05702,0.05727,3524.1
1626267600000,0.05726,0.05856,0.05725,0.05847,8670.0
1626271200000,0.05845,0.05854,0.05777,0.05832,6730.4
1626274800000,0.0583,0.05849,0.05788,0.058,4730.8
1626278400000,0.058,0.0581,0.05777,0.05796,1614.0
1626282000000,0.0579,0.05821,0.05781,0.05795,2487.5
1626285600000,0.05798,0.05849,0.05782,0.058,3086.7
1626289200000,0.058,0.05809,0.05755,0.05755,2557.2
1626292800000,0.05755,0.05843,0.05755,0.05776,4144.6
1626296400000,0.05773,0.05821,0.05773,0.05803,1410.2
1626300000000,0.05802,0.05811,0.05781,0.05781,1497.6
1626303600000,0.05778,0.05788,0.05768,0.05772,1016.8
1626307200000,0.05783,0.05796,0.05712,0.05737,7420.4
1626310800000,0.05746,0.05915,0.05746,0.05867,5252.2
1626314400000,0.05866,0.05892,0.05807,0.05811,1843.1
1626318000000,0.05803,0.05825,0.05792,0.0581,601.0
1626321600000,0.05814,0.05842,0.058,0.05842,2249.5
1626325200000,0.05834,0.05844,0.0579,0.05808,751.0
1626328800000,0.05813,0.05838,0.05779,0.058,4196.3
1626332400000,0.05796,0.05804,0.05747,0.05798,3782.1
1626336000000,0.05791,0.05791,0.0561,0.05614,3580.4
1626339600000,0.05617,0.05633,0.05567,0.05574,2367.2
1626343200000,0.05576,0.05576,0.05454,0.05474,3074.2
1626346800000,0.05473,0.05522,0.0547,0.0552,1718.7
1626350400000,0.05524,0.05568,0.05511,0.05532,2536.5
1626354000000,0.0553,0.05559,0.05517,0.05554,4194.9
1626357600000,0.0555,0.05556,0.0548,0.0549,4198.8
1626361200000,0.05499,0.05557,0.05499,0.05508,4324.9
1626364800000,0.05503,0.05511,0.05465,0.05467,3752.4
1626368400000,0.05467,0.05478,0.05435,0.05457,2736.8
1626372000000,0.05458,0.05483,0.05427,0.05443,4048.3
1626375600000,0.05442,0.05447,0.0541,0.0541,2167.9
1626379200000,0.05408,0.05445,0.05399,0.0544,2475.6
1626382800000,0.05435,0.05437,0.05396,0.05396,2300.6
1626386400000,0.05396,0.05402,0.05347,0.05396,2359.0
1626390000000,0.05398,0.0542,0.05376,0.05407,3001.7
1626393600000,0.054,0.05421,0.05371,0.05393,3089.6
1626397200000,0.05393,0.05436,0.05393,0.05424,2261.2
1626400800000,0.05417,0.05453,0.05383,0.05419,6211.5
1626404400000,0.05414,0.0545,0.05406,0.05442,2066.2
1626408000000,0.0545,0.05479,0.05401,0.05401,3751.8
1626411600000,0.05409,0.05449,0.05409,0.05441,1345.3
1626415200000,0.0544,0.05452,0.05411,0.05413,2572.4
1626418800000,0.0542,0.05444,0.05408,0.05426,2321.4
1626422400000,0.05426,0.05445,0.05353,0.05353,7835.9
1626426000000,0.05359,0.05376,0.05324,0.05342,4406.5
1626429600000,0.05344,0.0536,0.05289,0.05304,6812.0
1626433200000,0.053,0.05317,0.05258,0.05266,3772.8
1626436800000,0.05269,0.05356,0.05254,0.05342,6543.9
1626440400000,0.05352,0.05386,0.05341,0.05361,5524.3
1626444000000,0.05368,0.05389,0.05341,0.05378,2763.5
1626447600000,0.0538,0.05443,0.05374,0.05443,4381.9
1626451200000,0.0544,0.05455,0.05406,0.05446,3670.9
1626454800000,0.05453,0.05462,0.05418,0.05437,1603.9
1626458400000,0.05431,0.05465,0.05408,0.05433,1937.2
1626462000000,0.05438,0.05469,0.0543,0.05431,2013.2
1626465600000,0.0544,0.05472,0.05436,0.05446,2434.8
1626469200000,0.05453,0.05462,0.05423,0.05427,2339.3
1626472800000,0.05427,0.05443,0.05387,0.05388,1981.3
1626476400000,0.05386,0.05416,0.05361,0.05401,2820.5
1626480000000,0.05397,0.05446,0.05383,0.05442,4302.4
1626483600000,0.05445,0.05453,0.05403,0.05432,3614.6
1626487200000,0.0543,0.05466,0.05412,0.05455,2882.5
1626490800000,0.0545,0.05477,0.05447,0.05474,3506.7
1626494400000,0.05477,0.05501,0.05457,0.05457,3917.5
1626498000000,0.05456,0.05503,0.0545,0.05494,5401.7
1626501600000,0.05496,0.05516,0.05473,0.05516,3341.9
1626505200000,0.05511,0.05511,0.05459,0.05479,2122.0
1626508800000,0.0548,0.0551,0.05452,0.05501,4794.8
1626512400000,0.05508,0.0553,0.05451,0.05451,2469.5
1626516000000,0.0545,0.05491,0.05418,0.05418,2782.0
1626519600000,0.05417,0.05423,0.05377,0.05422,3953.0
1626523200000,0.05422,0.05422,0.05387,0.05388,2072.0
1626526800000,0.0539,0.05398,0.05324,0.05395,6001.2
1626530400000,0.05401,0.05425,0.05397,0.05415,2939.5
1626534000000,0.05415,0.05415,0.05324,0.05349,4384.3
1626537600000,0.05348,0.05398,0.05341,0.05368,4061.2
1626541200000,0.05376,0.0538,0.05344,0.05362,2392.0
1626544800000,0.05355,0.054,0.05345,0.05375,2537.3
1626548400000,0.05375,0.05423,0.05375,0.05413,2059.6
1626552000000,0.05411,0.0542,0.0538,0.0538,1849.0
1626555600000,0.0538,0.05395,0.0537,0.0538,1611.0
1626559200000,0.05371,0.05389,0.05363,0.05371,1532.6
1626562800000,0.05368,0.05375,0.05349,0.05357,2750.7
1626566400000,0.05365,0.05488,0.05362,0.05466,7751.8
1626570000000,0.0547,0.05527,0.05454,0.05491,7228.2
1626573600000,0.05494,0.05565,0.05494,0.05534,5726.2
1626577200000,0.05536,0.05561,0.0552,0.05543,3461.6
1626580800000,0.05545,0.05557,0.05513,0.0554,3553.0
1626584400000,0.05541,0.05584,0.05537,0.05543,3608.9
1626588000000,0.05547,0.05549,0.05504,0.05505,2799.3
1626591600000,0.05514,0.05519,0.05474,0.05474,1756.4
1626595200000,0.0548,0.0549,0.05449,0.05461,1667.8
1626598800000,0.05453,0.05529,0.05447,0.05508,4324.5
1626602400000,0.05503,0.05504,0.05445,0.05466,3381.3
1626606000000,0.05467,0.05506,0.05467,0.05504,2384.2
1626609600000,0.05506,0.05509,0.05446,0.05469,4744.2
1626613200000,0.05473,0.05495,0.05416,0.05437,5150.7
1626616800000,0.05431,0.05459,0.05381,0.05384,8402.0
1626620400000,0.05383,0.054,0.05317,0.0534,5005.4
1626624000000,0.05339,0.05356,0.05328,0.05345,3207.5
1626627600000,0.05339,0.05343,0.05314,0.05327,3500.7
1626631200000,0.05324,0.05352,0.05318,0.0535,2125.4
1626634800000,0.05341,0.05361,0.05335,0.05361,939.5
1626638400000,0.05356,0.05373,0.05337,0.05337,2841.5
1626642000000,0.05337,0.05376,0.05334,0.05376,2154.1
1626645600000,0.05367,0.05409,0.05365,0.05398,3459.2
1626649200000,0.05397,0.05423,0.05391,0.05401,2314.9
1626652800000,0.05402,0.05417,0.05379,0.05384,2861.4
1626656400000,0.05389,0.05389,0.05288,0.05319,7398.2
1626660000000,0.05319,0.05374,0.05314,0.05354,3436.7
1626663600000,0.05352,0.05452,0.05349,0.05415,5803.3
1626667200000,0.05418,0.05506,0.05418,0.05493,8395.3
1626670800000,0.0549,0.05547,0.05484,0.0552,5693.6
1626674400000,0.05513,0.05542,0.05502,0.05516,3070.7
1626678000000,0.05518,0.05537,0.05509,0.05524,2574.8
1626681600000,0.05526,0.05541,0.05487,0.05504,1977.1
1626685200000,0.05505,0.05526,0.05485,0.05504,2352.4
1626688800000,0.05507,0.05515,0.05483,0.05487,2456.9
1626692400000,0.0548,0.05507,0.05474,0.05482,2128.5
1626696000000,0.05484,0.05583,0.05441,0.05541,14569.5
1626699600000,0.05542,0.0559,0.05495,0.05506,10342.6
1626703200000,0.05515,0.05533,0.05483,0.05508,4888.5
1626706800000,0.05507,0.05529,0.0547,0.05529,5815.6
1626710400000,0.0553,0.05543,0.05462,0.05466,7476.0
1626714000000,0.05462,0.05533,0.0546,0.0552,4970.2
1626717600000,0.05527,0.05558,0.05511,0.05545,4636.8
1626721200000,0.05545,0.05576,0.05538,0.05573,1625.9
1626724800000,0.05564,0.05573,0.05547,0.05551,1826.4
1626728400000,0.05558,0.05571,0.05537,0.05543,1313.3
1626732000000,0.05543,0.05612,0.05532,0.0558,5456.5
1626735600000,0.05582,0.05627,0.05582,0.05608,3023.3
1626739200000,0.05608,0.05641,0.0558,0.05585,5904.1
1626742800000,0.05581,0.05619,0.05544,0.05611,5719.1
1626746400000,0.05613,0.05642,0.05588,0.05642,5525.8
1626750000000,0.05642,0.0568,0.05614,0.05653,12615.0
1626753600000,0.05654,0.05657,0.05581,0.056,5256.2
1626757200000,0.05601,0.05623,0.05597,0.05599,2477.1
1626760800000,0.05602,0.05639,0.056,0.05617,2594.9
1626764400000,0.05622,0.05627,0.05588,0.05593,2407.4
1626768000000,0.05597,0.05658,0.05573,0.05629,5714.6
1626771600000,0.05631,0.05649,0.05577,0.05649,5400.0
1626775200000,0.0565,0.05671,0.0561,0.05627,7185.9
1626778800000,0.05624,0.05644,0.05587,0.05601,4435.7
1626782400000,0.05604,0.05606,0.05577,0.05594,3087.6
1626786000000,0.05586,0.05592,0.05517,0.05552,7884.5
1626789600000,0.05556,0.05583,0.05554,0.05578,3721.2
1626793200000,0.05572,0.05599,0.05515,0.05573,11582.7
1626796800000,0.05571,0.05629,0.05558,0.05583,7232.6
1626800400000,0.0559,0.05607,0.05579,0.05595,1872.4
1626804000000,0.05592,0.05604,0.05569,0.05569,1553.0
1626807600000,0.05568,0.05571,0.05515,0.05517,2907.6
1626811200000,0.05515,0.05526,0.05464,0.05464,5637.9
1626814800000,0.05465,0.05504,0.05446,0.05485,3798.9
1626818400000,0.05485,0.05525,0.05476,0.05509,2624.1
1626822000000,0.05519,0.05526,0.05492,0.05513,2542.8
1626825600000,0.05504,0.05527,0.05394,0.05405,6316.4
1626829200000,0.05399,0.05401,0.05357,0.05392,3363.2
1626832800000,0.0539,0.05429,0.0538,0.05403,5226.2
1626836400000,0.05404,0.05431,0.05395,0.05431,2208.7
1626840000000,0.05425,0.05581,0.05393,0.05571,15015.4
1626843600000,0.05575,0.05579,0.05528,0.05528,6039.1
1626847200000,0.05534,0.056,0.05528,0.0556,7298.0
1626850800000,0.05566,0.05581,0.05537,0.05569,5835.9
1626854400000,0.0557,0.0559,0.05532,0.05579,3363.9
1626858000000,0.05582,0.05592,0.05547,0.05566,2967.5
1626861600000,0.05566,0.05601,0.05539,0.05601,8080.1
1626865200000,0.05593,0.05593,0.05546,0.05567,4635.0
1626868800000,0.05571,0.05583,0.05555,0.05569,2936.2
1626872400000,0.05565,0.05566,0.0554,0.05556,2316.4
1626876000000,0.05561,0.05617,0.0556,0.05616,6336.1
1626879600000,0.05613,0.05641,0.05595,0.05627,5809.1
1626883200000,0.05628,0.0568,0.05621,0.05627,7461.9
1626886800000,0.05638,0.0566,0.05623,0.05634,4215.1
1626890400000,0.05632,0.05738,0.05623,0.0571,8052.0
1626894000000,0.05709,0.05721,0.05662,0.0567,4705.8
1626897600000,0.05668,0.05694,0.05651,0.0568,3529.7
1626901200000,0.05686,0.05713,0.05679,0.05704,1647.2
1626904800000,0.05712,0.05729,0.05689,0.0572,3275.3
1626908400000,0.05718,0.05734,0.05673,0.05702,5251.5
1626912000000,0.05704,0.05704,0.05658,0.05688,4846.0
1626915600000,0.05679,0.05702,0.05655,0.05694,3523.3
1626919200000,0.05694,0.05708,0.05651,0.05676,2428.8
1626922800000,0.05684,0.05697,0.0566,0.05668,2366.1
1626926400000,0.05666,0.05684,0.0565,0.05684,4144.0
1626930000000,0.05686,0.05695,0.05617,0.05617,4173.7
1626933600000,0.05617,0.0563,0.05611,0.05619,847.3
1626937200000,0.05621,0.0565,0.05611,0.05611,3447.7
1626940800000,0.05608,0.05656,0.05597,0.05646,2697.8
1626944400000,0.05639,0.05666,0.05579,0.0558,3907.5
1626948000000,0.0558,0.05598,0.05565,0.05567,3378.9
1626951600000,0.05565,0.05585,0.05542,0.05575,2883.6
1626955200000,0.05581,0.0564,0.05547,0.05639,3891.1
1626958800000,0.05628,0.05642,0.05615,0.05619,1845.1
1626962400000,0.05619,0.0567,0.05613,0.0567,2678.0
1626966000000,0.0567,0.05865,0.05665,0.05865,12471.4
1626969600000,0.05858,0.05885,0.05804,0.05866,7236.4
1626973200000,0.05861,0.05927,0.05861,0.05919,4160.1
1626976800000,0.0592,0.05943,0.05902,0.05925,2199.4
1626980400000,0.05926,0.05955,0.05924,0.05936,2582.2
1626984000000,0.05939,0.0597,0.05923,0.05932,4119.9
1626987600000,0.05944,0.05967,0.05895,0.05896,2984.7
1626991200000,0.05894,0.05956,0.0589,0.05954,2558.1
1626994800000,0.05957,0.05993,0.0595,0.05993,2554.6
1626998400000,0.05993,0.06019,0.05966,0.05994,3192.0
1627002000000,0.05999,0.06071,0.05996,0.06066,4297.5
1627005600000,0.0607,0.06077,0.06005,0.06005,2540.8
1627009200000,0.06014,0.06021,0.05956,0.05976,2917.0
1627012800000,0.05977,0.06014,0.05949,0.05949,3423.9
1627016400000,0.05951,0.0599,0.05942,0.05967,5308.7
1627020000000,0.05966,0.05966,0.05918,0.05923,2097.2
1627023600000,0.05929,0.05938,0.05898,0.05927,3842.2
1627027200000,0.05928,0.0593,0.05887,0.05915,3563.3
1627030800000,0.05915,0.05965,0.05909,0.05936,3165.1
1627034400000,0.0594,0.05966,0.05926,0.05939,3683.4
1627038000000,0.05942,0.06025,0.0594,0.0601,4241.8
1627041600000,0.0602,0.06082,0.06008,0.06062,5888.9
1627045200000,0.06062,0.06172,0.06052,0.06141,7314.6
1627048800000,0.06144,0.0616,0.06098,0.06123,3950.1
1627052400000,0.06114,0.06114,0.06055,0.06072,2344.2
1627056000000,0.06074,0.06078,0.06001,0.06033,4521.7
1627059600000,0.06034,0.06054,0.06011,0.06048,3655.5
1627063200000,0.06048,0.06087,0.06048,0.0608,1254.9
1627066800000,0.06081,0.06096,0.06071,0.06088,1113.4
1627070400000,0.06088,0.06115,0.06046,0.06067,3997.3
1627074000000,0.06067,0.06121,0.06058,0.06086,5358.2
1627077600000,0.06085,0.06234,0.06074,0.06197,7717.0
1627081200000,0.06192,0.06269,0.06191,0.06213,6346.7
1627084800000,0.06212,0.06295,0.0621,0.06248,6340.4
1627088400000,0.06242,0.06284,0.06221,0.06278,3771.9
1627092000000,0.06279,0.06279,0.06229,0.0623,3121.9
1627095600000,0.06238,0.06281,0.06216,0.06272,2779.3
1627099200000,0.06281,0.06284,0.06173,0.06178,4881.9
1627102800000,0.06183,0.06232,0.06173,0.06205,3045.9
1627106400000,0.06203,0.06215,0.06153,0.06153,4062.0
1627110000000,0.06158,0.06162,0.06116,0.06139,2749.1
1627113600000,0.0614,0.0614,0.06075,0.06091,5347.7
1627117200000,0.06096,0.06164,0.0608,0.06161,4727.5
1627120800000,0.06158,0.0616,0.06126,0.06134,4398.0
1627124400000,0.06127,0.0615,0.06051,0.06095,6869.9
1627128000000,0.06095,0.06106,0.06074,0.06084,2068.0
1627131600000,0.06085,0.06124,0.06067,0.0608,2302.2
1627135200000,0.06073,0.06094,0.06042,0.06052,6367.2
1627138800000,0.06061,0.06087,0.06013,0.06019,5246.1
1627142400000,0.0602,0.06106,0.06011,0.06106,4126.7
1627146000000,0.06108,0.06128,0.06086,0.06098,3780.3
1627149600000,0.06092,0.06105,0.06034,0.06071,2128.7
1627153200000,0.06059,0.06094,0.06044,0.06062,2652.7
1627156800000,0.06072,0.06112,0.06056,0.06102,3550.3
1627160400000,0.06104,0.06116,0.06074,0.06116,1967.4
1627164000000,0.06107,0.06116,0.06047,0.0611,3423.1
1627167600000,0.06114,0.06121,0.06046,0.06046,2618.6
1627171200000,0.06057,0.06082,0.05982,0.05999,4038.0
1627174800000,0.05989,0.06001,0.05939,0.0597,5265.9
1627178400000,0.05973,0.06025,0.05951,0.06005,2590.2
1627182000000,0.06008,0.06038,0.05997,0.06016,4621.6
1627185600000,0.0602,0.06075,0.06003,0.06045,2568.8
1627189200000,0.06045,0.06075,0.06045,0.06051,1633.7
1627192800000,0.06049,0.06049,0.06007,0.06011,1611.0
1627196400000,0.06018,0.06062,0.06012,0.06053,2466.8
1627200000000,0.06051,0.06061,0.06007,0.06016,3415.3
1627203600000,0.0601,0.06032,0.05992,0.06032,1956.8
1627207200000,0.0603,0.0607,0.05974,0.05982,3703.0
1627210800000,0.05982,0.06005,0.05975,0.05995,2005.2
1627214400000,0.05994,0.05997,0.05959,0.05959,2358.3
1627218000000,0.05957,0.05966,0.05876,0.05899,4896.1
1627221600000,0.059,0.05907,0.05875,0.05891,3264.3
1627225200000,0.05889,0.05971,0.05889,0.05945,4427.5
1627228800000,0.05956,0.05956,0.05905,0.05914,1717.8
1627232400000,0.05908,0.05974,0.05904,0.05974,2185.1
1627236000000,0.05964,0.06001,0.05964,0.05978,2254.2
1627239600000,0.05977,0.05993,0.05945,0.05945,1460.0
1627243200000,0.05943,0.05944,0.05917,0.05934,1065.6
1627246800000,0.05932,0.05973,0.05932,0.05969,937.0
1627250400000,0.05951,0.05972,0.0594,0.05969,1863.5
1627254000000,0.05969,0.06041,0.0596,0.06037,2111.3
1627257600000,0.0604,0.06191,0.06014,0.06184,8336.1
1627261200000,0.06179,0.0627,0.05993,0.06031,26334.2
1627264800000,0.06031,0.06093,0.06017,0.06066,6542.4
1627268400000,0.06066,0.06091,0.06048,0.06055,4050.3
1627272000000,0.06056,0.06144,0.06056,0.06136,5353.3
1627275600000,0.06134,0.06157,0.06102,0.06157,3954.0
1627279200000,0.06157,0.06265,0.06157,0.06221,9902.6
1627282800000,0.06213,0.06242,0.06164,0.06189,5894.8
1627286400000,0.0618,0.0624,0.06173,0.06226,2283.9
1627290000000,0.06234,0.06241,0.06179,0.06183,2669.3
1627293600000,0.06191,0.06221,0.06144,0.06213,4879.2
1627297200000,0.06207,0.06219,0.06176,0.06198,4086.3
1627300800000,0.062,0.06215,0.06157,0.0619,3864.3
1627304400000,0.06193,0.06214,0.06136,0.06163,3918.0
1627308000000,0.06166,0.06202,0.06143,0.06165,4290.1
1627311600000,0.06161,0.06179,0.06152,0.06173,2144.3
1627315200000,0.06169,0.06221,0.06159,0.06221,3607.3
1627318800000,0.06222,0.06225,0.06172,0.06199,2412.0
1627322400000,0.06202,0.0623,0.06178,0.0623,1979.0
1627326000000,0.06228,0.0625,0.06185,0.0619,3948.6
1627329600000,0.06185,0.06225,0.06097,0.06115,12565.4
1627333200000,0.06111,0.06133,0.06078,0.06101,5916.9
1627336800000,0.061,0.06137,0.06097,0.06121,2911.2
1627340400000,0.06125,0.06168,0.06096,0.06096,3385.1
1627344000000,0.06095,0.06117,0.06076,0.06093,3187.7
1627347600000,0.06085,0.06085,0.05971,0.05998,7896.0
1627351200000,0.06004,0.06016,0.05939,0.05946,6765.5
1627354800000,0.05945,0.05987,0.05931,0.0598,2743.3
1627358400000,0.05981,0.06007,0.05964,0.05977,3137.8
1627362000000,0.05976,0.05989,0.05958,0.05975,3496.7
1627365600000,0.0598,0.06008,0.05954,0.06008,3477.7
1627369200000,0.06009,0.06047,0.0598,0.06047,4254.8
1627372800000,0.06036,0.06055,0.06022,0.06034,1361.6
1627376400000,0.06031,0.06074,0.0602,0.06036,3500.0
1627380000000,0.06041,0.06052,0.06029,0.06036,1128.1
1627383600000,0.06036,0.06042,0.05977,0.06018,5103.5
1627387200000,0.0601,0.06038,0.06006,0.06037,2281.5
1627390800000,0.06036,0.06053,0.06029,0.06032,2977.0
1627394400000,0.06027,0.06032,0.05964,0.05999,5912.1
1627398000000,0.05997,0.06004,0.05933,0.0598,4692.0
1627401600000,0.0598,0.06022,0.0595,0.05983,6059.3
1627405200000,0.05992,0.05992,0.05958,0.05976,1863.4
1627408800000,0.05966,0.05969,0.05939,0.0596,2191.2
1627412400000,0.05963,0.05966,0.0592,0.0594,2443.4
1627416000000,0.05939,0.06001,0.05933,0.05976,3276.6
1627419600000,0.05974,0.06033,0.05959,0.06011,4655.4
1627423200000,0.06003,0.06016,0.05936,0.0599,4430.8
1627426800000,0.0599,0.06026,0.05936,0.06026,4289.5
1627430400000,0.06026,0.06033,0.05979,0.06012,2986.6
1627434000000,0.06017,0.06083,0.05998,0.06076,2409.6
1627437600000,0.06083,0.06106,0.0605,0.0605,4275.0
1627441200000,0.06048,0.06059,0.06024,0.06025,2847.6
1627444800000,0.06034,0.06053,0.06023,0.06028,2496.4
1627448400000,0.06026,0.06053,0.06019,0.06029,3450.3
1627452000000,0.0603,0.06049,0.06001,0.06001,4272.8
1627455600000,0.06002,0.06071,0.06002,0.06066,4256.5
1627459200000,0.0606,0.06063,0.0602,0.0604,2287.0
1627462800000,0.06044,0.06065,0.06035,0.06061,1686.3
1627466400000,0.06055,0.06062,0.06012,0.06016,6143.9
1627470000000,0.06016,0.06104,0.06008,0.06088,4786.9
1627473600000,0.06098,0.06106,0.06034,0.0604,4841.6
1627477200000,0.0604,0.06042,0.05975,0.05992,2806.8
1627480800000,0.05983,0.06012,0.05976,0.0601,2135.3
1627484400000,0.06009,0.0612,0.06005,0.06094,5985.0
1627488000000,0.06094,0.06159,0.06094,0.06131,6496.4
1627491600000,0.0613,0.0614,0.06062,0.0609,4624.1
1627495200000,0.06087,0.06148,0.06087,0.06141,3774.3
1627498800000,0.06133,0.06139,0.06057,0.06092,3804.9
1627502400000,0.06093,0.06099,0.06052,0.06064,2710.1
1627506000000,0.06054,0.0609,0.06041,0.06056,1038.6
1627509600000,0.06056,0.06086,0.06041,0.06053,1696.6
1627513200000,0.06044,0.06087,0.06032,0.06064,2609.7
1627516800000,0.06074,0.06107,0.06053,0.06063,2300.6
1627520400000,0.06065,0.06066,0.06022,0.06036,2500.9
1627524000000,0.06035,0.0606,0.06028,0.06034,1580.5
1627527600000,0.06033,0.0606,0.06005,0.06039,5841.5
1627531200000,0.06039,0.0606,0.05989,0.06014,6789.2
1627534800000,0.06013,0.06071,0.06007,0.06071,2461.2
1627538400000,0.06072,0.06122,0.06065,0.06107,2847.7
1627542000000,0.06115,0.06127,0.06093,0.06113,2487.4
1627545600000,0.06119,0.0615,0.06103,0.06112,4744.7
1627549200000,0.06115,0.06163,0.06104,0.06132,4056.6
1627552800000,0.0614,0.06155,0.06095,0.06107,3157.2
1627556400000,0.06105,0.06115,0.06082,0.06107,2230.3
1627560000000,0.06107,0.06107,0.06068,0.06085,2236.8
1627563600000,0.06095,0.06203,0.06095,0.06179,9828.1
1627567200000,0.06179,0.06199,0.06118,0.06168,8267.1
1627570800000,0.06171,0.06173,0.06115,0.06125,4156.8
1627574400000,0.06125,0.06178,0.06125,0.06142,3113.3
1627578000000,0.06147,0.06164,0.06133,0.06138,1952.6
1627581600000,0.06135,0.06158,0.06127,0.06127,1984.4
1627585200000,0.06128,0.0615,0.06125,0.0615,1197.1
1627588800000,0.06144,0.06155,0.06127,0.0613,1542.2
1627592400000,0.06138,0.06144,0.06095,0.06096,1244.7
1627596000000,0.06103,0.06133,0.06103,0.06123,802.6
1627599600000,0.0612,0.06206,0.06116,0.06174,7048.5
1627603200000,0.06177,0.06291,0.06167,0.06291,5930.1
1627606800000,0.06287,0.06352,0.06287,0.06311,9219.5
1627610400000,0.0631,0.06382,0.06302,0.06329,9356.8
1627614000000,0.06325,0.06427,0.06325,0.06397,6444.4
1627617600000,0.064,0.06419,0.06358,0.06384,4899.8
1627621200000,0.06386,0.06407,0.06366,0.06366,4282.0
1627624800000,0.0637,0.06388,0.0636,0.06381,3049.5
1627628400000,0.06371,0.06396,0.06358,0.06383,3050.0
1627632000000,0.06379,0.064,0.06293,0.06349,7817.5
1627635600000,0.06351,0.06378,0.06313,0.06363,5538.6
1627639200000,0.06364,0.06372,0.06313,0.06344,3949.4
1627642800000,0.06348,0.06348,0.06311,0.06327,1691.4
1627646400000,0.06327,0.06339,0.06306,0.06311,2444.4
1627650000000,0.06309,0.06337,0.06282,0.06313,3501.6
1627653600000,0.0631,0.06376,0.06309,0.06338,4025.0
1627657200000,0.06336,0.06336,0.06288,0.06311,2350.1
1627660800000,0.06315,0.06364,0.06304,0.06326,3701.2
1627664400000,0.06325,0.06462,0.06324,0.06446,7853.5
1627668000000,0.06448,0.06488,0.06411,0.06472,3443.1
1627671600000,0.0647,0.06506,0.06466,0.06501,2251.3
1627675200000,0.06501,0.06584,0.06501,0.0653,7755.0
1627678800000,0.06536,0.06606,0.06493,0.06511,6653.1
1627682400000,0.06509,0.06517,0.06439,0.06517,3779.5
1627686000000,0.06515,0.06533,0.06482,0.06489,4836.5
1627689600000,0.06489,0.06526,0.06439,0.06496,6431.1
1627693200000,0.06489,0.06528,0.06444,0.06518,5657.1
1627696800000,0.06516,0.06653,0.06514,0.06628,12974.1
1627700400000,0.06628,0.06675,0.06569,0.06607,6543.2
1627704000000,0.06609,0.06625,0.06565,0.06585,3294.2
1627707600000,0.06584,0.06627,0.06571,0.06616,4262.9
1627711200000,0.06614,0.06626,0.0659,0.06612,1758.6
1627714800000,0.06609,0.06629,0.06583,0.06605,1346.1
1627718400000,0.06615,0.06641,0.06593,0.06616,2490.0
1627722000000,0.06626,0.06626,0.06585,0.06586,1265.2
1627725600000,0.06584,0.06607,0.06404,0.06417,7593.5
1627729200000,0.06414,0.0643,0.06362,0.06418,5548.6
1627732800000,0.0642,0.06467,0.06413,0.06459,2222.2
1627736400000,0.06457,0.06463,0.06388,0.0641,5114.5
1627740000000,0.06406,0.06423,0.06379,0.06407,2325.9
1627743600000,0.06408,0.06462,0.06407,0.06456,3869.1
1627747200000,0.06463,0.06488,0.06421,0.06438,2887.7
1627750800000,0.06439,0.06463,0.0641,0.06446,2250.6
1627754400000,0.06438,0.06444,0.064,0.064,993.6
1627758000000,0.06396,0.06403,0.06372,0.06396,1918.7
1627761600000,0.06383,0.06458,0.0637,0.06457,2886.4
1627765200000,0.06453,0.06514,0.06429,0.06484,3045.8
1627768800000,0.06479,0.0651,0.06462,0.06482,2701.0
1627772400000,0.06482,0.06552,0.06472,0.06543,2516.9
1627776000000,0.06547,0.06549,0.06495,0.06528,3944.6
1627779600000,0.06535,0.06535,0.06467,0.06502,2743.1
1627783200000,0.06504,0.06541,0.06502,0.06512,1941.8
1627786800000,0.06511,0.06513,0.06465,0.06479,2803.5
1627790400000,0.06468,0.06552,0.06461,0.06538,4481.6
1627794000000,0.06533,0.06535,0.06482,0.06482,3778.2
1627797600000,0.06482,0.06493,0.06447,0.06447,1858.0
1627801200000,0.06448,0.06471,0.06421,0.06421,4503.3
1627804800000,0.06421,0.06455,0.064,0.064,3388.1
1627808400000,0.0641,0.0652,0.0641,0.06514,5106.9
1627812000000,0.06514,0.06568,0.06486,0.06513,3110.6
1627815600000,0.06508,0.06527,0.06489,0.06505,2520.3
1627819200000,0.06505,0.0666,0.06505,0.06611,8755.9
1627822800000,0.06605,0.06625,0.06592,0.06603,2472.6
1627826400000,0.06595,0.06638,0.06588,0.06622,3709.0
1627830000000,0.06621,0.06669,0.06597,0.06621,5794.4
1627833600000,0.06621,0.06669,0.06589,0.06666,4072.6
1627837200000,0.0667,0.06681,0.0664,0.06657,1973.9
1627840800000,0.06673,0.06721,0.0666,0.06721,4487.1
1627844400000,0.06721,0.06765,0.0669,0.06755,3324.1
1627848000000,0.06754,0.0678,0.06693,0.06725,5679.4
1627851600000,0.06724,0.06751,0.06704,0.06737,2855.7
1627855200000,0.06726,0.06745,0.06651,0.06652,3539.0
1627858800000,0.0665,0.06678,0.0658,0.06611,7330.6
1627862400000,0.06605,0.06644,0.06566,0.06566,4086.8
1627866000000,0.06565,0.06613,0.06538,0.06593,4995.9
1627869600000,0.06586,0.0661,0.06551,0.06602,2525.4
1627873200000,0.06604,0.06629,0.06586,0.06586,2036.0
1627876800000,0.06586,0.06586,0.0654,0.0654,2894.7
1627880400000,0.06539,0.06561,0.06529,0.06543,1178.5
1627884000000,0.06547,0.06645,0.06524,0.06629,7102.2
1627887600000,0.06622,0.0669,0.0661,0.06668,4977.0
1627891200000,0.06667,0.06676,0.06614,0.06633,3425.0
1627894800000,0.06627,0.0667,0.06621,0.06656,2770.5
1627898400000,0.0666,0.0667,0.06647,0.0666,1282.6
1627902000000,0.06659,0.06716,0.0665,0.06688,4844.0
1627905600000,0.0669,0.06713,0.06639,0.06695,5741.6
1627909200000,0.06687,0.06731,0.0666,0.06718,3119.9
1627912800000,0.06722,0.06764,0.06714,0.06764,2940.7
1627916400000,0.06765,0.0679,0.06734,0.06774,3494.6
1627920000000,0.06774,0.06844,0.06765,0.06843,5356.6
1627923600000,0.06841,0.06848,0.068,0.06835,2727.5
1627927200000,0.06837,0.0687,0.06825,0.06844,1647.6
1627930800000,0.06858,0.06889,0.06816,0.06816,3065.6
1627934400000,0.06815,0.06836,0.0679,0.06819,3610.7
1627938000000,0.06819,0.06836,0.0679,0.06805,1558.2
1627941600000,0.06807,0.06816,0.0677,0.06778,2050.5
1627945200000,0.06783,0.06798,0.0676,0.06765,1724.3
1627948800000,0.06769,0.06835,0.06741,0.06782,7503.5
1627952400000,0.06776,0.06778,0.06659,0.06664,6239.5
1627956000000,0.06666,0.06716,0.06666,0.06676,5276.9
1627959600000,0.06675,0.06691,0.06594,0.06624,3782.1
1627963200000,0.06621,0.06621,0.06542,0.0655,8735.8
1627966800000,0.06558,0.06575,0.06483,0.06533,7872.7
1627970400000,0.06522,0.06549,0.06514,0.06546,3619.4
1627974000000,0.06549,0.06566,0.06511,0.06534,3317.1
1627977600000,0.06532,0.06532,0.06496,0.06502,2554.2
1627981200000,0.06501,0.06534,0.06466,0.06534,2187.0
1627984800000,0.06535,0.0657,0.06498,0.06557,5192.6
1627988400000,0.06552,0.06624,0.0655,0.06564,4993.9
1627992000000,0.06565,0.06647,0.06535,0.06623,5756.3
1627995600000,0.06614,0.06661,0.06607,0.06661,3425.5
1627999200000,0.06663,0.06673,0.06625,0.06654,4743.2
1628002800000,0.06643,0.06655,0.06618,0.06642,1441.6
1628006400000,0.06633,0.06635,0.06586,0.06607,2297.7
1628010000000,0.06607,0.06613,0.06568,0.06574,1569.0
1628013600000,0.06568,0.06579,0.06518,0.06579,4470.8
1628017200000,0.06582,0.0661,0.06573,0.0659,3405.1
1628020800000,0.06592,0.06611,0.06556,0.06594,1776.1
1628024400000,0.06591,0.06619,0.06581,0.06607,633.7
1628028000000,0.06606,0.0664,0.06596,0.06633,1687.1
1628031600000,0.06633,0.06659,0.06582,0.06592,1840.7
1628035200000,0.06595,0.06613,0.0656,0.06603,2459.0
1628038800000,0.06603,0.06656,0.06596,0.06656,1205.9
1628042400000,0.06658,0.06683,0.06636,0.06647,2463.8
1628046000000,0.0665,0.0665,0.06594,0.06594,2853.8
1628049600000,0.06594,0.06613,0.06581,0.06582,1302.5
1628053200000,0.06592,0.06615,0.06588,0.06611,1475.1
1628056800000,0.06614,0.0664,0.0661,0.06615,1495.7
1628060400000,0.06619,0.0663,0.06516,0.06527,5467.4
1628064000000,0.06527,0.06536,0.06484,0.06536,3264.0
1628067600000,0.06537,0.06563,0.06522,0.06553,2033.0
1628071200000,0.06554,0.06611,0.06445,0.06583,7398.3
1628074800000,0.06582,0.0663,0.06574,0.06614,3210.7
1628078400000,0.0661,0.06766,0.06597,0.06766,7634.9
1628082000000,0.06766,0.0682,0.06718,0.06796,7011.4
1628085600000,0.06804,0.06822,0.06778,0.06813,3199.8
1628089200000,0.06807,0.06878,0.06798,0.06824,4800.1
1628092800000,0.06825,0.06944,0.06824,0.06934,5494.1
1628096400000,0.0693,0.06957,0.06897,0.06934,3634.6
1628100000000,0.06923,0.06953,0.06901,0.06905,3275.2
1628103600000,0.06906,0.06909,0.06876,0.06883,1604.8
1628107200000,0.06885,0.07016,0.06876,0.06942,6620.3
1628110800000,0.06943,0.06978,0.06923,0.06978,1785.2
1628114400000,0.06977,0.07041,0.06965,0.07,5281.3
1628118000000,0.06987,0.07039,0.06971,0.07033,2200.2
1628121600000,0.0703,0.07082,0.07009,0.07024,5449.4
1628125200000,0.07023,0.07023,0.06923,0.06976,5519.1
1628128800000,0.06976,0.0699,0.06949,0.06966,1843.1
1628132400000,0.06971,0.07024,0.06971,0.07017,1908.7
1628136000000,0.07023,0.07053,0.06984,0.06987,2663.7
1628139600000,0.06994,0.07025,0.06994,0.07001,1595.5
1628143200000,0.07003,0.07037,0.07001,0.07023,2824.9
1628146800000,0.07025,0.07047,0.07024,0.07026,1273.2
1628150400000,0.07024,0.07031,0.06958,0.06958,2098.5
1628154000000,0.06966,0.06968,0.06883,0.06935,5483.7
1628157600000,0.06924,0.06971,0.06913,0.06957,2762.8
1628161200000,0.06948,0.06998,0.06933,0.06944,2419.4
1628164800000,0.06932,0.06964,0.06822,0.06915,8518.8
1628168400000,0.06924,0.07062,0.06917,0.07062,6036.6
1628172000000,0.07062,0.0739,0.07025,0.0739,14276.6
1628175600000,0.07383,0.07405,0.0733,0.07368,7468.3
1628179200000,0.07379,0.07395,0.07339,0.0737,4699.2
1628182800000,0.07365,0.07482,0.07352,0.07422,7392.3
1628186400000,0.07423,0.07429,0.07328,0.07372,6237.2
1628190000000,0.0737,0.07412,0.07349,0.07407,3804.3
1628193600000,0.07399,0.07442,0.07384,0.07408,2922.9
1628197200000,0.07412,0.07486,0.07412,0.07468,3043.1
1628200800000,0.07469,0.07518,0.0745,0.0745,2842.8
1628204400000,0.07463,0.07539,0.07463,0.07531,4066.4
1628208000000,0.07531,0.0756,0.0747,0.0748,5714.0
1628211600000,0.07481,0.07597,0.07469,0.0759,3767.4
1628215200000,0.07588,0.07588,0.07475,0.07475,4238.0
1628218800000,0.07473,0.07497,0.0744,0.07447,1870.5
1628222400000,0.07448,0.07472,0.07417,0.0746,2351.2
1628226000000,0.07456,0.07461,0.0741,0.0743,2429.6
1628229600000,0.07427,0.07466,0.07414,0.07466,3037.6
1628233200000,0.07452,0.07463,0.074,0.07417,3090.0
1628236800000,0.0741,0.07449,0.07394,0.07433,1651.7
1628240400000,0.07427,0.07475,0.07418,0.0747,2522.7
1628244000000,0.07467,0.07469,0.07432,0.07435,2023.2
1628247600000,0.07434,0.07597,0.07383,0.07385,4710.1
1628251200000,0.07384,0.0751,0.07384,0.07488,6539.9
1628254800000,0.07488,0.07523,0.07464,0.07464,3268.8
1628258400000,0.07461,0.07483,0.07445,0.07464,2166.7
1628262000000,0.07462,0.07487,0.074,0.07443,4150.9
1628265600000,0.07442,0.07523,0.07437,0.07494,4461.6
1628269200000,0.07492,0.07643,0.07488,0.07636,6241.2
1628272800000,0.0763,0.07654,0.07596,0.0765,4569.1
1628276400000,0.07652,0.07801,0.07652,0.07757,8772.8
1628280000000,0.07761,0.07765,0.07706,0.07755,3975.4
1628283600000,0.07765,0.07775,0.07692,0.07711,1999.6
1628287200000,0.07709,0.07748,0.07701,0.0773,1865.6
1628290800000,0.07724,0.07727,0.07644,0.07645,1624.8
1628294400000,0.07642,0.07662,0.0757,0.07661,6383.3
1628298000000,0.07652,0.07708,0.07626,0.07626,6430.2
1628301600000,0.07624,0.07636,0.07564,0.07583,4083.6
1628305200000,0.07587,0.0759,0.07548,0.0759,1788.2
1628308800000,0.07587,0.07664,0.07587,0.07662,3524.3
1628312400000,0.07646,0.07687,0.07634,0.07652,1965.1
1628316000000,0.07652,0.07693,0.07624,0.07693,2311.2
1628319600000,0.07684,0.07707,0.07654,0.07707,1506.3
1628323200000,0.07707,0.078,0.07688,0.078,2788.7
1628326800000,0.07799,0.0786,0.07787,0.07843,6179.6
1628330400000,0.07845,0.07893,0.07803,0.07844,4239.7
1628334000000,0.07858,0.07997,0.07847,0.07981,7444.9
1628337600000,0.0799,0.08065,0.079,0.07971,9816.5
1628341200000,0.07974,0.08024,0.07937,0.07985,6709.1
1628344800000,0.07991,0.08025,0.07977,0.07982,4113.7
1628348400000,0.07979,0.0799,0.07891,0.07897,4057.4
1628352000000,0.079,0.08001,0.07857,0.0799,6387.5
1628355600000,0.07997,0.08027,0.07853,0.07853,3715.9
1628359200000,0.07853,0.07865,0.07815,0.07833,2809.2
1628362800000,0.07831,0.07867,0.07792,0.07865,2463.1
1628366400000,0.07854,0.0791,0.07833,0.07905,2763.1
1628370000000,0.07905,0.07937,0.07878,0.07893,2930.5
1628373600000,0.07893,0.07937,0.07852,0.0791,2636.2
1628377200000,0.0791,0.07948,0.07891,0.07948,2010.1
1628380800000,0.07934,0.08009,0.07928,0.07995,4663.8
1628384400000,0.07985,0.07998,0.079,0.07922,4431.1
1628388000000,0.07908,0.07922,0.07871,0.07883,3727.4
1628391600000,0.07891,0.07952,0.07891,0.07948,4152.6
1628395200000,0.07953,0.07961,0.07913,0.07924,2756.5
1628398800000,0.07916,0.07953,0.07888,0.0794,1735.3
1628402400000,0.07944,0.07969,0.07925,0.0794,2361.7
1628406000000,0.07935,0.07961,0.07929,0.07932,1187.1
1628409600000,0.07941,0.07952,0.07916,0.07919,953.9
1628413200000,0.07914,0.07949,0.07911,0.07937,1419.8
1628416800000,0.0793,0.07932,0.07886,0.07923,1399.2
1628420400000,0.07927,0.07938,0.07867,0.07877,1895.3
1628424000000,0.07878,0.0793,0.07877,0.07922,877.0
1628427600000,0.07919,0.07919,0.07862,0.07881,2352.5
1628431200000,0.07876,0.07901,0.07784,0.0779,3801.3
1628434800000,0.07797,0.07811,0.07732,0.07752,3153.5
1628438400000,0.07748,0.078,0.07715,0.07754,4833.4
1628442000000,0.07763,0.0777,0.07708,0.07748,2705.5
1628445600000,0.07749,0.07768,0.07688,0.07696,2007.0
1628449200000,0.07688,0.07764,0.07684,0.07726,2791.6
1628452800000,0.07723,0.07728,0.07666,0.07693,3068.7
1628456400000,0.07688,0.07815,0.07688,0.07814,2179.6
1628460000000,0.07801,0.07855,0.07801,0.0784,3356.1
1628463600000,0.07843,0.07868,0.07789,0.07804,4343.4
1628467200000,0.07802,0.07827,0.07667,0.07667,4756.7
1628470800000,0.07666,0.07677,0.07602,0.07676,3130.5
1628474400000,0.07663,0.07729,0.07663,0.07717,2935.8
1628478000000,0.0771,0.07719,0.07676,0.07703,1306.7
1628481600000,0.07703,0.07703,0.07657,0.07699,1919.6
1628485200000,0.07698,0.07712,0.0765,0.07661,1649.9
1628488800000,0.07665,0.07668,0.076,0.07625,2462.3
1628492400000,0.07625,0.07705,0.07625,0.07705,2028.7
1628496000000,0.07708,0.07735,0.07694,0.07706,2018.9
1628499600000,0.07695,0.07815,0.07625,0.07796,6539.8
1628503200000,0.07795,0.07909,0.07781,0.07905,5523.1
1628506800000,0.07908,0.07967,0.07893,0.07913,4513.3
1628510400000,0.07912,0.07955,0.07896,0.07926,2463.9
1628514000000,0.07939,0.07947,0.07789,0.07869,4635.2
1628517600000,0.07873,0.07926,0.07869,0.07911,2992.4
1628521200000,0.07916,0.08006,0.07916,0.08004,2562.6
1628524800000,0.08007,0.0806,0.07944,0.07986,4034.7
1628528400000,0.0799,0.0803,0.07971,0.0801,1524.1
1628532000000,0.08021,0.08082,0.08014,0.08042,2730.4
1628535600000,0.08059,0.08073,0.07967,0.07967,1844.2
1628539200000,0.07976,0.07993,0.07935,0.07983,2708.3
1628542800000,0.07967,0.07967,0.07906,0.07924,1413.9
1628546400000,0.07943,0.07993,0.07939,0.0798,956.5
1628550000000,0.0799,0.08032,0.07969,0.07995,1764.1
1628553600000,0.08005,0.08203,0.08005,0.08101,7916.4
1628557200000,0.08103,0.08158,0.08064,0.08153,3926.2
1628560800000,0.08151,0.08194,0.08092,0.0819,2889.4
1628564400000,0.08195,0.08215,0.08157,0.08202,2558.6
1628568000000,0.08203,0.08325,0.08188,0.08297,5075.0
1628571600000,0.0829,0.08363,0.08277,0.08296,5324.3
1628575200000,0.08284,0.0835,0.08272,0.08275,2890.6
1628578800000,0.08273,0.08273,0.08225,0.08257,1708.9
1628582400000,0.08258,0.08258,0.08211,0.0822,1144.3
1628586000000,0.08215,0.08381,0.08197,0.08329,7846.4
1628589600000,0.08325,0.08325,0.08235,0.08235,3964.9
1628593200000,0.08234,0.08316,0.08215,0.08231,3163.7
1628596800000,0.08235,0.08241,0.08035,0.08077,4844.0
1628600400000,0.08075,0.08109,0.07989,0.08029,7708.0
1628604000000,0.08025,0.08025,0.07826,0.07829,9662.5
1628607600000,0.07825,0.0786,0.07768,0.07804,30240.5
1628611200000,0.07815,0.07822,0.07756,0.07756,1803.2
1628614800000,0.07758,0.07815,0.07755,0.07795,2029.4
1628618400000,0.07789,0.07876,0.07789,0.07876,1767.9
1628622000000,0.07862,0.07876,0.07841,0.07864,1222.5
1628625600000,0.07868,0.07905,0.07868,0.07898,1085.6
1628629200000,0.07902,0.07926,0.07857,0.07875,2043.3
1628632800000,0.07861,0.07915,0.07784,0.07796,2755.6
1628636400000,0.07805,0.07813,0.07716,0.07731,2545.5
1628640000000,0.07736,0.07776,0.07681,0.07718,5533.4
1628643600000,0.07711,0.07794,0.07702,0.07754,3762.0
1628647200000,0.07752,0.07752,0.07676,0.077,2004.8
1628650800000,0.07697,0.07763,0.07697,0.07734,2146.7
1628654400000,0.07732,0.07751,0.07707,0.07721,2627.1
1628658000000,0.0772,0.07729,0.07667,0.07702,3002.4
1628661600000,0.07696,0.07721,0.0765,0.07675,6169.6
1628665200000,0.07676,0.07808,0.07674,0.07744,25902.1
1628668800000,0.07742,0.07755,0.07687,0.0773,5315.7
1628672400000,0.07731,0.07779,0.07706,0.07779,7752.7
1628676000000,0.07773,0.07799,0.0772,0.07746,6149.9
1628679600000,0.07746,0.07771,0.07717,0.07717,2205.3
1628683200000,0.07727,0.07774,0.07725,0.07759,2201.0
1628686800000,0.0776,0.07809,0.07593,0.07648,11195.1
1628690400000,0.0765,0.07683,0.07563,0.07594,6415.7
1628694000000,0.07587,0.07607,0.07549,0.07559,3488.4
1628697600000,0.07562,0.07589,0.07462,0.07462,7205.8
1628701200000,0.07469,0.07521,0.07469,0.07501,2143.4
1628704800000,0.0751,0.07533,0.0749,0.07501,2437.1
1628708400000,0.07498,0.07506,0.07463,0.07484,2522.9
1628712000000,0.07486,0.0749,0.07403,0.07436,6445.3
1628715600000,0.07434,0.07475,0.07402,0.07435,4648.6
1628719200000,0.07425,0.07461,0.07388,0.07394,2239.7
1628722800000,0.07391,0.07408,0.07364,0.07408,1666.1
1628726400000,0.07411,0.07431,0.07367,0.07386,3600.0
1628730000000,0.07383,0.07408,0.07348,0.07363,2902.7
1628733600000,0.07362,0.0739,0.07346,0.07354,2523.1
1628737200000,0.07367,0.0738,0.07358,0.07365,1874.6
1628740800000,0.07372,0.07383,0.07343,0.07383,2032.9
1628744400000,0.07376,0.07483,0.07355,0.07355,4876.0
1628748000000,0.07371,0.07408,0.07337,0.07374,3187.0
1628751600000,0.07373,0.07433,0.07366,0.07413,1692.4
1628755200000,0.07415,0.07441,0.0739,0.0739,3251.0
1628758800000,0.07391,0.07439,0.07382,0.07412,2585.5
1628762400000,0.07424,0.07429,0.07378,0.07392,2481.4
1628766000000,0.07392,0.07392,0.07345,0.07359,3203.5
1628769600000,0.07359,0.07362,0.07322,0.07344,3441.0
1628773200000,0.07333,0.07354,0.07309,0.07354,1898.3
1628776800000,0.07347,0.07347,0.07287,0.07309,3522.1
1628780400000,0.07306,0.07315,0.07231,0.07236,2256.6
1628784000000,0.07234,0.07258,0.07189,0.07202,3133.2
1628787600000,0.07201,0.07265,0.072,0.07263,1489.3
1628791200000,0.07256,0.07273,0.07223,0.07227,2253.3
1628794800000,0.07228,0.07247,0.07222,0.07242,962.3
1628798400000,0.07236,0.07286,0.07233,0.07245,2447.2
1628802000000,0.07245,0.07256,0.07205,0.07213,883.9
1628805600000,0.07213,0.07254,0.07205,0.07245,1301.1
1628809200000,0.07242,0.07286,0.07236,0.07283,2165.3
1628812800000,0.07284,0.07327,0.0723,0.07251,4987.4
1628816400000,0.07248,0.07248,0.07199,0.07205,1703.6
1628820000000,nan,nan,nan,nan,nan
1628823600000,nan,nan,nan,nan,nan
1628827200000,nan,nan,nan,nan,nan
1628830800000,nan,nan,nan,nan,nan
1628834400000,0.07207,0.07315,0.07205,0.07315,3080.2
1628838000000,0.07314,0.0739,0.07269,0.07386,5195.8
1628841600000,0.07384,0.07465,0.07384,0.07451,5363.2
1628845200000,0.07447,0.07447,0.07327,0.07374,4899.7
1628848800000,0.07385,0.0743,0.07379,0.07384,3257.2
1628852400000,0.07384,0.07443,0.07363,0.07393,2798.2
1628856000000,0.07396,0.07434,0.07386,0.07417,2676.7
1628859600000,0.07411,0.07425,0.07381,0.07408,2839.1
1628863200000,0.07411,0.0745,0.07392,0.07448,3305.5
1628866800000,0.07448,0.07459,0.07384,0.07444,2742.8
1628870400000,0.07446,0.07491,0.07405,0.07448,3111.4
1628874000000,0.07443,0.07467,0.07428,0.07462,1638.3
1628877600000,0.07452,0.07452,0.07399,0.07437,1808.9
1628881200000,0.07437,0.07441,0.07407,0.0744,1157.6
1628884800000,0.07435,0.07454,0.07393,0.07406,3568.0
1628888400000,0.07406,0.07435,0.07394,0.07404,2219.3
1628892000000,0.07411,0.07431,0.07389,0.07428,1296.0
1628895600000,0.07431,0.07495,0.07409,0.07425,4148.3
1628899200000,0.07425,0.07493,0.0741,0.07441,4082.2
1628902800000,0.07438,0.07475,0.07434,0.07436,1534.3
1628906400000,0.0744,0.07446,0.07412,0.0742,755.8
1628910000000,0.07416,0.07422,0.07362,0.0739,2130.3
1628913600000,0.07387,0.074,0.07359,0.07376,1387.4
1628917200000,0.07376,0.07377,0.07352,0.07368,965.3
1628920800000,0.07356,0.07375,0.07309,0.07332,2961.8
1628924400000,0.07326,0.07326,0.0725,0.07268,2871.9
1628928000000,0.07258,0.07272,0.0723,0.07231,1622.5
1628931600000,0.07231,0.0729,0.07223,0.07237,3871.8
1628935200000,0.0724,0.07244,0.07162,0.07181,7561.1
1628938800000,0.07181,0.07201,0.07154,0.07159,2776.5
1628942400000,0.07159,0.07187,0.07154,0.07174,1013.3
1628946000000,0.07187,0.07205,0.07162,0.07173,1626.0
1628949600000,0.07184,0.07221,0.07176,0.07221,2611.0
1628953200000,0.07222,0.0724,0.07212,0.07231,2548.8
1628956800000,0.07231,0.07346,0.07216,0.07313,5388.7
1628960400000,0.07319,0.0739,0.07301,0.0737,2976.3
1628964000000,0.07363,0.07386,0.07332,0.07365,1688.7
1628967600000,0.07362,0.07391,0.07349,0.07385,1308.8
1628971200000,0.07382,0.07403,0.07332,0.07344,2873.4
1628974800000,0.07345,0.07381,0.07341,0.07361,956.6
1628978400000,0.07365,0.07393,0.07335,0.07393,944.2
1628982000000,0.07398,0.07411,0.07356,0.07356,1000.2
1628985600000,0.07362,0.07419,0.07362,0.07381,1901.1
1628989200000,0.07388,0.07417,0.07356,0.07398,2762.4
1628992800000,0.074,0.074,0.07349,0.07373,1212.9
1628996400000,0.07367,0.07367,0.07334,0.07341,1094.2
1629000000000,0.07343,0.07358,0.07322,0.07346,1560.2
1629003600000,0.07338,0.0737,0.07334,0.07337,809.6
1629007200000,0.07334,0.07344,0.07281,0.07297,2436.6
1629010800000,0.07284,0.07287,0.07206,0.07234,4889.2
1629014400000,0.07233,0.07247,0.07203,0.07214,1597.4
1629018000000,0.07205,0.07231,0.07186,0.07203,1512.6
1629021600000,0.07191,0.07191,0.07119,0.0712,3673.0
1629025200000,0.07119,0.07157,0.07105,0.07149,1797.9
1629028800000,0.07146,0.07159,0.07105,0.07105,2422.8
1629032400000,0.07113,0.07164,0.07113,0.07164,2513.9
1629036000000,0.07158,0.0717,0.0711,0.0711,1757.7
1629039600000,0.07108,0.07161,0.07108,0.07159,1002.5
1629043200000,0.07153,0.07159,0.07113,0.07153,1688.7
1629046800000,0.07152,0.07161,0.07077,0.0715,2891.6
1629050400000,0.0715,0.07161,0.07124,0.07149,1715.9
1629054000000,0.07148,0.07164,0.07125,0.07148,2046.3
1629057600000,0.07161,0.07267,0.07161,0.07255,3304.2
1629061200000,0.07263,0.07268,0.07234,0.07236,1629.5
1629064800000,0.07247,0.07322,0.07247,0.07287,2268.6
1629068400000,0.07284,0.07337,0.07271,0.07297,2721.1
1629072000000,0.07303,0.07308,0.07234,0.07287,3488.7
1629075600000,0.0729,0.07331,0.07277,0.07303,3755.0
1629079200000,0.07304,0.07319,0.07269,0.07289,2214.0
1629082800000,0.07283,0.07286,0.07224,0.07243,2175.1
1629086400000,0.07243,0.07304,0.07237,0.07262,1799.9
1629090000000,0.07266,0.07303,0.07187,0.07295,7471.4
1629093600000,0.07297,0.07322,0.07254,0.07272,3382.4
1629097200000,0.07272,0.07315,0.07233,0.07302,3138.9
1629100800000,0.07311,0.07312,0.07162,0.07165,4915.7
1629104400000,0.07165,0.07268,0.07163,0.07241,4615.7
1629108000000,0.07247,0.07308,0.07218,0.07264,5543.9
1629111600000,0.07263,0.07272,0.07202,0.07218,2703.5
1629115200000,0.0721,0.0721,0.07136,0.07141,4553.7
1629118800000,0.07134,0.07134,0.07038,0.07072,5507.8
1629122400000,0.07072,0.07107,0.07032,0.07032,2803.6
1629126000000,0.07038,0.07107,0.07038,0.07094,3310.3
1629129600000,0.07086,0.07093,0.07007,0.07035,3480.1
1629133200000,0.07033,0.07076,0.07032,0.07069,1271.7
1629136800000,0.07075,0.07113,0.07075,0.07113,1168.0
1629140400000,0.071,0.071,0.07044,0.07067,2214.4
1629144000000,0.07064,0.07064,0.07019,0.07024,4254.0
1629147600000,0.07024,0.07024,0.06989,0.07017,2679.0
1629151200000,0.07006,0.07043,0.07,0.07032,1000.2
1629154800000,0.07033,0.07037,0.0698,0.06994,2545.8
1629158400000,0.06991,0.07003,0.06954,0.06965,3004.2
1629162000000,0.06963,0.07005,0.06961,0.06977,3328.4
1629165600000,0.06978,0.06983,0.06907,0.0695,4362.7
1629169200000,0.06947,0.07017,0.06944,0.06986,2563.2
1629172800000,0.06986,0.07006,0.06963,0.06966,2054.1
1629176400000,0.06965,0.06983,0.0693,0.06956,2564.9
1629180000000,0.06965,0.06977,0.06943,0.06962,2305.0
1629183600000,0.06959,0.07003,0.06936,0.07003,3539.2
1629187200000,0.07005,0.07037,0.0699,0.07017,2921.8
1629190800000,0.07021,0.07028,0.0697,0.07021,4127.9
1629194400000,0.07021,0.0707,0.07001,0.07011,4046.1
1629198000000,0.0702,0.07041,0.06988,0.07,2636.9
1629201600000,0.07002,0.07085,0.07002,0.07021,6866.5
1629205200000,0.07029,0.07047,0.06998,0.06998,2765.5
1629208800000,0.06996,0.07028,0.06967,0.0702,4036.3
1629212400000,0.07015,0.07067,0.06978,0.06987,5078.7
1629216000000,0.06987,0.06999,0.06886,0.06886,8050.3
1629219600000,0.06888,0.06945,0.06879,0.06912,3361.4
1629223200000,0.0691,0.06945,0.069,0.06918,2727.9
1629226800000,0.06916,0.06939,0.06875,0.06887,3650.3
1629230400000,0.06876,0.06893,0.06744,0.06796,10733.0
1629234000000,0.06793,0.06796,0.06631,0.06656,6491.5
1629237600000,0.0665,0.06677,0.06463,0.06565,11869.6
1629241200000,0.06565,0.06591,0.06543,0.06571,3043.0
1629244800000,0.06569,0.06594,0.06533,0.06592,5631.1
1629248400000,0.06592,0.06662,0.06522,0.0657,15785.5
1629252000000,0.0657,0.06633,0.06566,0.066,6599.3
1629255600000,0.06597,0.06667,0.06582,0.06644,3819.1
1629259200000,0.06641,0.06668,0.06611,0.06621,3894.4
1629262800000,0.06623,0.06682,0.06614,0.06678,3683.9
1629266400000,0.06675,0.06722,0.06653,0.06671,4189.6
1629270000000,0.0667,0.06675,0.06608,0.0663,3370.0
1629273600000,0.0663,0.06657,0.06626,0.06645,2112.1
1629277200000,0.06646,0.06719,0.06646,0.06693,3106.3
1629280800000,0.06705,0.06711,0.06656,0.06667,1757.5
1629284400000,0.0667,0.06688,0.06624,0.06632,2392.9
1629288000000,0.0663,0.06723,0.06625,0.06648,7228.2
1629291600000,0.06646,0.06669,0.06627,0.06633,1901.2
1629295200000,0.06639,0.0667,0.06634,0.06656,2819.5
1629298800000,0.06651,0.06682,0.06602,0.06682,3116.1
1629302400000,0.06675,0.06675,0.06608,0.06647,3737.2
1629306000000,0.06647,0.06672,0.06621,0.06658,3346.0
1629309600000,0.06664,0.06669,0.06575,0.0658,3400.7
1629313200000,0.06582,0.06695,0.06582,0.06691,2639.8
1629316800000,0.06691,0.06729,0.06675,0.06696,1946.0
1629320400000,0.06695,0.06695,0.06639,0.06653,1241.0
1629324000000,0.06648,0.06692,0.06644,0.06682,1064.2
1629327600000,0.06683,0.06704,0.06626,0.06632,3286.9
1629331200000,0.06644,0.06644,0.06494,0.06504,6607.5
1629334800000,0.06499,0.0651,0.06475,0.06487,3626.3
1629338400000,0.06478,0.06497,0.06463,0.06475,2255.1
1629342000000,0.06483,0.0652,0.06453,0.06497,2425.0
1629345600000,0.06497,0.06509,0.06468,0.06485,4192.8
1629349200000,0.06488,0.06531,0.06474,0.0651,3769.0
1629352800000,0.06516,0.06545,0.06495,0.06514,2270.5
1629356400000,0.06524,0.06538,0.06498,0.06517,1595.2
1629360000000,0.0652,0.06538,0.06433,0.0644,4147.9
1629363600000,0.0645,0.06466,0.06423,0.06458,2491.3
1629367200000,0.06461,0.06461,0.06394,0.06414,2569.1
1629370800000,0.06403,0.06443,0.06369,0.06443,2978.3
1629374400000,0.06432,0.06432,0.06372,0.06378,2257.7
1629378000000,0.06374,0.06374,0.06306,0.06336,4538.8
1629381600000,0.06336,0.06366,0.06282,0.06301,6520.0
1629385200000,0.06305,0.06334,0.06303,0.06314,2481.7
1629388800000,0.06323,0.06426,0.06323,0.06425,6805.1
1629392400000,0.06415,0.06425,0.06351,0.06357,2671.1
1629396000000,0.06358,0.06456,0.06357,0.06438,2866.0
1629399600000,0.06431,0.06457,0.0641,0.06418,2592.5
1629403200000,0.06427,0.06502,0.06427,0.06497,1950.9
1629406800000,0.06501,0.06504,0.06452,0.06485,1651.8
1629410400000,0.06489,0.06499,0.06452,0.06483,1974.3
1629414000000,0.06486,0.06497,0.0646,0.06493,1447.6
1629417600000,0.06489,0.06547,0.06452,0.06524,4046.0
1629421200000,0.06531,0.06568,0.065,0.06568,2061.0
1629424800000,0.0657,0.06574,0.06527,0.06537,2040.6
1629428400000,0.06541,0.06558,0.06478,0.06501,3534.1
1629432000000,0.06489,0.06534,0.06482,0.06529,1708.3
1629435600000,0.0653,0.06595,0.06521,0.06593,2045.2
1629439200000,0.06584,0.06584,0.0649,0.06552,4602.6
1629442800000,0.06559,0.0656,0.06518,0.06534,2724.9
1629446400000,0.06535,0.06694,0.06481,0.06554,7056.0
1629450000000,0.06562,0.06588,0.0654,0.06585,3565.6
1629453600000,0.06588,0.06588,0.06535,0.06546,2009.9
1629457200000,0.06546,0.06556,0.06525,0.06526,1144.9
1629460800000,0.06531,0.06603,0.06531,0.06581,2123.6
1629464400000,0.06579,0.06601,0.06539,0.06539,4530.4
1629468000000,0.06538,0.06548,0.06418,0.06418,5687.8
1629471600000,0.06418,0.06461,0.06413,0.06445,4798.1
1629475200000,0.06446,0.06464,0.06394,0.06428,6788.0
1629478800000,0.06425,0.06449,0.06396,0.064,2587.4
1629482400000,0.06394,0.06407,0.06346,0.06346,3127.2
1629486000000,0.06348,0.06363,0.06332,0.0635,1914.9
1629489600000,0.06349,0.0636,0.06335,0.06345,1737.3
1629493200000,0.06348,0.06353,0.06279,0.063,3444.9
1629496800000,0.06293,0.06333,0.06282,0.06333,3256.7
1629500400000,0.06325,0.06351,0.06295,0.06348,2529.4
1629504000000,0.06348,0.06393,0.06323,0.06349,3383.3
1629507600000,0.0635,0.06351,0.06312,0.06334,1868.1
1629511200000,0.06339,0.06387,0.06338,0.06366,1607.2
1629514800000,0.06362,0.06388,0.06354,0.06354,761.8
1629518400000,0.06353,0.06358,0.0631,0.06353,1780.7
1629522000000,0.06357,0.06423,0.06342,0.06388,3525.9
1629525600000,0.06396,0.06459,0.06396,0.06434,4714.2
1629529200000,0.06434,0.06454,0.06396,0.06402,2033.4
1629532800000,0.06401,0.06505,0.06401,0.06497,4370.0
1629536400000,0.06499,0.06501,0.06457,0.0647,1693.4
1629540000000,0.0647,0.06477,0.06404,0.06428,3266.0
1629543600000,0.0643,0.06431,0.06378,0.06399,4322.9
1629547200000,0.06393,0.06417,0.06342,0.06363,7372.6
1629550800000,0.06364,0.06405,0.06345,0.06396,3410.9
1629554400000,0.06403,0.06422,0.06374,0.06404,2996.3
1629558000000,0.06416,0.06427,0.06372,0.06376,1996.0
1629561600000,0.06379,0.0647,0.06379,0.06463,4458.7
1629565200000,0.06455,0.06455,0.06396,0.06427,2041.4
1629568800000,0.0642,0.06438,0.06393,0.06393,1498.5
1629572400000,0.06396,0.06405,0.06321,0.06326,2777.6
1629576000000,0.06319,0.06361,0.06313,0.06354,1427.7
1629579600000,0.06353,0.06358,0.06319,0.06323,1745.3
1629583200000,0.06321,0.06334,0.06293,0.06294,1561.6
1629586800000,0.06295,0.06301,0.0627,0.06292,1786.7
1629590400000,0.06288,0.06364,0.06288,0.06323,3260.5
1629594000000,0.06317,0.06327,0.06292,0.06325,1233.3
1629597600000,0.06325,0.06325,0.0629,0.06296,954.6
1629601200000,0.06294,0.06312,0.06283,0.06303,1396.9
1629604800000,0.06308,0.06422,0.06308,0.06361,7033.1
1629608400000,0.06356,0.0636,0.06326,0.06329,1335.8
1629612000000,0.06329,0.06355,0.06326,0.06342,1921.0
1629615600000,0.06341,0.06364,0.06325,0.06364,1646.0
1629619200000,0.06363,0.06378,0.06342,0.0636,1914.8
1629622800000,0.06361,0.06374,0.06355,0.06357,1048.8
1629626400000,0.06355,0.06365,0.06338,0.06346,1246.3
1629630000000,0.06344,0.06345,0.06321,0.06339,3857.4
1629633600000,0.06346,0.06356,0.06251,0.06299,6429.3
1629637200000,0.06299,0.06303,0.06268,0.06278,1614.1
1629640800000,0.06271,0.06287,0.06249,0.06285,3849.9
1629644400000,0.06274,0.06285,0.06245,0.0627,1980.6
1629648000000,0.06268,0.06284,0.06252,0.06268,1463.1
1629651600000,0.0626,0.06269,0.06233,0.06236,1588.4
1629655200000,0.06236,0.06252,0.06206,0.06252,2374.2
1629658800000,0.06253,0.06265,0.06245,0.06258,2344.1
1629662400000,0.06254,0.06265,0.06232,0.06265,1924.3
1629666000000,0.06253,0.06273,0.06247,0.06253,912.4
1629669600000,0.06248,0.06299,0.06247,0.06299,1578.1
1629673200000,0.06299,0.0635,0.06291,0.06338,2757.6
1629676800000,0.06328,0.06364,0.06312,0.06312,3051.1
1629680400000,0.06325,0.06383,0.06309,0.06327,3473.0
1629684000000,0.0633,0.06391,0.06312,0.0638,2339.5
1629687600000,0.06391,0.06435,0.06352,0.06353,3772.6
1629691200000,0.06343,0.06343,0.06179,0.06179,5673.5
1629694800000,0.06182,0.0619,0.06092,0.06114,5996.1
1629698400000,0.06118,0.06121,0.06069,0.06069,1731.9
1629702000000,0.06078,0.06114,0.0603,0.06043,3531.1
1629705600000,0.06043,0.06079,0.06024,0.06024,3186.4
1629709200000,0.06033,0.06033,0.05855,0.05856,7992.7
1629712800000,0.05862,0.05892,0.05833,0.05857,7718.6
1629716400000,0.05864,0.0589,0.05842,0.05863,4047.3
1629720000000,0.05862,0.05922,0.05841,0.05858,3595.9
1629723600000,0.05858,0.05858,0.05768,0.05826,6127.8
1629727200000,0.05827,0.05891,0.05822,0.05845,5821.7
1629730800000,0.05846,0.05855,0.0581,0.05837,2872.7
1629734400000,0.05847,0.05848,0.05786,0.05848,3034.8
1629738000000,0.05848,0.05865,0.05829,0.05859,2380.7
1629741600000,0.05861,0.05866,0.05723,0.05731,5073.4
1629745200000,0.05732,0.05771,0.05731,0.05742,2161.9
1629748800000,0.0575,0.05757,0.05701,0.0571,2712.6
1629752400000,0.05705,0.05734,0.05692,0.05709,3079.4
1629756000000,0.05712,0.05747,0.05702,0.05747,1918.1
1629759600000,0.05747,0.05799,0.05747,0.05768,3122.6
1629763200000,0.05768,0.0579,0.05749,0.0579,2338.8
1629766800000,0.05784,0.05797,0.05745,0.05767,2860.1
1629770400000,0.05767,0.05768,0.05744,0.05744,1758.0
1629774000000,0.05757,0.05796,0.05757,0.05785,2012.3
1629777600000,0.05787,0.05871,0.05785,0.05827,5855.0
1629781200000,0.05828,0.05847,0.05788,0.05807,2629.1
1629784800000,0.05809,0.05883,0.05787,0.05865,4472.0
1629788400000,0.05863,0.05876,0.05832,0.05858,4407.6
1629792000000,0.05862,0.05864,0.05804,0.05809,2319.5
1629795600000,0.0581,0.05818,0.05788,0.05808,3086.6
1629799200000,0.05803,0.05824,0.05791,0.05824,2294.3
1629802800000,0.05822,0.05833,0.05779,0.05792,2560.4
1629806400000,0.05794,0.05846,0.0578,0.05803,4234.1
1629810000000,0.05806,0.05826,0.05772,0.05783,4155.2
1629813600000,0.05781,0.05786,0.0575,0.05773,3858.9
1629817200000,0.05776,0.05815,0.05765,0.05807,1804.1
1629820800000,0.05803,0.05828,0.05666,0.05685,8387.0
1629824400000,0.05687,0.05725,0.05681,0.05722,3096.2
1629828000000,0.05718,0.05719,0.05673,0.05679,1489.2
1629831600000,0.05675,0.05682,0.0565,0.05673,2214.7
1629835200000,0.05663,0.05683,0.0564,0.05683,1859.7
1629838800000,0.05675,0.05675,0.05621,0.0564,2883.6
1629842400000,0.05637,0.05682,0.05623,0.05674,1960.5
1629846000000,0.05664,0.05678,0.05639,0.05644,2119.8
1629849600000,0.05645,0.05655,0.05613,0.05613,3748.9
1629853200000,0.05611,0.05614,0.05587,0.05607,2205.2
1629856800000,0.05612,0.05632,0.05585,0.05632,2998.6
1629860400000,0.05622,0.05622,0.05578,0.05578,1783.9
1629864000000,0.05581,0.05581,0.05535,0.05537,1305.0
1629867600000,0.05537,0.05566,0.05534,0.05556,1998.7
1629871200000,0.05554,0.05565,0.05489,0.05489,4742.7
1629874800000,0.05488,0.05507,0.05478,0.05482,3390.6
1629878400000,0.05482,0.05518,0.05446,0.05476,6120.4
1629882000000,0.05473,0.05485,0.05436,0.05436,5786.0
1629885600000,0.05443,0.05496,0.05442,0.05484,3050.6
1629889200000,0.05486,0.05512,0.05475,0.05475,1592.7
1629892800000,0.05474,0.05474,0.05417,0.05419,3041.1
1629896400000,0.0542,0.05426,0.05394,0.05406,2384.1
1629900000000,0.05409,0.05422,0.05333,0.05333,7872.7
1629903600000,0.05332,0.05388,0.05331,0.05388,4095.1
1629907200000,0.05389,0.05426,0.05375,0.05375,2228.1
1629910800000,0.05375,0.05437,0.05375,0.05407,7367.9
1629914400000,0.05406,0.0543,0.05401,0.0543,1412.6
1629918000000,0.05432,0.05442,0.05389,0.0539,2620.6
1629921600000,0.05394,0.05411,0.05391,0.05411,1653.4
1629925200000,0.0541,0.05417,0.0535,0.05354,2146.3
1629928800000,0.05357,0.05386,0.05356,0.05371,1663.1
1629932400000,0.05379,0.05394,0.05371,0.05377,1094.3
1629936000000,0.05376,0.05382,0.05285,0.05328,7198.5
1629939600000,0.05325,0.05344,0.05316,0.05323,2204.1
1629943200000,0.05323,0.05339,0.05312,0.05338,1954.4
1629946800000,0.05328,0.05393,0.05296,0.05367,5726.2
1629950400000,0.05374,0.05414,0.05346,0.05364,3830.3
1629954000000,0.05366,0.0541,0.05348,0.05348,6264.8
1629957600000,0.05351,0.05353,0.05301,0.05308,4276.67
1629961200000,0.05307,0.05383,0.05307,0.05341,4373.64
1629964800000,0.05341,0.05405,0.05341,0.05372,3821.97
1629968400000,0.05367,0.05371,0.05338,0.0534,1226.48
1629972000000,0.05341,0.0536,0.05328,0.05334,2480.84
1629975600000,0.05334,0.0534,0.05318,0.05324,2426.25
1629979200000,0.05327,0.05338,0.05292,0.05309,3624.52
1629982800000,0.0531,0.05312,0.05279,0.05279,2312.11
1629986400000,0.05282,0.05335,0.05282,0.05312,3077.29
1629990000000,0.05314,0.05337,0.05297,0.05299,2602.24
1629993600000,0.05297,0.05344,0.0529,0.05322,3627.51
1629997200000,0.05331,0.05333,0.05305,0.05305,1375.03
1630000800000,0.05304,0.05355,0.05279,0.05347,2302.71
1630004400000,0.05345,0.0535,0.05318,0.05329,1082.77
1630008000000,0.05332,0.05367,0.05332,0.05358,1178.49
1630011600000,0.05361,0.05366,0.05339,0.05349,1622.61
1630015200000,0.05344,0.05372,0.0534,0.05361,1302.05
1630018800000,0.05359,0.05386,0.05334,0.05343,2416.99
1630022400000,0.05335,0.05387,0.05318,0.0535,4885.97
1630026000000,0.05345,0.05358,0.0533,0.05355,2103.3
1630029600000,0.05357,0.05368,0.05343,0.05345,1991.33
1630033200000,0.05345,0.05421,0.05345,0.05417,3679.17
1630036800000,0.05423,0.05425,0.05374,0.05396,2323.73
1630040400000,0.05397,0.05455,0.05397,0.05443,2796.31
1630044000000,0.05444,0.05449,0.05412,0.05417,1951.17
1630047600000,0.05416,0.0545,0.05402,0.0545,4165.4
1630051200000,0.05449,0.05458,0.05427,0.0545,2473.8
1630054800000,0.05451,0.05489,0.05451,0.05469,1834.46
1630058400000,0.05473,0.05485,0.05406,0.05446,3711.7
1630062000000,0.05437,0.05462,0.05424,0.05461,2437.13
1630065600000,0.05464,0.0551,0.05457,0.05497,3289.21
1630069200000,0.05497,0.05508,0.05471,0.05501,1710.55
1630072800000,0.05502,0.05555,0.05479,0.05541,4098.14
1630076400000,0.05539,0.05581,0.05526,0.05573,3571.0
1630080000000,0.05575,0.05589,0.05562,0.05588,2236.06
1630083600000,0.05587,0.0559,0.05552,0.05557,1493.72
1630087200000,0.05557,0.05565,0.05533,0.05548,1573.9
1630090800000,0.05551,0.05576,0.05546,0.0557,1435.82
1630094400000,0.05567,0.05585,0.05546,0.05549,3200.11
1630098000000,0.05551,0.05563,0.05539,0.05546,900.67
1630101600000,0.05549,0.05558,0.05538,0.05558,540.81
1630105200000,0.05556,0.05562,0.0553,0.05544,1100.59
1630108800000,0.05543,0.0559,0.05542,0.05587,2247.01
1630112400000,0.05591,0.05594,0.05566,0.05577,1655.43
1630116000000,0.05577,0.05577,0.05537,0.05551,1055.48
1630119600000,0.05552,0.05557,0.05534,0.05544,1403.1
1630123200000,0.05545,0.05556,0.05531,0.05556,1135.96
1630126800000,0.05553,0.05557,0.05537,0.05556,1307.77
1630130400000,0.05552,0.05587,0.05543,0.05576,1564.22
1630134000000,0.05571,0.05576,0.05554,0.0556,940.58
1630137600000,0.05562,0.05587,0.05557,0.05569,1693.63
1630141200000,0.05569,0.05609,0.05562,0.05603,1668.07
1630144800000,0.05598,0.05598,0.05553,0.05553,1334.59
1630148400000,0.05554,0.0556,0.05535,0.05539,1747.58
1630152000000,0.05548,0.05554,0.05527,0.05543,1542.23
1630155600000,0.0555,0.05559,0.05531,0.05534,823.04
1630159200000,0.0553,0.0554,0.05512,0.05539,1603.78
1630162800000,0.05537,0.0557,0.05525,0.05561,1571.52
1630166400000,0.05561,0.05576,0.05526,0.05526,1424.82
1630170000000,0.05529,0.05542,0.05524,0.05524,3312.19
1630173600000,0.05525,0.0553,0.05511,0.0552,1648.62
1630177200000,0.05521,0.05526,0.05509,0.05511,554.38
1630180800000,0.05508,0.05526,0.05504,0.0552,844.88
1630184400000,0.05512,0.05527,0.05512,0.05516,299.55
1630188000000,0.05525,0.05544,0.05512,0.05512,2316.95
1630191600000,0.0551,0.0553,0.05507,0.0552,711.64
1630195200000,0.05513,0.05568,0.05511,0.05537,3584.43
1630198800000,0.05548,0.05595,0.0554,0.05582,3554.74
1630202400000,0.05582,0.05616,0.05558,0.05558,3016.18
1630206000000,0.0556,0.05562,0.05486,0.05489,4199.58
1630209600000,0.0549,0.05527,0.05453,0.05453,3816.58
1630213200000,0.05454,0.05476,0.05449,0.05459,2218.15
1630216800000,0.05452,0.05483,0.05446,0.05473,1576.59
1630220400000,0.05475,0.05479,0.05453,0.0547,872.9
1630224000000,0.05469,0.05471,0.05439,0.05448,1160.03
1630227600000,0.05447,0.05472,0.05431,0.05467,1792.16
1630231200000,0.05463,0.05478,0.05451,0.05476,1110.75
1630234800000,0.05477,0.05479,0.05447,0.05453,1084.42
1630238400000,0.0545,0.05482,0.05446,0.05481,2277.58
1630242000000,0.05473,0.05486,0.05461,0.05462,887.58
1630245600000,0.05471,0.05479,0.05453,0.05464,1729.48
1630249200000,0.05456,0.05479,0.05449,0.05449,1277.72
1630252800000,0.05449,0.05492,0.05441,0.05492,1810.02
1630256400000,0.05493,0.05545,0.05477,0.05521,2349.53
1630260000000,0.05519,0.05537,0.05513,0.05537,728.45
1630263600000,0.05538,0.0554,0.05517,0.05521,1347.63
1630267200000,0.05533,0.05553,0.05533,0.05548,2120.17
1630270800000,0.05554,0.05579,0.05522,0.05579,1941.91
1630274400000,0.05579,0.05606,0.05553,0.05584,2230.5
1630278000000,0.05584,0.05592,0.05564,0.05586,1007.59
1630281600000,0.05589,0.05599,0.05564,0.05566,2858.36
1630285200000,0.05569,0.05604,0.05566,0.05566,1462.64
1630288800000,0.05566,0.05568,0.05534,0.05544,1557.31
1630292400000,0.05536,0.0554,0.05507,0.05538,1714.92
1630296000000,0.0553,0.0553,0.05496,0.05505,1956.38
1630299600000,0.05503,0.05515,0.05483,0.05483,1572.67
1630303200000,0.05491,0.05505,0.05475,0.05475,2921.09
1630306800000,0.05476,0.05491,0.05465,0.05472,2024.04
1630310400000,0.05465,0.05487,0.05458,0.05484,3634.59
1630314000000,0.05478,0.05497,0.0547,0.0548,1072.17
1630317600000,0.0548,0.05516,0.05474,0.05503,1076.55
1630321200000,0.05504,0.05519,0.05493,0.05508,1286.76
1630324800000,0.05503,0.05534,0.05497,0.05524,1573.06
1630328400000,0.05524,0.0555,0.05515,0.05549,1776.25
1630332000000,0.05551,0.05555,0.05512,0.0552,2813.27
1630335600000,0.05523,0.05531,0.05495,0.05525,3918.43
1630339200000,0.05527,0.05631,0.05524,0.05628,5454.62
1630342800000,0.05631,0.05739,0.056,0.0572,7695.61
1630346400000,0.05727,0.05769,0.05723,0.05757,6282.44
1630350000000,0.05758,0.05825,0.05749,0.05816,6128.98
1630353600000,0.05813,0.05869,0.05786,0.05867,7461.67
1630357200000,0.05869,0.05878,0.05819,0.05852,15183.24
1630360800000,0.05845,0.05866,0.05812,0.0585,4949.55
1630364400000,0.05849,0.05894,0.0579,0.05826,10079.47
1630368000000,0.05834,0.05887,0.058,0.05836,5752.77
1630371600000,0.05835,0.05859,0.05798,0.05808,3019.5
1630375200000,0.05806,0.05827,0.05783,0.05807,3287.82
1630378800000,0.05804,0.05822,0.05794,0.05799,2595.62
1630382400000,0.05798,0.05837,0.05771,0.0583,3724.76
1630386000000,0.05827,0.0585,0.05812,0.05824,3738.25
1630389600000,0.05821,0.05866,0.05821,0.0583,3320.08
1630393200000,0.05825,0.05948,0.05819,0.05924,7781.37
1630396800000,0.05933,0.05995,0.05921,0.05976,6023.77
1630400400000,0.05983,0.0605,0.05957,0.06034,7205.76
1630404000000,0.06034,0.06103,0.05972,0.06089,9074.21
1630407600000,0.06089,0.06139,0.06059,0.06115,7811.39
1630411200000,0.06116,0.06139,0.0608,0.06094,6936.05
1630414800000,0.06101,0.0614,0.06086,0.06123,6656.08
1630418400000,0.06115,0.06139,0.06006,0.0602,9516.34
1630422000000,0.06019,0.0616,0.06019,0.06105,8199.83
1630425600000,0.06107,0.06256,0.06107,0.06195,11949.54
1630429200000,0.06204,0.06208,0.06131,0.06132,4618.43
1630432800000,0.06134,0.06314,0.06133,0.06314,6196.91
1630436400000,0.06314,0.06349,0.06277,0.06305,7700.37
1630440000000,0.06298,0.06335,0.06286,0.06304,3157.5
1630443600000,0.06304,0.064,0.06274,0.0637,4343.03
1630447200000,0.06364,0.06385,0.06277,0.0635,5148.97
1630450800000,0.06344,0.0638,0.06315,0.06335,6011.66
1630454400000,0.06335,0.06399,0.06311,0.06333,6341.63
1630458000000,0.06333,0.06382,0.06273,0.06367,6394.47
1630461600000,0.06367,0.06407,0.06328,0.06379,4115.26
1630465200000,0.06372,0.06373,0.06299,0.06302,2618.02
1630468800000,0.06311,0.06342,0.0628,0.06288,5754.04
1630472400000,0.06289,0.06399,0.06282,0.06399,6374.25
1630476000000,0.06402,0.06567,0.06391,0.06484,14597.23
1630479600000,0.06495,0.06516,0.06446,0.06469,5207.82
1630483200000,0.06471,0.0652,0.06407,0.0642,7059.61
1630486800000,0.0642,0.06461,0.06281,0.06313,10459.76
1630490400000,0.06309,0.06435,0.06294,0.06378,7662.02
1630494000000,0.06382,0.06401,0.06274,0.06275,7049.81
1630497600000,0.0628,0.06298,0.06191,0.06204,6100.32
1630501200000,0.06203,0.06231,0.06181,0.06193,4738.93
1630504800000,0.062,0.0624,0.06191,0.06194,2594.02
1630508400000,0.06203,0.06303,0.062,0.06302,6550.05
1630512000000,0.06303,0.06386,0.06216,0.06326,10387.6
1630515600000,0.06325,0.06326,0.06131,0.06155,10282.43
1630519200000,0.06154,0.06203,0.06131,0.06161,6285.01
1630522800000,0.06162,0.06322,0.06162,0.0632,6358.23
1630526400000,0.06322,0.06339,0.06294,0.06303,3377.58
1630530000000,0.06295,0.0637,0.06285,0.06345,5331.32
1630533600000,0.06341,0.06383,0.06303,0.0636,3948.51
1630537200000,0.0636,0.06406,0.06322,0.064,6746.4
1630540800000,0.064,0.06406,0.06185,0.06186,7237.64
1630544400000,0.06186,0.06192,0.06095,0.06117,8915.48
1630548000000,0.06123,0.06179,0.06117,0.06179,3164.44
1630551600000,0.0618,0.06182,0.06128,0.06148,4162.5
1630555200000,0.0615,0.06204,0.0615,0.06163,2805.66
1630558800000,0.06163,0.06197,0.06156,0.06156,4719.63
1630562400000,0.06156,0.06185,0.06139,0.0616,4084.11
1630566000000,0.06155,0.06213,0.06139,0.0618,5426.07
1630569600000,0.06185,0.06232,0.06178,0.06201,4859.63
1630573200000,0.062,0.06223,0.06186,0.0619,2459.99
1630576800000,0.06197,0.06232,0.06164,0.06211,5407.86
1630580400000,0.06215,0.06222,0.06163,0.06171,5752.83
1630584000000,0.06171,0.0621,0.06154,0.06184,4653.37
1630587600000,0.06185,0.06209,0.06164,0.06204,4440.91
1630591200000,0.06195,0.06228,0.06158,0.06185,9381.95
1630594800000,0.06185,0.06192,0.06151,0.06165,5046.88
1630598400000,0.06166,0.06191,0.06152,0.06173,4801.71
1630602000000,0.06185,0.06187,0.06152,0.06179,2179.81
1630605600000,0.06171,0.06233,0.06169,0.06212,5970.02
1630609200000,0.06203,0.06203,0.06165,0.06176,1906.21
1630612800000,0.0617,0.06219,0.06156,0.06205,4048.18
1630616400000,0.062,0.06255,0.06176,0.06204,4107.51
1630620000000,0.06209,0.06244,0.06175,0.06181,4251.34
1630623600000,0.06183,0.06211,0.0617,0.06188,2662.01
1630627200000,0.0619,0.06214,0.06148,0.06148,5516.74
1630630800000,0.0616,0.06178,0.06112,0.0612,3997.76
1630634400000,0.06118,0.06136,0.06082,0.06107,3400.21
1630638000000,0.06108,0.06125,0.0608,0.0611,3177.19
1630641600000,0.061,0.06134,0.06085,0.06112,4386.42
1630645200000,0.06121,0.06128,0.06059,0.06075,5192.28
1630648800000,0.06077,0.0609,0.06069,0.06083,1781.85
1630652400000,0.06089,0.06264,0.06077,0.06257,6865.8
1630656000000,0.06249,0.06257,0.06204,0.06237,8375.1
1630659600000,0.06237,0.06365,0.06206,0.06352,13287.71
1630663200000,0.06345,0.0639,0.06314,0.06335,9046.87
1630666800000,0.06336,0.06336,0.0595,0.05958,42465.69
1630670400000,0.05968,0.06061,0.05953,0.05957,15872.27
1630674000000,0.05957,0.0596,0.05809,0.05851,28468.07
1630677600000,0.0585,0.05905,0.05839,0.05898,11339.26
1630681200000,0.05892,0.05926,0.05884,0.05897,7575.97
1630684800000,0.05897,0.05947,0.05897,0.05929,10628.26
1630688400000,0.05931,0.05968,0.05922,0.05965,5750.87
1630692000000,0.05957,0.05988,0.05937,0.05982,6860.06
1630695600000,0.05978,0.06001,0.0595,0.05958,5987.28
1630699200000,0.05954,0.0596,0.05902,0.0592,5819.6
1630702800000,0.05916,0.05931,0.05902,0.05913,1656.13
1630706400000,0.05914,0.05929,0.05857,0.05859,6146.99
1630710000000,0.05856,0.05894,0.05855,0.05867,9033.3
1630713600000,0.05863,0.05933,0.05859,0.05886,4357.43
1630717200000,0.05884,0.05896,0.05856,0.05861,2626.88
1630720800000,0.05863,0.05883,0.05837,0.05878,3693.96
1630724400000,0.05873,0.05883,0.05859,0.05879,3973.19
1630728000000,0.05866,0.05886,0.05857,0.0586,2285.14
1630731600000,0.05859,0.05929,0.05853,0.05911,3589.18
1630735200000,0.05912,0.05913,0.05852,0.05859,2189.71
1630738800000,0.05864,0.05902,0.05864,0.05902,1758.21
1630742400000,0.05904,0.05939,0.05884,0.0593,3484.56
1630746000000,0.0593,0.05943,0.05909,0.0593,4229.0
1630749600000,0.0593,0.05964,0.05923,0.05935,4570.03
1630753200000,0.05939,0.05939,0.05911,0.05914,3033.52
1630756800000,0.05911,0.0593,0.05764,0.05787,15753.1
1630760400000,0.05775,0.05777,0.05721,0.05777,6613.78
1630764000000,0.05778,0.05834,0.05764,0.05801,4490.39
1630767600000,0.05805,0.0581,0.05763,0.05801,3297.56
1630771200000,0.05801,0.05836,0.05755,0.0577,7002.86
1630774800000,0.0577,0.05801,0.05733,0.05786,21728.98
1630778400000,0.05785,0.05794,0.05757,0.05757,1661.59
1630782000000,0.05766,0.05777,0.05733,0.0575,4457.56
1630785600000,0.05743,0.05758,0.0572,0.05738,2345.43
1630789200000,0.05739,0.05766,0.05738,0.05738,1540.6
1630792800000,0.05734,0.05755,0.05714,0.05752,5083.04
1630796400000,0.05755,0.05772,0.05727,0.05742,3366.29
1630800000000,0.05743,0.0578,0.05736,0.0578,6482.28
1630803600000,0.05782,0.05809,0.05772,0.05798,4295.3
1630807200000,0.05805,0.05823,0.05796,0.05803,4106.45
1630810800000,0.0581,0.05814,0.05759,0.05759,2665.04
1630814400000,0.05768,0.05796,0.05768,0.05791,1515.49
1630818000000,0.05791,0.05825,0.05788,0.0582,2671.54
1630821600000,0.05814,0.05834,0.05792,0.05834,3038.76
1630825200000,0.05825,0.05885,0.05824,0.05857,3305.16
1630828800000,0.05857,0.0589,0.05841,0.05888,3101.57
1630832400000,0.05891,0.05895,0.05865,0.05868,3344.34
1630836000000,0.05868,0.05914,0.05864,0.05892,6533.71
1630839600000,0.05889,0.05914,0.05876,0.05895,5030.44
1630843200000,0.05891,0.05941,0.05885,0.05913,5463.93
1630846800000,0.05913,0.05923,0.0589,0.05891,1665.87
1630850400000,0.0589,0.05906,0.0587,0.05887,4134.91
1630854000000,0.05884,0.05887,0.05847,0.05852,3018.18
1630857600000,0.05856,0.059,0.05826,0.05875,3947.24
1630861200000,0.05875,0.05918,0.05874,0.05884,3279.64
1630864800000,0.05882,0.05899,0.05862,0.05874,1538.03
1630868400000,0.0587,0.0587,0.05811,0.05821,6136.34
1630872000000,0.05817,0.0583,0.05788,0.05822,2541.2
1630875600000,0.05819,0.05861,0.05806,0.05827,3397.26
1630879200000,0.05828,0.05829,0.05775,0.05798,2428.17
1630882800000,0.05799,0.05842,0.05799,0.05818,2382.39
1630886400000,0.05817,0.05906,0.05779,0.05882,9191.91
1630890000000,0.05881,0.05971,0.05863,0.05919,9541.28
1630893600000,0.05918,0.05979,0.05891,0.05963,11256.92
1630897200000,0.05966,0.06037,0.05966,0.05995,9113.18
1630900800000,0.05996,0.06006,0.05958,0.05968,5120.9
1630904400000,0.05968,0.06006,0.0595,0.05981,3986.09
1630908000000,0.0598,0.05996,0.05957,0.0597,4935.21
1630911600000,0.05971,0.06,0.05948,0.05968,6264.35
1630915200000,0.05972,0.06016,0.05972,0.05996,5392.81
1630918800000,0.06,0.06001,0.05939,0.05961,2519.58
1630922400000,0.05965,0.05977,0.05934,0.0594,2990.03
1630926000000,0.0594,0.05949,0.05896,0.05906,7500.93
1630929600000,0.05911,0.05915,0.05819,0.05882,10459.61
1630933200000,0.05871,0.05907,0.05834,0.05877,7701.63
1630936800000,0.05876,0.05929,0.05864,0.05929,8167.59
1630940400000,0.05921,0.05927,0.05875,0.05883,3674.72
1630944000000,0.05888,0.0601,0.05888,0.0596,12305.98
1630947600000,0.05959,0.05992,0.05931,0.05947,3069.27
1630951200000,0.05956,0.05956,0.05929,0.05948,1681.93
1630954800000,0.05944,0.05971,0.05918,0.05927,2892.58
1630958400000,0.05931,0.05942,0.05917,0.05934,1977.28
1630962000000,0.05937,0.05944,0.05926,0.05942,1152.49
1630965600000,0.05935,0.05948,0.0586,0.05861,4789.66
1630969200000,0.0587,0.05878,0.05814,0.05814,5011.54
1630972800000,0.05815,0.0583,0.05793,0.05824,4135.33
1630976400000,0.05814,0.05859,0.05803,0.05847,3690.09
1630980000000,0.05847,0.05847,0.05767,0.05779,5745.32
1630983600000,0.05775,0.05813,0.05754,0.05778,6809.6
1630987200000,0.05778,0.0579,0.05768,0.05776,9800.48
1630990800000,0.05774,0.05787,0.05747,0.05762,4498.72
1630994400000,0.05764,0.05813,0.05764,0.05786,6688.92
1630998000000,0.05787,0.05793,0.0573,0.05751,11351.18
1631001600000,0.05757,0.05783,0.05502,0.05591,33632.55
1631005200000,0.05595,0.05673,0.05595,0.05638,14246.81
1631008800000,0.0564,0.05718,0.0564,0.05689,6286.15
1631012400000,0.05691,0.05705,0.05654,0.05658,7598.09
1631016000000,0.05657,0.05677,0.05635,0.05668,9321.06
1631019600000,0.05668,0.05709,0.05661,0.05666,4568.02
1631023200000,0.05665,0.05828,0.0565,0.05729,24943.37
1631026800000,0.05728,0.0577,0.05461,0.05743,60557.61
1631030400000,0.05745,0.05762,0.05693,0.05695,12936.36
1631034000000,0.05701,0.05801,0.05665,0.05745,13292.91
1631037600000,0.05746,0.05836,0.05682,0.05826,13778.41
1631041200000,0.05827,0.0583,0.05708,0.05767,7541.47
1631044800000,0.05766,0.05781,0.05736,0.05781,6406.71
1631048400000,0.05776,0.0581,0.05319,0.0577,41482.69
1631052000000,0.05774,0.05843,0.05734,0.05807,7891.29
1631055600000,0.05801,0.05841,0.0579,0.05806,8384.04
1631059200000,0.05806,0.05849,0.05759,0.05845,13031.51
1631062800000,0.05842,0.05916,0.05824,0.05868,9857.17
1631066400000,0.05866,0.05876,0.05806,0.05808,4526.38
1631070000000,0.05816,0.05852,0.05795,0.05825,10399.08
1631073600000,0.05832,0.05875,0.05824,0.0584,8738.62
1631077200000,0.0584,0.05865,0.05678,0.05695,12695.15
1631080800000,0.05689,0.05762,0.05658,0.05725,12310.5
1631084400000,0.05734,0.05735,0.05571,0.05594,9628.93
1631088000000,0.05583,0.05632,0.05545,0.05591,12773.69
1631091600000,0.05595,0.05654,0.05586,0.05617,5399.51
1631095200000,0.0562,0.05637,0.05591,0.05633,5050.87
1631098800000,0.05639,0.0566,0.056,0.05606,4286.99
1631102400000,0.05603,0.05611,0.05557,0.05565,3852.83
1631106000000,0.05564,0.05591,0.05547,0.05559,4782.14
1631109600000,0.0556,0.05608,0.05535,0.05555,7092.46
1631113200000,0.05553,0.05622,0.0555,0.05606,5847.13
1631116800000,0.05607,0.05679,0.05575,0.05652,6952.52
1631120400000,0.0565,0.05682,0.05625,0.05651,5548.78
1631124000000,0.05651,0.05708,0.05651,0.0569,4595.34
1631127600000,0.05696,0.05697,0.05637,0.05647,5249.87
1631131200000,0.05645,0.05656,0.05528,0.05579,10270.76
1631134800000,0.05579,0.05583,0.05549,0.05567,2712.09
1631138400000,0.05567,0.05623,0.05554,0.05613,6066.3
1631142000000,0.05621,0.05628,0.05571,0.05581,3334.25
1631145600000,0.0558,0.05608,0.05567,0.05606,4263.39
1631149200000,0.05607,0.05618,0.05552,0.05562,4651.1
1631152800000,0.05564,0.05712,0.05562,0.05638,7637.84
1631156400000,0.05646,0.05693,0.05629,0.05674,5649.97
1631160000000,0.05674,0.05725,0.05671,0.05719,3553.35
1631163600000,0.05726,0.05792,0.05708,0.05726,7035.25
1631167200000,0.05723,0.05743,0.05687,0.05689,4148.65
1631170800000,0.05697,0.05733,0.05647,0.05726,3807.16
1631174400000,0.05726,0.05892,0.05712,0.05798,17986.99
1631178000000,0.05794,0.05835,0.05774,0.05783,8385.52
1631181600000,0.05788,0.05788,0.05727,0.05733,5763.94
1631185200000,0.05736,0.0577,0.05708,0.05708,5007.19
1631188800000,0.05718,0.05774,0.05671,0.05757,12488.77
1631192400000,0.05767,0.05806,0.05753,0.05781,8610.09
1631196000000,0.05785,0.05786,0.05726,0.05753,3188.32
1631199600000,0.05751,0.058,0.05707,0.05742,9709.57
1631203200000,0.05743,0.05787,0.05722,0.05751,6926.93
1631206800000,0.05742,0.05742,0.05588,0.05613,9552.49
1631210400000,0.05609,0.05644,0.05602,0.05623,4503.08
1631214000000,0.05623,0.05636,0.05593,0.05598,3326.69
1631217600000,0.05603,0.05607,0.05586,0.05598,2438.48
1631221200000,0.05602,0.05621,0.05554,0.05555,2257.63
1631224800000,0.05554,0.05567,0.05521,0.05534,3640.27
1631228400000,0.05534,0.05567,0.05518,0.05531,4954.73
1631232000000,0.05532,0.05564,0.05509,0.05564,4628.22
1631235600000,0.05564,0.05567,0.05504,0.05504,5259.97
1631239200000,0.05504,0.05526,0.05497,0.0552,2621.99
1631242800000,0.05519,0.05531,0.05489,0.05531,2832.3
1631246400000,0.05532,0.05569,0.05527,0.05555,2682.17
1631250000000,0.05555,0.05564,0.05529,0.05563,3341.4
1631253600000,0.0556,0.05569,0.0553,0.05533,11242.21
1631257200000,0.05531,0.05588,0.05509,0.05555,13286.24
1631260800000,0.05557,0.05591,0.05544,0.05582,11889.57
1631264400000,0.05585,0.05631,0.05579,0.05623,6288.19
1631268000000,0.05622,0.05629,0.05591,0.05606,2606.89
1631271600000,0.05602,0.05602,0.05569,0.05589,4200.11
1631275200000,0.05594,0.05597,0.05517,0.05519,6474.63
1631278800000,0.05521,0.05553,0.05497,0.05499,8096.44
1631282400000,0.05495,0.05516,0.05391,0.05436,12305.55
1631286000000,0.05432,0.05479,0.05415,0.05455,9395.16
1631289600000,0.05462,0.05485,0.05456,0.05485,2650.39
1631293200000,0.05482,0.05536,0.05472,0.05504,3803.05
1631296800000,0.05504,0.05537,0.05502,0.05507,2667.78
1631300400000,0.05507,0.0562,0.05504,0.05612,6498.48
1631304000000,0.0561,0.05612,0.05559,0.05565,3066.62
1631307600000,0.05568,0.05578,0.05525,0.05551,3611.54
1631311200000,0.05551,0.05552,0.05515,0.05534,2933.57
1631314800000,0.05528,0.0556,0.05528,0.05557,1983.95
1631318400000,0.05559,0.05622,0.05559,0.0562,4838.06
1631322000000,0.05621,0.0567,0.05621,0.05631,5168.25
1631325600000,0.05629,0.05644,0.05603,0.05612,3880.8
1631329200000,0.05612,0.05612,0.05585,0.05595,5917.17
1631332800000,0.05595,0.05628,0.0559,0.05613,1715.58
1631336400000,0.05611,0.05614,0.05587,0.05613,2141.29
1631340000000,0.05614,0.05636,0.05591,0.05595,2974.24
1631343600000,0.05599,0.05602,0.0558,0.05601,2213.44
1631347200000,0.05601,0.05617,0.05571,0.05617,2169.58
1631350800000,0.05611,0.05629,0.05573,0.05609,4733.62
1631354400000,0.0561,0.05634,0.05592,0.05616,2011.14
1631358000000,0.05624,0.05631,0.05597,0.05601,1904.11
1631361600000,0.05611,0.05695,0.05601,0.05676,7917.03
1631365200000,0.05676,0.05691,0.05625,0.05663,4007.44
1631368800000,0.05663,0.05696,0.05639,0.05668,4115.33
1631372400000,0.05673,0.05679,0.05645,0.05677,3010.01
1631376000000,0.05678,0.05744,0.05654,0.05718,9266.01
1631379600000,0.0572,0.0578,0.05707,0.05752,5663.68
1631383200000,0.05744,0.05744,0.05695,0.05705,2589.33
1631386800000,0.05704,0.05716,0.05697,0.05707,690.16
1631390400000,0.05707,0.05712,0.05678,0.05679,2017.36
1631394000000,0.05679,0.05727,0.05674,0.05715,1486.64
1631397600000,0.05712,0.05712,0.05668,0.05686,3746.4
1631401200000,0.05686,0.05686,0.05603,0.05603,4901.74
1631404800000,0.05613,0.05642,0.05579,0.05582,4592.04
1631408400000,0.05585,0.05591,0.05559,0.05586,3886.17
1631412000000,0.05589,0.05596,0.05582,0.05588,1392.09
1631415600000,0.05589,0.05674,0.05582,0.05674,5059.89
1631419200000,0.05675,0.05684,0.05656,0.05675,2945.23
1631422800000,0.05677,0.05683,0.05646,0.05651,2606.56
1631426400000,0.05656,0.05692,0.05616,0.05626,5999.14
1631430000000,0.05629,0.0564,0.05614,0.05634,2935.03
1631433600000,0.05634,0.05826,0.05615,0.05824,12325.47
1631437200000,0.05826,0.0583,0.05749,0.05762,3893.54
1631440800000,0.05759,0.0576,0.05711,0.05742,5115.05
1631444400000,0.05743,0.05752,0.05712,0.05713,3446.4
1631448000000,0.0571,0.05771,0.05684,0.05739,5763.11
1631451600000,0.0573,0.05748,0.05664,0.0567,3001.14
1631455200000,0.0567,0.05735,0.05658,0.05709,6959.33
1631458800000,0.05705,0.05736,0.05686,0.05703,5507.97
1631462400000,0.05704,0.05729,0.05677,0.057,3397.57
1631466000000,0.0571,0.05746,0.05677,0.05706,4441.35
1631469600000,0.05705,0.05705,0.05684,0.05705,1746.62
1631473200000,0.05705,0.05738,0.05701,0.05735,2330.75
1631476800000,0.05727,0.05739,0.056,0.05601,6047.89
1631480400000,0.05612,0.05645,0.05612,0.05623,1671.65
1631484000000,0.05623,0.05649,0.05597,0.05649,4262.64
1631487600000,0.05649,0.05701,0.05638,0.05699,2982.0
1631491200000,0.05699,0.05735,0.05672,0.05672,8852.97
1631494800000,0.05671,0.05689,0.05613,0.05623,5246.02
1631498400000,0.05628,0.05629,0.05577,0.05613,8545.25
1631502000000,0.05602,0.05635,0.05598,0.05621,3081.46
1631505600000,0.05621,0.05672,0.05582,0.05665,6504.16
1631509200000,0.05668,0.05669,0.05626,0.05639,3141.57
1631512800000,0.05644,0.05649,0.05619,0.05634,2101.82
1631516400000,0.05635,0.05636,0.05554,0.0559,6336.23
1631520000000,0.05589,0.05599,0.05556,0.05566,2218.22
1631523600000,0.05563,0.05603,0.05558,0.05587,2571.99
1631527200000,0.05587,0.05588,0.05566,0.0558,1120.29
1631530800000,0.05574,0.05603,0.05545,0.05598,4482.62
1631534400000,0.05594,0.05618,0.05573,0.05577,2320.37
1631538000000,0.05578,0.05687,0.05578,0.05635,7532.75
1631541600000,0.05634,0.05638,0.05525,0.05619,18731.63
1631545200000,0.05619,0.05647,0.0557,0.05602,6264.27
1631548800000,0.056,0.05645,0.05593,0.05639,2902.15
1631552400000,0.05642,0.05648,0.05612,0.05627,1508.46
1631556000000,0.0562,0.05637,0.05617,0.05622,1437.08
1631559600000,0.05621,0.05637,0.05609,0.05635,1484.58
1631563200000,0.05627,0.05663,0.05627,0.05658,1745.65
1631566800000,0.05658,0.0568,0.05643,0.05667,2339.41
1631570400000,0.05666,0.05696,0.05658,0.05658,2647.14
1631574000000,0.05666,0.05704,0.05648,0.05678,3216.61
1631577600000,0.05676,0.05743,0.05669,0.05739,4407.79
1631581200000,0.05743,0.05757,0.05706,0.05719,3192.02
1631584800000,0.05721,0.05729,0.05701,0.05718,2997.19
1631588400000,0.05727,0.05729,0.05691,0.05693,1696.14
1631592000000,0.05695,0.05696,0.05657,0.05658,2457.34
1631595600000,0.05664,0.05683,0.05662,0.05677,1012.04
1631599200000,0.0568,0.05702,0.05672,0.05702,2164.59
1631602800000,0.05703,0.05727,0.05685,0.05693,2813.81
1631606400000,0.05695,0.05776,0.05681,0.05763,5539.58
1631610000000,0.05765,0.05788,0.05721,0.05722,3728.75
1631613600000,0.05722,0.0584,0.05716,0.0584,4770.32
1631617200000,0.0584,0.05849,0.05815,0.05828,3549.6
1631620800000,0.05823,0.05896,0.05793,0.05896,7260.58
1631624400000,0.05888,0.05989,0.05888,0.05984,6647.62
1631628000000,0.05983,0.06039,0.05971,0.06039,5910.64
1631631600000,0.06036,0.06157,0.06032,0.06157,15127.18
1631635200000,0.06157,0.06202,0.06111,0.06144,10043.0
1631638800000,0.06154,0.06217,0.06133,0.06217,7773.9
1631642400000,0.06205,0.06227,0.06129,0.06143,8214.1
1631646000000,0.06153,0.0618,0.06142,0.06157,3251.1
1631649600000,0.06159,0.06173,0.06133,0.06157,3013.42
1631653200000,0.0615,0.06164,0.06098,0.06146,3976.38
1631656800000,0.0615,0.06184,0.06126,0.06156,3524.77
1631660400000,0.06166,0.06269,0.06151,0.06194,14037.98
1631664000000,0.06195,0.06239,0.06104,0.06115,7441.48
1631667600000,0.06114,0.06125,0.06084,0.06105,3668.86
1631671200000,0.06099,0.06212,0.06084,0.06195,5938.57
1631674800000,0.06189,0.06216,0.0615,0.06187,5181.36
1631678400000,0.06187,0.06196,0.06085,0.06092,5381.89
1631682000000,0.06092,0.06095,0.06021,0.06021,3351.92
1631685600000,0.0602,0.06029,0.05964,0.05965,3694.74
1631689200000,0.05964,0.05978,0.05907,0.05938,3159.36
1631692800000,0.05938,0.05954,0.05892,0.05925,4826.01
1631696400000,0.05923,0.05923,0.05848,0.0586,5014.61
1631700000000,0.05861,0.06014,0.05861,0.05949,10996.93
1631703600000,0.05942,0.05991,0.05935,0.05935,6524.16
1631707200000,0.05934,0.05995,0.05912,0.05981,10512.01
1631710800000,0.05978,0.06022,0.05925,0.05958,9565.18
1631714400000,0.05958,0.05959,0.05889,0.05917,5386.75
1631718000000,0.05909,0.05961,0.05906,0.05925,6392.83
1631721600000,0.05935,0.05969,0.05905,0.05957,4850.05
1631725200000,0.0596,0.06042,0.05952,0.06029,6200.91
1631728800000,0.06038,0.06047,0.06011,0.06044,3762.12
1631732400000,0.06047,0.06096,0.06039,0.0609,3092.67
1631736000000,0.06097,0.06292,0.06097,0.06284,11712.39
1631739600000,0.06286,0.06323,0.06205,0.06228,7270.52
1631743200000,0.06228,0.06352,0.06228,0.0632,7980.44
1631746800000,0.06308,0.0639,0.06276,0.0637,10899.19
1631750400000,0.0637,0.06374,0.06287,0.06354,6549.7
1631754000000,0.06355,0.06428,0.06345,0.06358,8023.01
1631757600000,0.06364,0.06388,0.06285,0.06298,4686.78
1631761200000,0.06298,0.06323,0.06263,0.06305,7783.46
1631764800000,0.06303,0.06401,0.06285,0.06285,8077.46
1631768400000,0.06284,0.06315,0.06256,0.06281,3493.79
1631772000000,0.06287,0.06299,0.06248,0.06295,2834.28
1631775600000,0.06298,0.06306,0.06257,0.06274,4541.16
1631779200000,0.06264,0.063,0.06236,0.06264,3746.74
1631782800000,0.06274,0.06307,0.06263,0.06293,3416.56
1631786400000,0.06287,0.06341,0.06275,0.0631,6345.81
1631790000000,0.06308,0.06356,0.06293,0.06343,5049.25
1631793600000,0.06337,0.06377,0.06305,0.06353,11331.1
1631797200000,0.06352,0.06367,0.06234,0.06236,7644.48
1631800800000,0.06234,0.06256,0.06191,0.06256,9390.85
1631804400000,0.06253,0.06301,0.06235,0.06276,5876.19
1631808000000,0.0628,0.06292,0.06186,0.06187,5255.07
1631811600000,0.06188,0.06198,0.06144,0.06152,3841.13
1631815200000,0.06153,0.06237,0.06152,0.06208,6948.37
1631818800000,0.06211,0.06213,0.06181,0.06182,3223.03
1631822400000,0.06181,0.06197,0.0609,0.06144,11526.51
1631826000000,0.06134,0.06201,0.06127,0.0619,3460.35
1631829600000,0.06195,0.06197,0.06169,0.06194,2391.14
1631833200000,0.06194,0.0621,0.06176,0.06185,2137.89
1631836800000,0.06183,0.062,0.06139,0.06139,3652.27
1631840400000,0.06143,0.062,0.06138,0.06182,3736.62
1631844000000,0.06192,0.06192,0.06061,0.06061,7272.48
1631847600000,0.0606,0.06116,0.06045,0.06103,5633.8
1631851200000,0.061,0.06136,0.0609,0.06126,6571.83
1631854800000,0.06129,0.06142,0.06104,0.06117,4175.67
1631858400000,0.06123,0.06144,0.06093,0.06143,4020.75
1631862000000,0.06145,0.06161,0.06119,0.06119,4319.14
1631865600000,0.06119,0.0615,0.06114,0.06114,3965.26
1631869200000,0.06112,0.06126,0.06082,0.06097,4291.86
1631872800000,0.06087,0.0611,0.0603,0.06043,9935.03
1631876400000,0.06036,0.0607,0.05993,0.06006,4542.24
1631880000000,0.06001,0.06017,0.05963,0.06006,4912.48
1631883600000,0.06012,0.06033,0.05973,0.05984,3771.85
1631887200000,0.05984,0.06031,0.05966,0.06018,4597.88
1631890800000,0.06019,0.0602,0.05978,0.0598,2213.24
1631894400000,0.05978,0.06055,0.05976,0.06043,5665.87
1631898000000,0.06034,0.06041,0.05992,0.05992,1742.27
1631901600000,0.05999,0.06003,0.05955,0.05976,4638.87
1631905200000,0.05974,0.06,0.05963,0.05996,1270.5
1631908800000,0.05993,0.05993,0.05965,0.05988,2386.72
1631912400000,0.05987,0.06028,0.05968,0.06023,2012.34
1631916000000,0.06027,0.06034,0.05958,0.05967,2239.87
1631919600000,0.05969,0.05987,0.05967,0.05977,1454.82
1631923200000,0.05979,0.05996,0.0596,0.05969,2988.7
1631926800000,0.0598,0.06004,0.05979,0.05991,1530.59
1631930400000,0.05985,0.06002,0.0597,0.05976,1184.09
1631934000000,0.05979,0.05988,0.05967,0.05988,803.78
1631937600000,0.05985,0.06015,0.05983,0.05999,1251.33
1631941200000,0.05994,0.06049,0.0599,0.0601,3796.3
1631944800000,0.0601,0.06013,0.05969,0.05972,1762.97
1631948400000,0.05969,0.05999,0.05962,0.05972,1954.5
1631952000000,0.05975,0.05983,0.05965,0.05979,1615.85
1631955600000,0.05981,0.06,0.05949,0.05961,4344.21
1631959200000,0.05962,0.05982,0.05956,0.05976,2067.04
1631962800000,0.05976,0.05985,0.0593,0.05932,3000.43
1631966400000,0.05932,0.0596,0.05914,0.05914,6753.52
1631970000000,0.05922,0.05925,0.05907,0.05907,512.58
1631973600000,0.05906,0.05935,0.05906,0.05933,1326.81
1631977200000,0.05932,0.05935,0.05922,0.05927,1596.0
1631980800000,0.05928,0.0593,0.05897,0.05897,1332.4
1631984400000,0.05898,0.05918,0.05897,0.059,1168.16
1631988000000,0.05911,0.05917,0.05901,0.05917,1001.06
1631991600000,0.05909,0.05911,0.05892,0.05908,1126.81
1631995200000,0.05908,0.05908,0.05874,0.0588,1850.63
1631998800000,0.05882,0.05908,0.05882,0.05895,1166.55
1632002400000,0.05896,0.05935,0.05896,0.0593,1531.92
1632006000000,0.05923,0.05971,0.05919,0.0597,2260.18
1632009600000,0.05971,0.05984,0.05965,0.05971,917.69
1632013200000,0.05964,0.05964,0.05911,0.05917,2140.33
1632016800000,0.0592,0.05943,0.05915,0.05925,1441.05
1632020400000,0.05935,0.05936,0.05918,0.05926,591.44
1632024000000,0.05931,0.05941,0.05917,0.05934,853.41
1632027600000,0.05933,0.05946,0.05921,0.05942,690.84
1632031200000,0.05949,0.05965,0.05931,0.05965,825.11
1632034800000,0.05965,0.05987,0.05935,0.05944,2285.61
1632038400000,0.05947,0.05949,0.05935,0.0594,262.62
1632042000000,0.05935,0.05936,0.05916,0.05923,623.71
1632045600000,0.05922,0.05956,0.05921,0.05946,991.02
1632049200000,0.05946,0.05946,0.05832,0.05848,7839.98
1632052800000,0.05844,0.05859,0.05829,0.05842,1962.38
1632056400000,0.05841,0.05864,0.0584,0.05858,1567.27
1632060000000,0.05852,0.05857,0.05819,0.05826,1486.81
1632063600000,0.05818,0.05824,0.0579,0.0581,2083.67
1632067200000,0.05805,0.05805,0.05743,0.05751,2396.13
1632070800000,0.05747,0.05756,0.05734,0.05752,1192.35
1632074400000,0.05746,0.05772,0.05739,0.05771,986.01
1632078000000,0.05774,0.05785,0.05767,0.05779,1300.0
1632081600000,0.0578,0.05804,0.05774,0.05804,1455.49
1632085200000,0.05802,0.05819,0.05795,0.05819,836.29
1632088800000,0.05821,0.05833,0.0578,0.05826,2593.94
1632092400000,0.05827,0.05848,0.05807,0.05847,1984.84
1632096000000,0.05849,0.05851,0.05785,0.05801,4002.13
1632099600000,0.05802,0.05817,0.0578,0.05813,1926.7
1632103200000,0.05814,0.05815,0.05723,0.05767,6873.63
1632106800000,0.05771,0.05819,0.05739,0.05778,5992.91
1632110400000,0.05776,0.05815,0.05768,0.05808,3384.22
1632114000000,0.05804,0.05824,0.05787,0.05801,2153.07
1632117600000,0.05803,0.05825,0.0577,0.05786,3708.48
1632121200000,0.05796,0.05872,0.05794,0.05836,7699.53
1632124800000,0.05841,0.05853,0.05814,0.05834,8610.56
1632128400000,0.05833,0.05946,0.05833,0.059,5718.89
1632132000000,0.059,0.0594,0.05876,0.05886,4034.35
1632135600000,0.05883,0.05892,0.05823,0.05831,10148.82
1632139200000,0.05831,0.05839,0.05733,0.05802,11914.46
1632142800000,0.05804,0.05851,0.05778,0.0584,4571.39
1632146400000,0.05844,0.05845,0.05812,0.05818,5796.96
1632150000000,0.05816,0.05885,0.05805,0.05885,6663.62
1632153600000,0.05884,0.05919,0.05852,0.05852,4383.67
1632157200000,0.05852,0.05854,0.05833,0.0584,2352.53
1632160800000,0.05839,0.05839,0.05808,0.0582,1980.44
1632164400000,0.05813,0.05846,0.05798,0.05833,3940.55
1632168000000,0.05835,0.05839,0.05782,0.05797,2101.32
1632171600000,0.05805,0.05821,0.05798,0.05818,1266.61
1632175200000,0.05811,0.05825,0.05784,0.05785,4331.02
1632178800000,0.05784,0.05812,0.05716,0.05739,7107.52
1632182400000,0.05741,0.05748,0.05632,0.05676,17616.93
1632186000000,0.05672,0.05791,0.05652,0.05782,7943.56
1632189600000,0.05782,0.05834,0.05774,0.0581,6292.95
1632193200000,0.05817,0.05821,0.05776,0.05801,2420.27
1632196800000,0.05795,0.05814,0.05741,0.05743,2747.67
1632200400000,0.05743,0.05788,0.05741,0.05779,2031.63
1632204000000,0.05776,0.05815,0.05769,0.05784,3238.31
1632207600000,0.05783,0.05787,0.05764,0.05778,1818.38
1632211200000,0.05787,0.0579,0.05751,0.05762,2235.33
1632214800000,0.05763,0.05771,0.05718,0.05727,1979.33
1632218400000,0.05727,0.05777,0.0572,0.05742,2686.05
1632222000000,0.05752,0.05752,0.05706,0.05725,2647.96
1632225600000,0.05718,0.05742,0.05696,0.05696,2765.69
1632229200000,0.05695,0.05767,0.05693,0.0575,3466.89
1632232800000,0.0575,0.05753,0.05696,0.0571,5444.58
1632236400000,0.05709,0.05736,0.05688,0.05708,5140.28
1632240000000,0.05709,0.05714,0.05632,0.05638,6524.4
1632243600000,0.05639,0.05644,0.05575,0.05636,12152.37
1632247200000,0.05639,0.05655,0.05572,0.0558,8471.37
1632250800000,0.05575,0.05616,0.05544,0.05548,5251.2
1632254400000,0.05549,0.05588,0.05475,0.0548,12189.79
1632258000000,0.05489,0.05531,0.05417,0.05491,11552.92
1632261600000,0.05488,0.05501,0.05459,0.0547,5443.34
1632265200000,0.0547,0.05539,0.0547,0.05539,12357.77
1632268800000,0.05541,0.05594,0.05492,0.05537,12216.73
1632272400000,0.05542,0.05626,0.05535,0.05602,10932.9
1632276000000,0.05605,0.05616,0.0559,0.05601,5820.78
1632279600000,0.056,0.0567,0.05599,0.05652,9348.54
1632283200000,0.05651,0.05653,0.05601,0.05603,4261.3
1632286800000,0.05602,0.05649,0.05596,0.05642,6250.02
1632290400000,0.05652,0.05653,0.05608,0.0562,3274.54
1632294000000,0.05611,0.05619,0.05584,0.05584,3396.16
1632297600000,0.05583,0.05587,0.05563,0.05563,2132.94
1632301200000,0.05563,0.0559,0.05542,0.0559,2581.43
1632304800000,0.05592,0.05597,0.05568,0.05595,2661.42
1632308400000,0.05595,0.056,0.05574,0.05589,2284.24
1632312000000,0.05592,0.05605,0.0557,0.05594,2766.94
1632315600000,0.05592,0.05631,0.05569,0.0561,4312.1
1632319200000,0.05612,0.05622,0.05568,0.05577,3924.16
1632322800000,0.05578,0.05636,0.05575,0.05633,3383.9
1632326400000,0.05629,0.05667,0.05603,0.05657,5654.94
1632330000000,0.0566,0.05668,0.05629,0.05652,3022.79
1632333600000,0.05646,0.05706,0.0564,0.0565,12100.17
1632337200000,0.05645,0.05671,0.05621,0.05648,4627.74
1632340800000,0.05648,0.05674,0.05629,0.05664,5247.31
1632344400000,0.05667,0.05678,0.05615,0.05645,2637.98
1632348000000,0.05645,0.05676,0.0564,0.05676,2330.35
1632351600000,0.05675,0.05703,0.05658,0.05703,1839.56
1632355200000,0.05704,0.05736,0.05678,0.05702,3348.34
1632358800000,0.05701,0.05704,0.05673,0.05684,2413.81
1632362400000,0.05681,0.05704,0.05678,0.05697,968.83
1632366000000,0.05699,0.05723,0.05681,0.0571,2613.35
1632369600000,0.05711,0.05719,0.05665,0.05673,2912.25
1632373200000,0.05675,0.05676,0.0565,0.05652,1511.15
1632376800000,0.05656,0.05689,0.05649,0.05686,1248.41
1632380400000,0.0569,0.05696,0.05665,0.05667,1405.07
1632384000000,0.05672,0.05697,0.05666,0.05669,2679.09
1632387600000,0.05672,0.05685,0.05659,0.05665,1944.12
1632391200000,0.05667,0.05669,0.05639,0.05643,3325.14
1632394800000,0.05644,0.05667,0.05644,0.05657,1211.27
1632398400000,0.05663,0.05672,0.05647,0.05662,1929.87
1632402000000,0.05664,0.05675,0.05648,0.05675,2356.93
1632405600000,0.05678,0.0569,0.05635,0.05635,2718.3
1632409200000,0.05639,0.05651,0.05624,0.05624,1719.37
1632412800000,0.05624,0.05647,0.05587,0.05587,3835.9
1632416400000,0.05585,0.05636,0.05578,0.05622,2656.56
1632420000000,0.05622,0.05631,0.05606,0.05631,1750.77
1632423600000,0.05621,0.05659,0.05621,0.05653,1198.66
1632427200000,0.05644,0.05644,0.05612,0.05612,1310.3
1632430800000,0.05615,0.05625,0.05603,0.05603,1689.96
1632434400000,0.05602,0.05618,0.05589,0.05595,1949.07
1632438000000,0.05588,0.05614,0.0558,0.05605,1457.32
1632441600000,0.05604,0.05635,0.05596,0.05596,2660.99
1632445200000,0.05596,0.05604,0.05578,0.05592,1145.79
1632448800000,0.05599,0.05613,0.05596,0.05605,577.43
1632452400000,0.056,0.05601,0.05586,0.05592,747.01
1632456000000,0.05599,0.05605,0.0558,0.05594,1259.13
1632459600000,0.05593,0.05612,0.05562,0.05612,1974.87
1632463200000,0.05606,0.05617,0.05589,0.05589,928.9
1632466800000,0.0559,0.05622,0.0555,0.05589,5377.97
1632470400000,0.05587,0.05604,0.05561,0.05561,2102.61
1632474000000,0.05571,0.05575,0.05482,0.05488,20045.97
1632477600000,0.05494,0.05543,0.05475,0.05509,12685.8
1632481200000,0.05512,0.05528,0.05425,0.05518,11139.11
1632484800000,0.05519,0.05575,0.05507,0.05558,6151.47
1632488400000,0.05558,0.05589,0.05534,0.05576,6360.54
1632492000000,0.0557,0.05621,0.05569,0.0558,6578.2
1632495600000,0.0558,0.05595,0.05565,0.05592,2565.86
1632499200000,0.05589,0.05619,0.05579,0.05605,2578.32
1632502800000,0.05602,0.05629,0.05581,0.05599,2305.63
1632506400000,0.05604,0.05629,0.05603,0.05617,1805.4
1632510000000,0.05616,0.0562,0.05588,0.0559,2126.81
1632513600000,0.05599,0.05636,0.05599,0.05617,2652.3
1632517200000,0.05615,0.05623,0.05588,0.05588,1878.04
1632520800000,0.05595,0.05598,0.05551,0.05553,2371.65
1632524400000,0.05551,0.05551,0.05513,0.05535,1976.48
1632528000000,0.05537,0.05582,0.05526,0.05581,2803.71
1632531600000,0.05581,0.05595,0.05521,0.05595,2682.54
1632535200000,0.05591,0.05626,0.05575,0.05589,2223.75
1632538800000,0.05588,0.05594,0.05557,0.05565,1255.51
1632542400000,0.05565,0.05582,0.05543,0.0555,1684.01
1632546000000,0.0555,0.05555,0.0553,0.05543,898.47
1632549600000,0.05553,0.05576,0.05548,0.05576,979.15
1632553200000,0.05577,0.05578,0.05528,0.05528,2626.24
1632556800000,0.05531,0.05538,0.05499,0.05535,4530.4
1632560400000,0.0553,0.05562,0.05516,0.05562,1825.38
1632564000000,0.05553,0.05578,0.05553,0.05554,1230.18
1632567600000,0.05554,0.05554,0.05527,0.05527,1179.42
1632571200000,0.05529,0.05538,0.05514,0.05537,1314.06
1632574800000,0.05539,0.05578,0.05537,0.05567,1806.67
1632578400000,0.05557,0.05578,0.0552,0.0553,3135.17
1632582000000,0.05532,0.05589,0.05513,0.05541,3861.26
1632585600000,0.05549,0.05551,0.055,0.05528,2807.31
1632589200000,0.05526,0.0553,0.055,0.05522,3019.01
1632592800000,0.05524,0.05544,0.05506,0.05523,3845.69
1632596400000,0.05517,0.05573,0.05512,0.05563,1201.9
1632600000000,0.05568,0.0558,0.05534,0.0557,1481.42
1632603600000,0.05572,0.05573,0.05528,0.05547,1219.93
1632607200000,0.0555,0.05587,0.05545,0.05568,1439.65
1632610800000,0.05568,0.0558,0.05544,0.05568,911.5
1632614400000,0.05568,0.05572,0.05482,0.05496,3451.84
1632618000000,0.05497,0.05503,0.05457,0.05466,1994.06
1632621600000,0.05461,0.05528,0.05456,0.05523,3116.41
1632625200000,0.05529,0.05595,0.0552,0.05573,3685.03
1632628800000,0.05573,0.05573,0.05494,0.05535,4606.73
1632632400000,0.05537,0.05561,0.05523,0.0554,2222.32
1632636000000,0.05542,0.05596,0.05528,0.0553,4029.21
1632639600000,0.05528,0.05567,0.05482,0.05548,8060.29
1632643200000,0.05553,0.05644,0.05534,0.05632,8180.94
1632646800000,0.05637,0.06694,0.05632,0.0641,109012.53
1632650400000,0.0642,0.0663,0.06336,0.06582,29816.03
1632654000000,0.06582,0.06693,0.06528,0.06666,17695.88
1632657600000,0.06667,0.06851,0.06629,0.06796,25937.05
1632661200000,0.0679,0.06799,0.067,0.06787,12499.71
1632664800000,0.06787,0.0686,0.06761,0.06816,17718.59
1632668400000,0.06811,0.06835,0.06724,0.06818,9920.95
1632672000000,0.06826,0.06828,0.06718,0.06823,15449.35
1632675600000,0.06812,0.0708,0.06812,0.06958,24785.11
1632679200000,0.0696,0.06969,0.06923,0.06946,3459.88
1632682800000,0.06945,0.06999,0.06937,0.06963,3221.72
1632686400000,0.06962,0.07001,0.0689,0.06928,6284.01
1632690000000,0.0692,0.07019,0.06904,0.07011,3846.34
1632693600000,0.07005,0.07046,0.06873,0.06892,8507.38
1632697200000,0.06894,0.07004,0.06802,0.06991,14788.85
1632700800000,0.06988,0.07361,0.069,0.07285,19159.59
1632704400000,0.07292,0.07402,0.07097,0.0714,21793.98
1632708000000,0.07142,0.07151,0.07065,0.07109,8409.44
1632711600000,0.07112,0.07157,0.07064,0.07157,6256.78
1632715200000,0.07155,0.07204,0.07055,0.07115,10529.69
1632718800000,0.07112,0.07153,0.07043,0.07043,5208.28
1632722400000,0.07043,0.07062,0.06904,0.06958,5956.56
1632726000000,0.06957,0.07003,0.06883,0.06986,9937.6
1632729600000,0.0698,0.07085,0.0698,0.07076,11463.9
1632733200000,0.0707,0.07149,0.07004,0.07029,12809.84
1632736800000,0.07029,0.07079,0.0697,0.0697,6678.05
1632740400000,0.06969,0.07003,0.06921,0.06975,5267.47
1632744000000,0.06975,0.06986,0.06936,0.06986,4744.37
1632747600000,0.06986,0.06989,0.06874,0.06897,6418.84
1632751200000,0.06899,0.06988,0.06811,0.06839,8404.17
1632754800000,0.06839,0.06843,0.06754,0.06778,6060.02
1632758400000,0.06778,0.06783,0.0656,0.06656,16067.19
1632762000000,0.06656,0.06675,0.06603,0.06649,7407.9
1632765600000,0.06649,0.06708,0.06638,0.06693,6653.48
1632769200000,0.06691,0.067,0.0665,0.06662,3579.06
1632772800000,0.06653,0.06692,0.06623,0.06648,4509.46
1632776400000,0.06639,0.06743,0.06636,0.06724,3807.59
1632780000000,0.06719,0.06782,0.06686,0.06699,6933.4
1632783600000,0.06697,0.06697,0.06629,0.06672,5782.94
1632787200000,0.06666,0.06774,0.06631,0.06706,10526.31
1632790800000,0.06707,0.06796,0.06666,0.06758,7667.99
1632794400000,0.06755,0.06991,0.0674,0.06834,15231.7
1632798000000,0.06822,0.06889,0.06768,0.06833,6854.48
1632801600000,0.06836,0.06879,0.06767,0.06769,6851.35
1632805200000,0.06774,0.06774,0.06709,0.06746,6935.33
1632808800000,0.06752,0.06857,0.06724,0.06831,9361.43
1632812400000,0.06831,0.06884,0.06762,0.06879,7658.02
1632816000000,0.06879,0.07097,0.06849,0.07032,21310.12
1632819600000,0.07036,0.07276,0.07029,0.0713,19638.09
1632823200000,0.0713,0.07197,0.07069,0.07182,13317.26
1632826800000,0.07175,0.07353,0.07156,0.07272,22585.13
1632830400000,0.07272,0.07275,0.07043,0.07101,10935.85
1632834000000,0.07095,0.07187,0.07045,0.07128,11513.17
1632837600000,0.07122,0.07244,0.07001,0.07201,18778.97
1632841200000,0.07192,0.07211,0.07089,0.07112,10792.58
1632844800000,0.07112,0.07243,0.07014,0.07149,28002.23
1632848400000,0.07149,0.07236,0.07105,0.07197,9677.33
1632852000000,0.07195,0.07289,0.07154,0.07242,7624.35
1632855600000,0.07241,0.07286,0.07173,0.0718,5090.39
1632859200000,0.07186,0.07225,0.07125,0.07126,4662.58
1632862800000,0.0713,0.07163,0.0711,0.07141,3790.0
1632866400000,0.07143,0.07159,0.06948,0.06959,9491.28
1632870000000,0.06962,0.06981,0.06873,0.06927,6440.88
1632873600000,0.06922,0.07007,0.06902,0.06989,11030.67
1632877200000,0.0699,0.07058,0.06935,0.07027,10900.78
1632880800000,0.07021,0.07037,0.06982,0.06995,5208.74
1632884400000,0.06995,0.07018,0.06957,0.06997,5256.82
1632888000000,0.06995,0.07075,0.0699,0.07023,11335.16
1632891600000,0.0702,0.0702,0.06915,0.06936,5762.46
1632895200000,0.0694,0.07035,0.0694,0.07031,7159.39
1632898800000,nan,nan,nan,nan,nan
1632902400000,nan,nan,nan,nan,nan
1632906000000,0.06978,0.06978,0.06838,0.06864,8856.67
1632909600000,0.06862,0.06862,0.06451,0.06493,29608.0
1632913200000,0.06493,0.06525,0.06427,0.065,10863.43
1632916800000,0.065,0.06503,0.06366,0.06405,11908.19
1632920400000,0.06407,0.06429,0.06356,0.06424,9065.72
1632924000000,0.06424,0.06439,0.06372,0.06372,11725.06
1632927600000,0.06372,0.06376,0.0627,0.06287,9601.63
1632931200000,0.06289,0.06317,0.06244,0.06296,5961.07
1632934800000,0.06296,0.06363,0.06284,0.06317,9249.64
1632938400000,0.06317,0.06352,0.06305,0.06345,4386.98
1632942000000,0.06339,0.06361,0.06322,0.06322,3665.31
1632945600000,0.06322,0.06327,0.0619,0.06238,9466.14
1632949200000,0.06231,0.06251,0.06221,0.06241,1586.93
1632952800000,0.06236,0.06255,0.06197,0.06198,2593.67
1632956400000,0.06199,0.06285,0.06184,0.06257,10455.68
1632960000000,0.06264,0.06352,0.0626,0.06335,9396.89
1632963600000,0.06337,0.0637,0.06208,0.06208,8460.57
1632967200000,0.06211,0.06249,0.06199,0.06232,4543.67
1632970800000,0.06241,0.06292,0.06229,0.0627,6616.82
1632974400000,0.06274,0.06294,0.06178,0.06187,4376.63
1632978000000,0.06188,0.06242,0.06182,0.06221,2472.53
1632981600000,0.06232,0.06269,0.06228,0.06267,2938.66
1632985200000,0.06261,0.06265,0.06209,0.06238,2757.37
1632988800000,0.06229,0.06252,0.06159,0.06172,4738.01
1632992400000,0.06172,0.06202,0.06149,0.06202,3588.4
1632996000000,0.06198,0.06207,0.0612,0.0613,6544.46
1632999600000,0.06127,0.0617,0.06118,0.06152,5754.1
1633003200000,0.06159,0.06193,0.06141,0.06155,4584.22
1633006800000,0.06157,0.06168,0.0613,0.0613,2672.58
1633010400000,0.06126,0.06126,0.06051,0.06051,4633.48
1633014000000,0.06049,0.0607,0.06023,0.06033,2735.13
1633017600000,0.06033,0.06037,0.05983,0.05983,5337.48
1633021200000,0.05991,0.06011,0.05944,0.06003,5589.91
1633024800000,0.06004,0.06042,0.06003,0.06016,2374.01
1633028400000,0.06021,0.06049,0.05985,0.05987,3316.23
1633032000000,0.05988,0.0601,0.05973,0.0601,3311.53
1633035600000,0.0601,0.0602,0.05989,0.05994,1550.38
1633039200000,0.05991,0.06037,0.05962,0.06026,2416.12
1633042800000,0.06027,0.06087,0.06013,0.06072,2402.06
1633046400000,0.06071,0.06144,0.06058,0.06143,8422.06
1633050000000,0.06143,0.06318,0.06143,0.0628,8899.79
1633053600000,0.06272,0.0631,0.06234,0.06303,6063.87
1633057200000,0.06313,0.06372,0.06251,0.06295,5595.3
1633060800000,0.06295,0.06334,0.06282,0.06297,4294.77
1633064400000,0.06292,0.06353,0.06264,0.06333,6021.64
1633068000000,0.06327,0.06357,0.06261,0.06271,3862.43
1633071600000,0.06275,0.06294,0.062,0.06262,7410.68
1633075200000,0.06265,0.06323,0.06229,0.06253,4581.58
1633078800000,0.06245,0.06262,0.06196,0.06245,4408.37
1633082400000,0.06247,0.06302,0.0618,0.0618,10288.34
1633086000000,0.06181,0.0619,0.0613,0.06145,6316.7
1633089600000,0.06148,0.06191,0.06106,0.06122,4172.21
1633093200000,0.06116,0.06123,0.06059,0.06067,5062.21
1633096800000,0.06079,0.06104,0.06052,0.06098,2885.97
1633100400000,0.06102,0.06132,0.06092,0.06131,1801.39
1633104000000,0.06131,0.06138,0.06077,0.0611,5215.63
1633107600000,0.06108,0.06108,0.06065,0.06078,2174.99
1633111200000,0.06078,0.0608,0.06005,0.06011,3397.26
1633114800000,0.06015,0.06059,0.06006,0.06008,3535.29
1633118400000,0.06011,0.06072,0.05989,0.05994,4075.02
1633122000000,0.05997,0.06078,0.05976,0.06063,4341.25
1633125600000,0.06062,0.06088,0.06021,0.0605,3924.45
1633129200000,0.06049,0.06084,0.06033,0.06078,1909.35
1633132800000,0.06086,0.06155,0.06078,0.06115,5304.1
1633136400000,0.06115,0.06275,0.06053,0.06275,9988.75
1633140000000,0.06264,0.06316,0.06221,0.06242,6139.36
1633143600000,0.06233,0.06233,0.06151,0.06181,5384.76
1633147200000,0.06182,0.0621,0.06161,0.06193,2408.2
1633150800000,0.06203,0.0621,0.06163,0.06167,1547.06
1633154400000,0.06161,0.06197,0.06154,0.06188,2672.5
1633158000000,0.06196,0.06212,0.0616,0.0616,1695.82
1633161600000,0.06166,0.06185,0.06109,0.06143,5335.08
1633165200000,0.06143,0.06151,0.06106,0.06139,3289.39
1633168800000,0.06137,0.06181,0.06115,0.06128,4698.18
1633172400000,0.06127,0.06138,0.06106,0.0613,2230.31
1633176000000,0.06125,0.06176,0.06122,0.0616,2638.64
1633179600000,0.06161,0.06236,0.06159,0.0618,5638.95
1633183200000,0.06175,0.06188,0.06141,0.06182,3059.89
1633186800000,0.06189,0.06194,0.06123,0.0618,4777.86
1633190400000,0.0618,0.06216,0.06129,0.06177,5271.55
1633194000000,0.06181,0.06215,0.0614,0.06207,4561.22
1633197600000,0.06202,0.06215,0.0614,0.06211,4558.04
1633201200000,0.0621,0.0622,0.0616,0.06213,3790.7
1633204800000,0.06213,0.06213,0.06126,0.06199,5439.8
1633208400000,0.06199,0.06209,0.06145,0.06188,2796.19
1633212000000,0.0619,0.06194,0.06111,0.06118,2931.92
1633215600000,0.06119,0.06145,0.06058,0.06119,7004.6
1633219200000,0.06121,0.06137,0.06085,0.06123,5864.99
1633222800000,0.06124,0.06158,0.06122,0.06155,2214.61
1633226400000,0.0616,0.06184,0.06138,0.06138,2331.04
1633230000000,0.06135,0.06155,0.06106,0.06111,1885.88
1633233600000,0.06111,0.0614,0.061,0.06129,2375.95
1633237200000,0.06141,0.06153,0.06105,0.06111,2154.13
1633240800000,0.06111,0.06117,0.06057,0.0607,2735.15
1633244400000,0.0607,0.06078,0.06057,0.0607,2097.22
1633248000000,0.06072,0.06117,0.06066,0.06071,3432.2
1633251600000,0.06078,0.06108,0.06078,0.06089,1895.82
1633255200000,0.06093,0.06113,0.06087,0.06094,1607.44
1633258800000,0.06092,0.06105,0.06083,0.061,928.72
1633262400000,0.06093,0.06101,0.06076,0.06076,945.56
1633266000000,0.06075,0.06103,0.06062,0.06094,1853.75
1633269600000,0.06101,0.06118,0.0606,0.06062,3441.07
1633273200000,0.06062,0.06088,0.06037,0.06078,2296.85
1633276800000,0.0608,0.06097,0.06069,0.06097,1226.92
1633280400000,0.06092,0.06107,0.06058,0.06084,3327.27
1633284000000,0.06084,0.06084,0.06046,0.06065,1748.75
1633287600000,0.06066,0.06102,0.06066,0.06094,1142.64
1633291200000,0.06088,0.06096,0.06072,0.06075,841.02
1633294800000,0.06081,0.06081,0.06011,0.06052,3271.93
1633298400000,0.0605,0.06059,0.06026,0.06026,1258.23
1633302000000,0.0603,0.06049,0.06025,0.06044,2394.19
1633305600000,0.06043,0.06059,0.06019,0.06028,1958.31
1633309200000,0.06023,0.0604,0.06,0.06035,6703.51
1633312800000,0.06037,0.06089,0.06035,0.06073,4980.28
1633316400000,0.06073,0.06107,0.06044,0.06081,4620.76
1633320000000,0.06078,0.06102,0.06054,0.06072,4763.71
1633323600000,0.06074,0.06085,0.06049,0.06062,5712.24
1633327200000,0.06061,0.06076,0.06035,0.06042,1804.71
1633330800000,0.06043,0.0606,0.06026,0.06033,2215.56
1633334400000,0.0603,0.06055,0.06012,0.06012,2176.6
1633338000000,0.06012,0.0602,0.06002,0.06007,1345.09
1633341600000,0.06007,0.06024,0.05987,0.06011,2191.48
1633345200000,0.06007,0.06016,0.05988,0.05998,1790.88
1633348800000,0.05995,0.06012,0.05975,0.0601,1864.51
1633352400000,0.06002,0.06014,0.05971,0.05993,3167.82
1633356000000,0.05995,0.06011,0.05895,0.05957,8159.07
1633359600000,0.05945,0.05949,0.059,0.0593,5052.45
1633363200000,0.05926,0.06013,0.05918,0.05971,5572.33
1633366800000,0.05973,0.06017,0.05936,0.06003,5882.67
1633370400000,0.05996,0.06,0.05954,0.05968,3335.48
1633374000000,0.0596,0.05982,0.0593,0.05946,2013.54
1633377600000,0.05947,0.05958,0.05909,0.05935,3638.14
1633381200000,0.05935,0.05957,0.05912,0.0593,1962.64
1633384800000,0.05933,0.05942,0.05917,0.05938,1047.37
1633388400000,0.05929,0.05959,0.05923,0.05948,1943.55
1633392000000,0.05943,0.05972,0.05888,0.05961,4216.85
1633395600000,0.05964,0.05996,0.05964,0.05983,2508.5
1633399200000,0.05983,0.05983,0.05907,0.05907,2953.68
1633402800000,0.05908,0.05918,0.05873,0.05876,2981.82
1633406400000,0.05876,0.05876,0.05856,0.05856,3352.79
1633410000000,0.05856,0.05859,0.05837,0.0584,2305.74
1633413600000,0.0584,0.05847,0.05821,0.05826,3072.2
1633417200000,0.05826,0.05837,0.05796,0.05801,2077.55
1633420800000,0.058,0.05815,0.05775,0.058,2500.59
1633424400000,0.05801,0.05819,0.05772,0.05819,2342.87
1633428000000,0.0582,0.0583,0.05742,0.05772,5045.91
1633431600000,0.05765,0.05799,0.05765,0.05781,2532.11
1633435200000,0.05776,0.0579,0.05761,0.05771,2083.39
1633438800000,0.05769,0.0578,0.05746,0.05746,2574.73
1633442400000,0.05746,0.05751,0.05704,0.05713,4175.94
1633446000000,0.05703,0.05719,0.05696,0.057,3245.7
1633449600000,0.05698,0.05708,0.05676,0.05692,4837.55
1633453200000,0.05686,0.05698,0.05676,0.05676,755.37
1633456800000,0.0568,0.0569,0.05665,0.05686,1206.24
1633460400000,0.05688,0.05722,0.05684,0.05707,1793.69
1633464000000,0.05716,0.05769,0.05709,0.05769,4447.64
1633467600000,0.0577,0.05842,0.05766,0.05808,4535.61
1633471200000,0.05808,0.05841,0.05805,0.05805,1502.37
1633474800000,0.05814,0.05823,0.05769,0.058,2610.7
1633478400000,0.05799,0.05847,0.05799,0.05807,3547.51
1633482000000,0.05809,0.05809,0.05777,0.05794,2038.9
1633485600000,0.05787,0.05787,0.05761,0.05761,2291.6
1633489200000,0.05762,0.05776,0.05743,0.05747,3032.17
1633492800000,0.05747,0.05772,0.05733,0.05768,2000.09
1633496400000,0.05758,0.05778,0.0575,0.05772,3097.94
1633500000000,0.05766,0.05809,0.05761,0.05792,1738.41
1633503600000,0.05792,0.05797,0.05739,0.05741,2665.48
1633507200000,0.05747,0.05753,0.05679,0.05729,6906.05
1633510800000,0.05724,0.05758,0.05713,0.05738,6782.95
1633514400000,0.05737,0.05738,0.05707,0.05711,1494.38
1633518000000,0.05709,0.05727,0.05698,0.0572,2397.21
1633521600000,0.05716,0.0575,0.05698,0.05742,2521.75
1633525200000,0.05744,0.05855,0.05723,0.05839,11480.68
1633528800000,0.05839,0.05859,0.05828,0.0583,3175.76
1633532400000,0.05828,0.05909,0.05824,0.05909,5515.41
1633536000000,0.0591,0.05919,0.0588,0.05895,2876.94
1633539600000,0.05893,0.05894,0.05847,0.05857,2422.37
1633543200000,0.05857,0.05885,0.05853,0.05884,1258.07
1633546800000,0.05885,0.05908,0.05842,0.05848,3287.28
1633550400000,0.05847,0.05848,0.05779,0.05817,5378.34
1633554000000,0.05815,0.05855,0.05797,0.05813,2957.58
1633557600000,0.05814,0.05834,0.05797,0.05813,1321.53
1633561200000,0.05812,0.05826,0.0579,0.05809,1813.25
1633564800000,0.05807,0.0583,0.05773,0.05811,3530.76
1633568400000,0.05808,0.05818,0.05767,0.05785,3962.96
1633572000000,0.0578,0.05867,0.05779,0.05809,3441.07
1633575600000,0.0581,0.0581,0.057,0.05791,30398.16
1633579200000,0.05791,0.05813,0.05777,0.05803,12572.68
1633582800000,0.05804,0.05859,0.058,0.0581,4338.04
1633586400000,0.05812,0.0582,0.05756,0.05759,2045.84
1633590000000,0.05756,0.05783,0.05704,0.05736,5021.95
1633593600000,0.05739,0.05803,0.05727,0.05791,6712.94
1633597200000,0.05792,0.05804,0.0575,0.05772,5588.62
1633600800000,0.05778,0.05793,0.05755,0.05763,2753.59
1633604400000,0.05763,0.05799,0.05756,0.05788,1411.42
1633608000000,0.05788,0.05818,0.05777,0.05796,3135.74
1633611600000,0.05795,0.05832,0.05789,0.05819,2826.25
1633615200000,0.05819,0.05906,0.0578,0.0578,7018.29
1633618800000,0.05784,0.05858,0.05784,0.05842,4153.86
1633622400000,0.05852,0.05858,0.05829,0.05844,1464.29
1633626000000,0.0585,0.05862,0.0582,0.0582,1246.48
1633629600000,0.05819,0.05861,0.05819,0.0585,1477.84
1633633200000,0.05844,0.05884,0.05826,0.0587,2382.94
1633636800000,0.05872,0.05882,0.05821,0.05832,2760.06
1633640400000,0.05829,0.05846,0.05794,0.05794,2024.94
1633644000000,0.05792,0.05832,0.05786,0.05827,1220.17
1633647600000,0.05828,0.05828,0.05805,0.05819,1845.69
1633651200000,0.05826,0.05832,0.05792,0.05826,1824.66
1633654800000,0.05818,0.05835,0.05793,0.05811,2430.48
1633658400000,0.05821,0.05841,0.05813,0.05813,1690.45
1633662000000,0.05813,0.05838,0.05795,0.05801,2561.5
1633665600000,0.05806,0.05828,0.05787,0.05787,1681.57
1633669200000,0.05786,0.05808,0.05774,0.05775,1763.14
1633672800000,0.05774,0.05807,0.05744,0.05792,7757.81
1633676400000,0.05791,0.0582,0.05773,0.05788,5036.05
1633680000000,0.0579,0.05829,0.05781,0.05808,3998.41
1633683600000,0.05808,0.05823,0.05787,0.05811,2783.32
1633687200000,0.05806,0.05967,0.05806,0.05956,10408.99
1633690800000,0.05956,0.06053,0.05933,0.06024,10590.88
1633694400000,0.06024,0.06064,0.05994,0.06024,11488.85
1633698000000,0.06016,0.06045,0.06009,0.0603,2990.4
1633701600000,0.0603,0.06071,0.06017,0.06049,2803.63
1633705200000,0.06056,0.06078,0.06023,0.06029,2959.01
1633708800000,0.06029,0.06044,0.06003,0.06007,2418.26
1633712400000,0.06007,0.06016,0.05991,0.06001,2236.25
1633716000000,0.06001,0.06004,0.0598,0.05999,2869.1
1633719600000,0.0599,0.05996,0.05945,0.05965,4010.84
1633723200000,0.05965,0.05965,0.05902,0.05933,5545.81
1633726800000,0.05933,0.05935,0.05897,0.05905,2037.98
1633730400000,0.05902,0.05911,0.05894,0.05899,903.67
1633734000000,0.059,0.05915,0.05897,0.0591,856.55
1633737600000,0.05907,0.05917,0.05892,0.05907,2234.41
1633741200000,0.05905,0.05905,0.05861,0.05879,2271.1
1633744800000,0.05882,0.05887,0.05851,0.05875,7181.56
1633748400000,0.05879,0.05907,0.05873,0.05905,842.85
1633752000000,0.05896,0.0591,0.05886,0.05904,1218.14
1633755600000,0.05904,0.05904,0.0588,0.05896,816.03
1633759200000,0.05899,0.05933,0.05899,0.05919,2200.06
1633762800000,0.05919,0.05943,0.05912,0.05937,712.0
1633766400000,0.05938,0.05938,0.05898,0.05905,933.22
1633770000000,0.05905,0.05998,0.05894,0.05976,7553.37
1633773600000,0.05976,0.06036,0.05976,0.06023,3337.79
1633777200000,0.06024,0.06032,0.05985,0.0599,3297.63
1633780800000,0.05991,0.06061,0.0598,0.06041,5175.61
1633784400000,0.06045,0.06051,0.06015,0.06041,3188.49
1633788000000,0.0604,0.0604,0.06018,0.06021,920.42
1633791600000,0.06026,0.06026,0.0598,0.06001,1313.79
1633795200000,0.06002,0.06012,0.05978,0.05988,1028.52
1633798800000,0.05988,0.0602,0.05979,0.06009,1261.43
1633802400000,0.06014,0.06021,0.05985,0.06018,1833.5
1633806000000,0.06017,0.06017,0.05992,0.05997,531.96
1633809600000,0.05995,0.06022,0.05994,0.06019,1063.05
1633813200000,0.06019,0.0602,0.05977,0.05977,1249.05
1633816800000,0.05975,0.05996,0.05971,0.05996,690.35
1633820400000,0.05996,0.06007,0.0596,0.0596,1738.9
1633824000000,0.05959,0.05965,0.05935,0.05958,2124.87
1633827600000,0.05956,0.05995,0.05921,0.05984,46374.09
1633831200000,0.05974,0.06019,0.05974,0.06017,4072.35
1633834800000,0.06017,0.06045,0.06002,0.06002,1815.73
1633838400000,0.06001,0.06001,0.05963,0.05998,1849.33
1633842000000,0.06,0.06119,0.06,0.06114,6411.12
1633845600000,0.06119,0.06182,0.06108,0.06135,6744.52
1633849200000,0.06137,0.0615,0.06092,0.06147,4057.34
1633852800000,0.06147,0.06148,0.06094,0.06135,3325.23
1633856400000,0.06135,0.0616,0.06072,0.06116,5641.54
1633860000000,0.06116,0.0613,0.06058,0.06082,4956.25
1633863600000,0.06081,0.06105,0.06064,0.06105,1549.98
1633867200000,0.06095,0.06095,0.06019,0.06043,9037.23
1633870800000,0.06043,0.06048,0.06017,0.06026,2917.15
1633874400000,0.06026,0.0604,0.06005,0.06015,3324.14
1633878000000,0.06015,0.06028,0.05998,0.06022,1477.9
1633881600000,0.06025,0.0603,0.05992,0.0603,1419.41
1633885200000,0.0603,0.0603,0.0599,0.05997,1385.13
1633888800000,0.05997,0.06022,0.05993,0.06012,961.03
1633892400000,0.06023,0.0604,0.06012,0.06013,2874.7
1633896000000,0.06012,0.06013,0.05973,0.05996,2866.69
1633899600000,0.05997,0.06006,0.05963,0.05999,3639.17
1633903200000,0.06002,0.06027,0.05989,0.06027,1237.54
1633906800000,0.06023,0.06031,0.05977,0.05981,3726.28
1633910400000,0.0598,0.05992,0.05946,0.0596,5984.23
1633914000000,0.05961,0.05965,0.05882,0.05889,8029.56
1633917600000,0.05899,0.05916,0.05882,0.05882,1302.06
1633921200000,0.05882,0.05919,0.05875,0.05919,3184.96
1633924800000,0.05917,0.05933,0.05901,0.05901,2475.93
1633928400000,0.05901,0.05903,0.05874,0.05882,2212.53
1633932000000,0.05873,0.05899,0.05868,0.05872,2211.2
1633935600000,0.05873,0.05923,0.05862,0.05905,3955.55
1633939200000,0.05906,0.05931,0.05882,0.05882,4610.02
1633942800000,0.05882,0.05919,0.05881,0.05905,1362.98
1633946400000,0.05913,0.05933,0.05898,0.059,1653.12
1633950000000,0.05907,0.05925,0.05893,0.05902,2576.85
1633953600000,0.0591,0.05919,0.05876,0.05876,831.37
1633957200000,0.0588,0.05883,0.05854,0.0587,2407.65
1633960800000,0.05877,0.05898,0.05853,0.05891,11565.57
1633964400000,0.05894,0.05895,0.05877,0.0589,2794.01
1633968000000,0.0589,0.059,0.05857,0.05889,4559.87
1633971600000,0.05888,0.05888,0.05837,0.0586,5085.93
1633975200000,0.0586,0.05882,0.05843,0.05874,3348.82
1633978800000,0.05879,0.05885,0.05846,0.05846,1359.97
1633982400000,0.05853,0.05865,0.05807,0.05808,3351.14
1633986000000,0.05817,0.05837,0.05812,0.05825,1003.42
1633989600000,0.0582,0.05844,0.05815,0.05844,810.82
1633993200000,0.05844,0.05863,0.05839,0.0585,1172.47
1633996800000,0.0585,0.0586,0.05839,0.0586,747.36
1634000400000,0.05853,0.05867,0.05837,0.05846,1393.37
1634004000000,0.0584,0.0585,0.05822,0.0583,1312.72
1634007600000,0.05832,0.05837,0.05745,0.05756,4699.52
1634011200000,0.05755,0.05778,0.05751,0.05753,931.57
1634014800000,0.05752,0.05773,0.05737,0.05768,1459.06
1634018400000,0.05767,0.0578,0.05723,0.05726,1605.72
1634022000000,0.05731,0.0574,0.0567,0.0572,3911.89
1634025600000,0.05722,0.05741,0.05714,0.05737,900.6
1634029200000,0.05735,0.05735,0.05698,0.05728,2915.41
1634032800000,0.05726,0.05735,0.05706,0.05729,2293.72
1634036400000,0.05731,0.05745,0.05696,0.05696,1571.51
1634040000000,0.05696,0.05705,0.05669,0.05683,1878.27
1634043600000,0.05675,0.05675,0.05361,0.05373,23891.01
1634047200000,0.05369,0.05461,0.05364,0.05435,6005.31
1634050800000,0.05434,0.05445,0.05363,0.05363,5657.9
1634054400000,0.05362,0.0537,0.05306,0.05336,7700.76
1634058000000,0.05337,0.05349,0.05295,0.0531,6682.67
1634061600000,0.05307,0.05307,0.05258,0.05268,5022.63
1634065200000,0.05269,0.05311,0.05261,0.05288,1994.16
1634068800000,0.05298,0.053,0.05249,0.05272,4002.52
1634072400000,0.05273,0.05341,0.05271,0.05322,2741.3
1634076000000,0.05324,0.05339,0.05304,0.0533,2040.08
1634079600000,0.05332,0.05348,0.05277,0.05278,2424.44
1634083200000,0.05284,0.0532,0.05238,0.05245,6707.98
1634086800000,0.05245,0.05252,0.05123,0.05146,10415.73
1634090400000,0.05141,0.05148,0.05094,0.05114,4037.07
1634094000000,0.0511,0.05157,0.05109,0.05134,1976.03
1634097600000,0.05132,0.05132,0.05082,0.05123,2125.33
1634101200000,0.05123,0.06191,0.05088,0.05751,93140.5
1634104800000,0.05752,0.05792,0.05546,0.05566,28204.27
1634108400000,0.0556,0.05569,0.05324,0.05391,20686.52
1634112000000,0.05393,0.054,0.05144,0.05231,26909.41
1634115600000,0.05228,0.05251,0.05124,0.05251,11647.87
1634119200000,0.05253,0.0527,0.05223,0.05257,5997.28
1634122800000,0.05259,0.0526,0.05207,0.05232,2933.25
1634126400000,0.05224,0.05246,0.05178,0.05178,5153.22
1634130000000,0.05178,0.05215,0.05161,0.05192,6083.07
1634133600000,0.05187,0.05248,0.05186,0.05217,6302.82
1634137200000,0.05214,0.05235,0.05196,0.05228,3165.17
1634140800000,0.05228,0.05232,0.05181,0.05232,5434.64
1634144400000,0.05232,0.05262,0.05208,0.05208,3533.61
1634148000000,0.05213,0.05278,0.05213,0.05243,5321.69
1634151600000,0.05244,0.05276,0.05223,0.05276,4102.06
1634155200000,0.05268,0.05298,0.05249,0.05288,11242.69
1634158800000,0.05285,0.0532,0.05255,0.05301,4766.38
1634162400000,0.05301,0.05301,0.0523,0.05233,4738.46
1634166000000,0.05233,0.05276,0.05229,0.05242,5878.77
1634169600000,0.05245,0.05274,0.05237,0.05238,3352.37
1634173200000,0.05243,0.05355,0.05239,0.05337,5359.75
1634176800000,0.05336,0.05364,0.05335,0.05345,2533.89
1634180400000,0.05345,0.05352,0.05309,0.05319,2838.11
1634184000000,0.05321,0.05374,0.05321,0.05324,4136.48
1634187600000,0.05325,0.0533,0.05253,0.05259,4685.28
1634191200000,0.05259,0.05261,0.05197,0.05211,6351.4
1634194800000,0.05212,0.05239,0.05173,0.05203,4824.38
1634198400000,0.05203,0.05229,0.05196,0.0522,2605.45
1634202000000,0.05211,0.05261,0.05209,0.05241,5519.98
1634205600000,0.05239,0.05241,0.05196,0.05231,2409.4
1634209200000,0.05222,0.05321,0.05217,0.05254,7447.62
1634212800000,0.05257,0.05285,0.05246,0.05247,3407.76
1634216400000,0.05249,0.05294,0.05239,0.05286,3525.06
1634220000000,0.05295,0.05371,0.05295,0.05347,5219.53
1634223600000,0.05347,0.05353,0.05312,0.05336,3458.36
1634227200000,0.05336,0.05488,0.05336,0.05476,11836.3
1634230800000,0.05483,0.05558,0.0548,0.05557,9955.55
1634234400000,0.05558,0.0563,0.05534,0.05598,15495.01
1634238000000,0.05596,0.05612,0.05553,0.05584,5100.5
1634241600000,0.05584,0.05622,0.05547,0.05564,3414.6
1634245200000,0.05555,0.05622,0.05518,0.05586,8925.91
1634248800000,0.05595,0.05621,0.05564,0.05621,4297.39
1634252400000,0.05623,0.05624,0.05557,0.0559,3650.7
1634256000000,0.05599,0.05631,0.05527,0.05553,6908.07
1634259600000,0.05555,0.05579,0.05533,0.05579,3624.52
1634263200000,0.05575,0.05625,0.05544,0.05617,8047.93
1634266800000,0.05608,0.05701,0.05569,0.05701,6678.41
1634270400000,0.05702,0.05719,0.05627,0.0568,6896.64
1634274000000,0.0567,0.05708,0.05647,0.05688,5154.78
1634277600000,0.05682,0.05744,0.05682,0.05712,6987.19
1634281200000,0.05711,0.05711,0.05626,0.05634,3064.66
1634284800000,0.05635,0.05665,0.05615,0.05641,5010.5
1634288400000,0.05635,0.05645,0.05586,0.05591,3012.33
1634292000000,0.05591,0.05621,0.05576,0.05593,2658.47
1634295600000,0.05594,0.05627,0.05579,0.05582,2096.2
1634299200000,0.05579,0.05601,0.05569,0.0558,2363.94
1634302800000,0.05575,0.056,0.05565,0.0559,2081.63
1634306400000,0.05593,0.05599,0.0555,0.05551,2419.91
1634310000000,0.0555,0.0555,0.05517,0.05518,2506.3
1634313600000,0.05526,0.05549,0.05496,0.05525,5441.79
1634317200000,0.05525,0.0557,0.05523,0.05544,4264.56
1634320800000,0.05546,0.05547,0.05451,0.05459,6348.28
1634324400000,0.05459,0.0548,0.05438,0.05439,2439.32
1634328000000,0.05442,0.05508,0.0544,0.0549,4373.23
1634331600000,0.05498,0.05509,0.05461,0.05462,2210.47
1634335200000,0.05469,0.05479,0.05455,0.05457,2286.02
1634338800000,0.05455,0.05465,0.05437,0.05462,1352.32
1634342400000,0.05458,0.05478,0.05452,0.05469,1805.22
1634346000000,0.0547,0.05494,0.05462,0.05462,1813.71
1634349600000,0.05463,0.05491,0.05461,0.05484,1857.8
1634353200000,0.05494,0.05497,0.05453,0.05453,1105.12
1634356800000,0.05471,0.05544,0.05471,0.05521,3025.93
1634360400000,0.05527,0.05553,0.05515,0.05537,1986.75
1634364000000,0.05532,0.05571,0.05458,0.05461,4091.97
1634367600000,0.05462,0.05491,0.05439,0.0544,1667.22
1634371200000,0.0544,0.05564,0.0544,0.05495,7230.24
1634374800000,0.05497,0.05558,0.05497,0.05545,3738.89
1634378400000,0.05546,0.05553,0.05515,0.05527,1637.05
1634382000000,0.05534,0.05696,0.05493,0.05696,14307.16
1634385600000,0.05697,0.0598,0.05649,0.05944,21733.71
1634389200000,0.05933,0.05971,0.05871,0.0591,14947.38
1634392800000,0.0591,0.05924,0.05842,0.05859,5557.1
1634396400000,0.05861,0.05895,0.05861,0.05879,3679.71
1634400000000,0.05881,0.05889,0.05838,0.05878,2913.84
1634403600000,0.05877,0.05877,0.05814,0.05826,3738.92
1634407200000,0.05823,0.05828,0.05782,0.05788,3538.07
1634410800000,0.05791,0.058,0.0578,0.0579,797.89
1634414400000,0.05786,0.05804,0.05757,0.05791,3177.51
1634418000000,0.05783,0.05796,0.05765,0.05796,1564.04
1634421600000,0.05791,0.058,0.05756,0.05787,1118.36
1634425200000,0.05789,0.0581,0.05775,0.0581,1390.14
1634428800000,0.05811,0.05823,0.05693,0.05735,10518.4
1634432400000,0.05734,0.05741,0.05725,0.05741,1410.89
1634436000000,0.05732,0.05732,0.05714,0.05714,1057.23
1634439600000,0.05715,0.05722,0.05701,0.05718,1967.01
1634443200000,0.05718,0.05718,0.05695,0.05698,1510.05
1634446800000,0.057,0.057,0.05683,0.05698,1346.72
1634450400000,0.057,0.05736,0.057,0.05726,1430.72
1634454000000,0.05726,0.05803,0.05726,0.05754,4441.94
1634457600000,0.05752,0.05768,0.05737,0.05758,2526.66
1634461200000,0.05756,0.05765,0.05692,0.05695,3227.98
1634464800000,0.05694,0.05694,0.05675,0.05689,1354.93
1634468400000,0.05681,0.05698,0.05656,0.05656,3217.45
1634472000000,0.05667,0.057,0.05648,0.05683,2895.73
1634475600000,0.05683,0.05735,0.05681,0.05721,3625.88
1634479200000,0.05717,0.05717,0.05678,0.05678,1190.52
1634482800000,0.05679,0.05685,0.05603,0.05616,5386.22
1634486400000,0.05613,0.0567,0.05613,0.05643,2553.13
1634490000000,0.05643,0.05652,0.05633,0.05638,544.64
1634493600000,0.05643,0.05659,0.05643,0.05659,565.25
1634497200000,0.05662,0.05662,0.05642,0.05655,1241.12
1634500800000,0.05648,0.0565,0.05482,0.05484,8039.47
1634504400000,0.05484,0.05514,0.05473,0.0549,1582.04
1634508000000,0.05486,0.05517,0.05482,0.05497,2084.68
1634511600000,0.055,0.05518,0.05487,0.05506,1164.55
1634515200000,0.05504,0.05535,0.05489,0.05532,1970.51
1634518800000,0.05526,0.0553,0.055,0.05507,1842.51
1634522400000,0.05512,0.05543,0.05508,0.05537,1957.52
1634526000000,0.05536,0.05546,0.05489,0.0549,1209.86
1634529600000,0.0549,0.05501,0.05481,0.05498,1138.74
1634533200000,0.055,0.05515,0.05498,0.05513,883.76
1634536800000,0.05513,0.05527,0.05491,0.05494,954.38
1634540400000,0.05491,0.05507,0.05486,0.05486,989.96
1634544000000,0.05485,0.05495,0.05456,0.0548,4334.75
1634547600000,0.05479,0.05484,0.05426,0.05438,2877.76
1634551200000,0.05431,0.05457,0.05406,0.05414,4538.4
1634554800000,0.05416,0.05416,0.0536,0.05369,4716.73
1634558400000,0.05366,0.05372,0.05259,0.05315,5656.79
1634562000000,0.0532,0.05417,0.05307,0.05392,7454.43
1634565600000,0.05399,0.05407,0.05293,0.05299,4107.71
1634569200000,0.05295,0.05322,0.0529,0.05314,2259.08
1634572800000,0.05311,0.05327,0.0527,0.0527,3407.07
1634576400000,0.05269,0.05289,0.05264,0.05281,1056.29
1634580000000,0.05278,0.05291,0.05272,0.05283,1482.93
1634583600000,0.05283,0.0532,0.05272,0.0532,2062.36
1634587200000,0.05313,0.05322,0.05292,0.05292,1252.44
1634590800000,0.05293,0.05307,0.05274,0.05288,836.42
1634594400000,0.0529,0.0529,0.05239,0.05241,1937.91
1634598000000,0.05246,0.05295,0.05242,0.0529,1874.7
1634601600000,0.05293,0.05369,0.05285,0.05308,6691.41
1634605200000,0.05308,0.05406,0.05301,0.05389,4108.74
1634608800000,0.05392,0.05392,0.05311,0.05311,2733.74
1634612400000,0.0531,0.05319,0.0529,0.05298,1703.26
1634616000000,0.05302,0.05316,0.0527,0.05274,1934.48
1634619600000,0.05276,0.05296,0.05269,0.05285,1020.85
1634623200000,0.05284,0.05294,0.05268,0.05272,434.19
1634626800000,0.05276,0.05288,0.05266,0.0527,1075.64
1634630400000,0.0527,0.0529,0.0527,0.05282,1595.43
1634634000000,0.05282,0.05305,0.05281,0.05291,1775.89
1634637600000,0.05298,0.05305,0.05267,0.05278,1986.8
1634641200000,0.05276,0.05276,0.05252,0.05256,1325.7
1634644800000,0.05261,0.05281,0.05242,0.05278,1423.01
1634648400000,0.05278,0.05297,0.05267,0.05281,2492.71
1634652000000,0.0528,0.0528,0.05225,0.05239,3197.75
1634655600000,0.05236,0.0525,0.05231,0.05245,884.59
1634659200000,0.05237,0.05303,0.05231,0.05299,2538.83
1634662800000,0.05302,0.05309,0.05282,0.05302,1359.67
1634666400000,0.05295,0.05295,0.05274,0.05274,1450.9
1634670000000,0.05282,0.05295,0.05264,0.05267,984.14
1634673600000,0.05267,0.05276,0.05261,0.0527,589.32
1634677200000,0.05268,0.05294,0.05268,0.05271,832.3
1634680800000,0.05271,0.05375,0.05261,0.05353,4714.19
1634684400000,0.05346,0.05357,0.05323,0.05341,1398.23
1634688000000,0.05332,0.05398,0.05332,0.0536,3268.0
1634691600000,0.05362,0.05408,0.05362,0.05378,2878.02
1634695200000,0.0538,0.05384,0.05345,0.05345,999.78
1634698800000,0.05347,0.05351,0.05337,0.05342,796.24
1634702400000,0.05339,0.05361,0.05317,0.05317,1951.5
1634706000000,0.05316,0.05316,0.05257,0.05282,4733.22
1634709600000,0.05281,0.05301,0.05281,0.05301,911.72
1634713200000,0.05298,0.05298,0.05282,0.05286,857.77
1634716800000,0.05282,0.05288,0.05279,0.05285,493.51
1634720400000,0.05283,0.05316,0.05272,0.05316,1551.79
1634724000000,0.05313,0.05323,0.05281,0.05281,1892.45
1634727600000,0.05279,0.05329,0.05279,0.05324,1912.64
1634731200000,0.05329,0.05374,0.05319,0.05334,3734.89
1634734800000,0.05333,0.05363,0.0533,0.05359,3636.69
1634738400000,0.05358,0.05377,0.05316,0.0533,5161.89
1634742000000,0.05327,0.05351,0.05325,0.05351,2436.89
1634745600000,0.0535,0.05356,0.05306,0.0533,3281.59
1634749200000,0.05326,0.05349,0.05306,0.0533,1444.28
1634752800000,0.0533,0.05363,0.05302,0.05342,1824.24
1634756400000,0.05342,0.05377,0.05339,0.05377,1484.05
1634760000000,0.05367,0.05379,0.05347,0.05379,1509.41
1634763600000,0.05375,0.05381,0.05361,0.05378,874.43
1634767200000,0.05378,0.05393,0.05352,0.05371,1946.19
1634770800000,0.05375,0.05411,0.05369,0.05411,2422.21
1634774400000,0.05412,0.05486,0.05411,0.05454,4262.13
1634778000000,0.05452,0.05472,0.05438,0.05439,2027.81
1634781600000,0.05439,0.05462,0.05418,0.05462,2504.56
1634785200000,0.05457,0.05485,0.05455,0.05463,1913.25
1634788800000,0.05465,0.05498,0.05459,0.05498,1788.29
1634792400000,0.05498,0.05508,0.05465,0.05465,2582.51
1634796000000,0.05468,0.05512,0.05464,0.05498,2589.87
1634799600000,0.055,0.05535,0.05481,0.05498,5109.67
1634803200000,0.05499,0.05514,0.05494,0.05512,1505.93
1634806800000,0.05508,0.05566,0.05505,0.05566,3516.72
1634810400000,0.05567,0.05604,0.05547,0.05601,5412.58
1634814000000,0.056,0.05624,0.05485,0.05487,7482.8
1634817600000,0.05489,0.05558,0.05443,0.05545,5806.77
1634821200000,0.05545,0.05575,0.0554,0.05562,3155.24
1634824800000,0.05566,0.05589,0.05536,0.05543,3555.57
1634828400000,0.05546,0.05565,0.05512,0.0556,4624.68
1634832000000,0.0556,0.0558,0.05555,0.05555,1795.24
1634835600000,0.05565,0.05584,0.05543,0.0555,1686.48
1634839200000,0.05551,0.0556,0.05535,0.05535,1024.62
1634842800000,0.05539,0.0555,0.05525,0.05525,807.2
1634846400000,0.05525,0.05542,0.055,0.05533,2045.1
1634850000000,0.05534,0.05536,0.05516,0.05536,1079.02
1634853600000,0.05537,0.05543,0.05519,0.05519,356.75
1634857200000,0.05519,0.05541,0.05514,0.0554,715.34
1634860800000,0.05541,0.05592,0.05541,0.05581,1847.56
1634864400000,0.05581,0.05603,0.05556,0.05562,2038.67
1634868000000,0.05562,0.05572,0.05554,0.05555,898.49
1634871600000,0.05553,0.05579,0.05544,0.05553,1700.62
1634875200000,0.05553,0.05558,0.05542,0.05545,686.15
1634878800000,0.05546,0.05554,0.05528,0.05536,1184.79
1634882400000,0.05539,0.05554,0.055,0.055,1830.86
1634886000000,0.05499,0.05501,0.05443,0.05453,3277.33
1634889600000,0.0545,0.05454,0.05377,0.05385,6638.71
1634893200000,0.05391,0.05408,0.05384,0.05386,2668.06
1634896800000,0.05392,0.05426,0.05388,0.05412,1545.43
1634900400000,0.05407,0.05433,0.054,0.05427,1171.83
1634904000000,0.05427,0.05433,0.05408,0.05418,1285.54
1634907600000,0.05418,0.05421,0.05385,0.05396,2678.25
1634911200000,0.05397,0.05414,0.05336,0.05369,6011.53
1634914800000,0.05366,0.05373,0.05333,0.05339,2459.36
1634918400000,0.0534,0.05355,0.05332,0.0534,2567.28
1634922000000,0.05341,0.05347,0.05334,0.05343,630.17
1634925600000,0.05348,0.05363,0.05338,0.05349,1303.38
1634929200000,0.0535,0.05367,0.05346,0.05365,526.0
1634932800000,0.05359,0.05381,0.05354,0.05356,2098.94
1634936400000,0.05356,0.05356,0.05318,0.05332,2691.31
1634940000000,0.0533,0.05353,0.05327,0.05352,586.71
1634943600000,0.05352,0.05362,0.05349,0.05351,517.76
1634947200000,0.05353,0.05357,0.05338,0.05339,743.23
1634950800000,0.05348,0.05354,0.0534,0.05354,605.38
1634954400000,0.05354,0.05355,0.0534,0.05352,1242.08
1634958000000,0.0535,0.0535,0.05337,0.05337,297.73
1634961600000,0.05335,0.05351,0.05331,0.05343,1148.29
1634965200000,0.05336,0.05336,0.05318,0.05318,543.18
1634968800000,0.05318,0.05343,0.05307,0.05331,2165.94
1634972400000,0.05328,0.0537,0.05321,0.05363,1307.71
1634976000000,0.0536,0.05375,0.05357,0.05372,812.8
1634979600000,0.05366,0.0537,0.05342,0.05357,1025.87
1634983200000,0.05353,0.0536,0.05346,0.05349,428.36
1634986800000,0.05346,0.05389,0.05344,0.05386,1448.99
1634990400000,0.0538,0.05411,0.0538,0.05387,2080.03
1634994000000,0.05386,0.05393,0.05384,0.05386,537.59
1634997600000,0.05383,0.05383,0.05355,0.05357,841.29
1635001200000,0.05358,0.05374,0.0535,0.05368,2943.68
1635004800000,0.05369,0.05492,0.05367,0.05484,5690.36
1635008400000,0.05484,0.0554,0.05484,0.05532,2812.56
1635012000000,0.05533,0.05544,0.05504,0.0553,1976.85
1635015600000,0.05531,0.05575,0.05523,0.05564,2308.12
1635019200000,0.05558,0.05558,0.05513,0.05526,1487.64
1635022800000,0.05526,0.05541,0.05516,0.05538,973.15
1635026400000,0.05541,0.0555,0.05517,0.05526,1192.36
1635030000000,0.05527,0.05547,0.05519,0.05527,1001.24
1635033600000,0.05525,0.05552,0.05523,0.05548,897.01
1635037200000,0.05541,0.05611,0.05528,0.05609,3357.64
1635040800000,0.0561,0.05627,0.05563,0.05583,5300.3
1635044400000,0.05578,0.05578,0.0556,0.05576,736.57
1635048000000,0.05568,0.05575,0.05547,0.05556,827.14
1635051600000,0.05558,0.05562,0.05526,0.05529,1276.39
1635055200000,0.05531,0.05538,0.05521,0.05521,767.48
1635058800000,0.05523,0.05543,0.05521,0.05528,1077.28
1635062400000,0.05522,0.05545,0.05522,0.05539,1745.79
1635066000000,0.05544,0.05579,0.05544,0.05546,1860.84
1635069600000,0.05543,0.05556,0.05527,0.05532,1466.33
1635073200000,0.05534,0.0554,0.05523,0.05528,1429.1
1635076800000,0.05527,0.05527,0.05488,0.05488,2552.27
1635080400000,0.05489,0.05501,0.05483,0.05483,798.12
1635084000000,0.05482,0.05492,0.05456,0.05456,2796.0
1635087600000,0.05456,0.05469,0.05416,0.05423,3313.89
1635091200000,0.0542,0.05444,0.05405,0.05432,1812.37
1635094800000,0.0543,0.05436,0.05421,0.05435,581.93
1635098400000,0.05429,0.05439,0.05412,0.05414,1216.56
1635102000000,0.05414,0.05434,0.05414,0.05424,687.42
1635105600000,0.05428,0.05444,0.05421,0.05436,931.89
1635109200000,0.05434,0.05449,0.05434,0.0544,329.82
1635112800000,0.05446,0.05446,0.05429,0.05439,223.34
1635116400000,0.05433,0.05433,0.05413,0.05422,627.21
1635120000000,0.05422,0.05452,0.05413,0.05436,1470.01
1635123600000,0.05436,0.05482,0.05436,0.05477,1279.82
1635127200000,0.05473,0.0548,0.05467,0.05479,875.02
1635130800000,0.05472,0.05482,0.05468,0.05468,291.13
1635134400000,0.05472,0.0548,0.05443,0.05447,796.65
1635138000000,0.05449,0.05488,0.05449,0.05462,1466.04
1635141600000,0.05469,0.05479,0.05447,0.05461,1014.6
1635145200000,0.05463,0.05485,0.0545,0.05467,1429.16
1635148800000,0.05467,0.05477,0.05438,0.05438,841.4
1635152400000,0.05437,0.05449,0.05417,0.05421,1613.88
1635156000000,0.05428,0.05435,0.05416,0.05423,1011.85
1635159600000,0.05416,0.05419,0.05408,0.05409,754.76
1635163200000,0.05409,0.05415,0.05402,0.05402,732.54
1635166800000,0.05402,0.05451,0.05398,0.05451,1556.51
1635170400000,0.05453,0.05475,0.0541,0.05431,2741.37
1635174000000,0.0543,0.0545,0.05395,0.05448,2476.11
1635177600000,0.05447,0.0546,0.05429,0.05454,2237.41
1635181200000,0.05459,0.05501,0.05435,0.05464,2794.57
1635184800000,0.05462,0.0547,0.05446,0.0545,1167.87
1635188400000,0.0545,0.0549,0.05448,0.0549,953.98
1635192000000,0.05491,0.05502,0.05482,0.05484,1057.97
1635195600000,0.05484,0.05506,0.05484,0.05493,1075.39
1635199200000,0.05487,0.05491,0.05473,0.05477,576.27
1635202800000,0.05477,0.05514,0.05468,0.05513,1238.4
1635206400000,0.05514,0.05548,0.05484,0.05495,3652.76
1635210000000,0.05488,0.05488,0.05464,0.05471,1548.49
1635213600000,0.0547,0.05475,0.05451,0.05451,1205.78
1635217200000,0.05451,0.05523,0.0545,0.05523,1729.39
1635220800000,0.05518,0.05518,0.05447,0.05474,2956.28
1635224400000,0.0547,0.05483,0.05464,0.05482,1247.26
1635228000000,0.05478,0.05481,0.05462,0.05469,1330.25
1635231600000,0.05467,0.05481,0.05457,0.05473,738.81
1635235200000,0.05482,0.05745,0.05482,0.0567,19151.56
1635238800000,0.0567,0.05707,0.05606,0.0568,8109.58
1635242400000,0.05676,0.05731,0.05612,0.05728,7186.76
1635246000000,0.05727,0.05727,0.05672,0.05694,2419.62
1635249600000,0.05695,0.05745,0.05692,0.05745,4911.65
1635253200000,0.05745,0.05828,0.05743,0.05767,7300.55
1635256800000,0.05764,0.05764,0.0567,0.05704,7359.11
1635260400000,0.05702,0.05728,0.05666,0.05698,4953.5
1635264000000,0.05708,0.05714,0.05683,0.05693,2616.45
1635267600000,0.05694,0.05733,0.05683,0.0573,1572.23
1635271200000,0.05732,0.05734,0.05686,0.05707,1332.36
1635274800000,0.0571,0.05733,0.05708,0.05719,1400.86
1635278400000,0.05712,0.05744,0.05705,0.05721,1148.76
1635282000000,0.05713,0.05782,0.05684,0.05695,5150.96
1635285600000,0.05696,0.05725,0.05515,0.05554,12075.72
1635289200000,0.05556,0.05573,0.05546,0.05558,1641.41
1635292800000,0.05553,0.05576,0.05539,0.05539,1074.26
1635296400000,0.05545,0.05566,0.05534,0.05542,760.56
1635300000000,0.05535,0.05552,0.05529,0.05542,1611.74
1635303600000,0.0554,0.05571,0.0554,0.05557,1152.74
1635307200000,0.05553,0.05634,0.05544,0.05618,4997.54
1635310800000,0.05623,0.05658,0.05618,0.05647,4394.48
1635314400000,0.05647,0.05852,0.05647,0.05757,11466.11
1635318000000,0.05758,0.05815,0.05609,0.05622,9470.94
1635321600000,0.05624,0.05646,0.05331,0.05469,28219.34
1635325200000,0.05459,0.05491,0.05444,0.05485,4774.74
1635328800000,0.05477,0.05477,0.05426,0.05468,5499.48
1635332400000,0.05469,0.0548,0.05449,0.05466,2437.1
1635336000000,0.05457,0.05483,0.05407,0.05407,3625.64
1635339600000,0.0541,0.05415,0.05383,0.05385,1986.77
1635343200000,0.05386,0.0547,0.05366,0.05448,8420.53
1635346800000,0.05447,0.05481,0.05428,0.05449,3934.46
1635350400000,0.05448,0.05455,0.05412,0.05433,1525.89
1635354000000,0.05432,0.0548,0.05431,0.05459,2031.36
1635357600000,0.05463,0.05463,0.05425,0.05425,1818.43
1635361200000,0.05429,0.05445,0.05407,0.05445,2045.57
1635364800000,0.05446,0.05466,0.05435,0.05466,1272.38
1635368400000,0.05468,0.05472,0.0544,0.05453,1100.63
1635372000000,0.05451,0.05451,0.05398,0.05398,1464.68
1635375600000,0.05398,0.05415,0.05375,0.05383,3913.12
1635379200000,0.05384,0.05387,0.05356,0.05366,3062.87
1635382800000,0.05367,0.05421,0.0536,0.05409,2772.21
1635386400000,0.05409,0.05409,0.05368,0.05379,1916.8
1635390000000,0.05379,0.05401,0.05353,0.05372,1833.63
1635393600000,0.05375,0.0538,0.05338,0.05345,2533.29
1635397200000,0.05344,0.05359,0.05324,0.05358,2309.31
1635400800000,0.05359,0.05381,0.05309,0.0537,4326.43
1635404400000,0.05372,0.0538,0.05313,0.05324,2456.59
1635408000000,0.05326,0.05328,0.05195,0.05262,16367.66
1635411600000,0.05267,0.05304,0.05246,0.05263,3636.26
1635415200000,0.05263,0.05275,0.0524,0.05259,2481.67
1635418800000,0.05256,0.05268,0.05235,0.05252,2604.38
1635422400000,0.05249,0.05249,0.05179,0.05179,4598.57
1635426000000,0.0518,0.05205,0.05149,0.05192,5488.61
1635429600000,0.05192,0.05222,0.0519,0.05196,1929.99
1635433200000,0.05195,0.05208,0.05147,0.05147,4475.55
1635436800000,0.05147,0.05178,0.05117,0.05131,4968.17
1635440400000,0.0513,0.05165,0.05129,0.05131,2980.81
1635444000000,0.05131,0.05131,0.05074,0.05079,8436.02
1635447600000,0.05077,0.05101,0.05062,0.05063,3695.4
1635451200000,0.05073,0.05104,0.0504,0.0505,5823.42
1635454800000,0.05047,0.05073,0.05032,0.05038,2362.67
1635458400000,0.05038,0.05065,0.05038,0.05065,1433.97
1635462000000,0.05065,0.05073,0.05046,0.05059,3032.9
1635465600000,0.05056,0.05137,0.05046,0.05131,4342.62
1635469200000,0.05129,0.05173,0.05103,0.05165,6589.1
1635472800000,0.05165,0.05167,0.05124,0.05158,1759.11
1635476400000,0.0516,0.05182,0.05149,0.05171,2215.77
1635480000000,0.05166,0.05191,0.05145,0.05191,1874.84
1635483600000,0.05191,0.05219,0.05162,0.05171,2106.57
1635487200000,0.05171,0.05173,0.0515,0.05167,1258.83
1635490800000,0.05169,0.05169,0.05132,0.05132,2178.77
1635494400000,0.05131,0.05142,0.0511,0.05124,1427.71
1635498000000,0.05124,0.05126,0.051,0.051,1675.96
1635501600000,0.05099,0.05104,0.05074,0.05074,1945.93
1635505200000,0.05074,0.05074,0.05037,0.05038,2279.37
1635508800000,0.05037,0.05048,0.05006,0.05037,3922.19
1635512400000,0.05039,0.05041,0.05008,0.05013,1670.55
1635516000000,0.05012,0.05012,0.04929,0.04929,9498.24
1635519600000,0.04928,0.04959,0.04896,0.04922,5248.67
1635523200000,0.04922,0.04922,0.04817,0.04826,8748.02
1635526800000,0.04826,0.04848,0.04799,0.04811,4540.45
1635530400000,0.04809,0.04844,0.04792,0.04809,3276.86
1635534000000,0.04803,0.04814,0.0478,0.0478,2764.46
1635537600000,0.04779,0.04795,0.04761,0.04788,4053.41
1635541200000,0.04788,0.04796,0.04773,0.04795,1335.76
1635544800000,0.04794,0.04795,0.04776,0.0479,795.24
1635548400000,0.04782,0.04814,0.0478,0.04814,1965.41
1635552000000,0.04817,0.04821,0.04698,0.04711,4488.15
1635555600000,0.04709,0.04738,0.047,0.04716,2238.95
1635559200000,0.04716,0.04769,0.04715,0.04758,2137.98
1635562800000,0.0476,0.04803,0.04756,0.0478,3616.11
1635566400000,0.04779,0.04785,0.04771,0.04771,1737.01
1635570000000,0.04769,0.04776,0.04734,0.04734,1615.54
1635573600000,0.04734,0.04748,0.0471,0.0471,2069.63
1635577200000,0.0471,0.04725,0.04701,0.04723,1446.94
1635580800000,0.04723,0.04742,0.04715,0.04729,1823.42
1635584400000,0.04736,0.04749,0.04723,0.04743,2216.33
1635588000000,0.04743,0.0479,0.04739,0.04784,2848.02
1635591600000,0.0479,0.04806,0.0479,0.04796,1426.05
1635595200000,0.04796,0.04796,0.04769,0.04776,1007.14
1635598800000,0.04776,0.04806,0.04764,0.04772,2667.98
1635602400000,0.04773,0.04799,0.04762,0.04784,2009.83
1635606000000,0.0478,0.04786,0.04745,0.04755,2586.51
1635609600000,0.04753,0.0476,0.04731,0.04731,1605.76
1635613200000,0.04736,0.04741,0.04729,0.04733,1377.13
1635616800000,0.04731,0.04744,0.04726,0.04736,975.22
1635620400000,0.04733,0.04748,0.04731,0.04741,873.53
1635624000000,0.04734,0.04748,0.04733,0.04743,1005.14
1635627600000,0.04741,0.04758,0.04736,0.04749,892.32
1635631200000,0.04749,0.04751,0.04707,0.04743,4257.92
1635634800000,0.04738,0.04753,0.04714,0.04714,1165.11
1635638400000,0.04713,0.04742,0.04688,0.04742,3692.56
1635642000000,0.04739,0.04747,0.04728,0.04729,1183.15
1635645600000,0.0473,0.04749,0.04728,0.04736,1486.67
1635649200000,0.04739,0.04764,0.04731,0.04744,2779.6
1635652800000,0.04744,0.04744,0.04688,0.04689,1586.37
1635656400000,0.04688,0.04717,0.04688,0.04705,1394.39
1635660000000,0.04705,0.0472,0.04689,0.04698,1757.48
1635663600000,0.04698,0.04706,0.04689,0.04691,762.25
1635667200000,0.0469,0.04696,0.0467,0.04691,3122.71
1635670800000,0.0469,0.0472,0.0469,0.04708,1014.78
1635674400000,0.04711,0.0472,0.04679,0.04686,1893.8
1635678000000,0.04685,0.04692,0.04676,0.04689,1167.69
1635681600000,0.04691,0.04695,0.0468,0.04694,1239.04
1635685200000,0.04686,0.04723,0.04685,0.04721,2242.36
1635688800000,0.04721,0.04762,0.04719,0.04739,2687.65
1635692400000,0.0474,0.04766,0.04737,0.04748,2147.53
1635696000000,0.0475,0.04798,0.04734,0.04778,2979.97
1635699600000,0.0478,0.04793,0.04751,0.04757,1680.28
1635703200000,0.04756,0.04781,0.04743,0.04781,2855.73
1635706800000,0.04779,0.04789,0.0477,0.04779,840.96
1635710400000,0.04779,0.0479,0.04756,0.04764,1160.2
1635714000000,0.04766,0.04802,0.04753,0.04802,1723.97
1635717600000,0.04802,0.04826,0.04771,0.04771,2530.7
1635721200000,0.04771,0.04774,0.04756,0.04761,828.34
1635724800000,0.0476,0.0477,0.04752,0.04761,1007.25
1635728400000,0.04761,0.04767,0.04742,0.04756,1168.59
1635732000000,0.04757,0.04789,0.04736,0.04744,3609.42
1635735600000,0.04744,0.04759,0.04733,0.04739,1262.19
1635739200000,0.0474,0.04762,0.04709,0.0475,2798.32
1635742800000,0.04755,0.04811,0.04755,0.04799,3487.78
1635746400000,0.04802,0.04805,0.04777,0.04795,2387.15
1635750000000,0.04797,0.04806,0.04756,0.04765,2690.24
1635753600000,0.04765,0.04765,0.04743,0.04745,1602.73
1635757200000,0.04744,0.04762,0.04725,0.04732,4856.23
1635760800000,0.04731,0.04736,0.04685,0.04695,4515.82
1635764400000,0.04698,0.0471,0.04682,0.04703,2751.3
1635768000000,0.04703,0.04752,0.04701,0.04752,2898.8
1635771600000,0.04753,0.0481,0.04733,0.04795,6553.35
1635775200000,0.04791,0.04865,0.04783,0.04825,6202.31
1635778800000,0.04828,0.04927,0.048,0.04803,12215.84
1635782400000,0.04811,0.04811,0.04756,0.04766,5118.97
1635786000000,0.04769,0.04835,0.04768,0.04816,2847.49
1635789600000,0.04815,0.04819,0.04766,0.04766,1973.98
1635793200000,0.04766,0.04797,0.04752,0.04759,4085.61
1635796800000,0.04758,0.04758,0.04726,0.04733,2531.24
1635800400000,0.04732,0.04732,0.04683,0.04685,2279.55
1635804000000,0.04683,0.04718,0.04682,0.04693,1011.36
1635807600000,0.04695,0.04697,0.04647,0.04647,3261.57
1635811200000,0.04646,0.04672,0.04643,0.0467,2543.91
1635814800000,0.04659,0.04706,0.04643,0.04682,3665.28
1635818400000,0.04687,0.04692,0.04637,0.04649,3281.26
1635822000000,0.04648,0.04655,0.04623,0.04628,1884.55
1635825600000,0.04628,0.04696,0.04623,0.04686,2709.41
1635829200000,0.04686,0.04693,0.04653,0.04654,2510.16
1635832800000,0.04656,0.04687,0.04653,0.04687,1055.27
1635836400000,0.04681,0.04682,0.04663,0.04663,1010.85
1635840000000,0.04666,0.04691,0.04662,0.04664,1482.71
1635843600000,0.04665,0.04696,0.04659,0.04696,1989.14
1635847200000,0.04696,0.04718,0.04689,0.04706,2052.02
1635850800000,0.04706,0.0472,0.0469,0.0469,1969.03
1635854400000,0.04689,0.04691,0.04663,0.04678,1962.94
1635858000000,0.0468,0.0469,0.04634,0.04671,3592.65
1635861600000,0.04671,0.04677,0.04603,0.04613,5388.03
1635865200000,0.04613,0.04647,0.04598,0.04632,3519.1
1635868800000,0.04629,0.04653,0.046,0.04652,4816.45
1635872400000,0.04647,0.04671,0.04619,0.04619,3208.48
1635876000000,0.04619,0.04634,0.0461,0.04617,2045.27
1635879600000,0.04609,0.0463,0.04569,0.04628,6890.51
1635883200000,0.04621,0.04642,0.04615,0.04625,1860.35
1635886800000,0.0463,0.04665,0.04628,0.04662,1511.16
1635890400000,0.04662,0.04662,0.04637,0.04654,1575.99
1635894000000,0.04653,0.04738,0.04653,0.04718,3170.46
1635897600000,0.04725,0.04816,0.04724,0.04807,5205.31
1635901200000,0.04815,0.04868,0.04808,0.04858,7887.4
1635904800000,0.0486,0.04894,0.04815,0.04871,5842.84
1635908400000,0.04873,0.04877,0.04821,0.04841,2983.94
1635912000000,0.04842,0.04864,0.04832,0.04832,2353.2
1635915600000,0.04837,0.04868,0.04817,0.04831,3030.58
1635919200000,0.04833,0.04833,0.04794,0.04822,2855.22
1635922800000,0.04821,0.04868,0.04815,0.04865,4529.69
1635926400000,0.0486,0.0486,0.04823,0.04826,2375.69
1635930000000,0.04833,0.04854,0.04829,0.04839,1749.86
1635933600000,0.04841,0.04848,0.04803,0.04813,2197.34
1635937200000,0.0482,0.04832,0.04795,0.04818,2280.89
1635940800000,0.04818,0.04818,0.04716,0.04737,7038.81
1635944400000,0.04745,0.04749,0.04708,0.04725,3713.05
1635948000000,0.04726,0.04748,0.04675,0.04693,4397.33
1635951600000,0.04693,0.04698,0.0466,0.04679,3129.59
1635955200000,0.04674,0.04691,0.04665,0.04675,1973.49
1635958800000,0.04673,0.04688,0.04667,0.04679,1175.35
1635962400000,0.04676,0.04711,0.04642,0.04708,4918.94
1635966000000,0.04704,0.04723,0.04692,0.04701,3593.91
1635969600000,0.04703,0.04714,0.04664,0.04683,2968.68
1635973200000,0.04683,0.04683,0.04642,0.04669,2097.31
1635976800000,0.04668,0.04703,0.0465,0.04675,4284.41
1635980400000,0.0468,0.04754,0.04673,0.04724,6056.44
1635984000000,0.04724,0.04774,0.04714,0.04753,6162.43
1635987600000,0.04751,0.04777,0.04737,0.04737,2006.96
1635991200000,0.04742,0.04854,0.04742,0.04854,5772.64
1635994800000,0.04849,0.04921,0.04804,0.04859,11853.12
1635998400000,0.04861,0.0488,0.0482,0.04848,2215.74
1636002000000,0.0485,0.04853,0.04816,0.04818,2588.25
1636005600000,0.04824,0.0484,0.04795,0.04796,2315.36
1636009200000,0.04796,0.04809,0.04774,0.0478,2192.13
1636012800000,0.0478,0.04813,0.04779,0.04781,2322.24
1636016400000,0.04779,0.04789,0.04756,0.04756,2919.89
1636020000000,0.04755,0.04767,0.0475,0.04755,964.32
1636023600000,0.04754,0.04755,0.04691,0.04691,4802.83
1636027200000,0.04696,0.04714,0.04681,0.04712,2224.14
1636030800000,0.04713,0.04725,0.0468,0.04684,3666.51
1636034400000,0.04691,0.04727,0.04686,0.04702,2975.45
1636038000000,0.04705,0.04714,0.04676,0.04691,4794.79
1636041600000,0.04693,0.04719,0.04675,0.04696,2303.36
1636045200000,0.04692,0.04693,0.04618,0.04633,3990.15
1636048800000,0.04626,0.04656,0.04604,0.04611,2504.23
1636052400000,0.04614,0.04635,0.0461,0.04631,1160.77
1636056000000,0.04627,0.04635,0.04614,0.04614,1599.14
1636059600000,0.04612,0.04634,0.04602,0.04624,1975.73
1636063200000,0.04616,0.04616,0.04592,0.04612,2046.54
1636066800000,0.04614,0.04618,0.046,0.04607,1484.51
1636070400000,0.04605,0.04616,0.04588,0.04597,1837.39
1636074000000,0.04593,0.04614,0.04589,0.04593,1439.63
1636077600000,0.04588,0.04588,0.04499,0.04499,5671.98
1636081200000,0.04499,0.0452,0.04422,0.04426,6859.32
1636084800000,0.04421,0.04424,0.04338,0.04345,5355.28
1636088400000,0.04345,0.04365,0.04325,0.04336,4510.04
1636092000000,0.04334,0.04346,0.04316,0.04329,3290.82
1636095600000,0.04334,0.04346,0.04288,0.04288,5646.75
1636099200000,0.0429,0.04316,0.04283,0.04314,3232.43
1636102800000,0.04315,0.04328,0.04264,0.04267,5240.27
1636106400000,0.04271,0.04271,0.04173,0.04223,14423.49
1636110000000,0.04223,0.04224,0.04155,0.0416,4177.93
1636113600000,0.0416,0.04238,0.04147,0.04234,5074.13
1636117200000,0.04238,0.04284,0.0423,0.04239,5496.19
1636120800000,0.04244,0.04262,0.04233,0.04248,2461.72
1636124400000,0.04245,0.04255,0.04229,0.04248,3682.31
1636128000000,0.04246,0.04246,0.04173,0.04199,5180.94
1636131600000,0.04199,0.04249,0.04198,0.04233,9540.97
1636135200000,0.04231,0.04246,0.04216,0.04216,2449.11
1636138800000,0.04216,0.0423,0.04216,0.0422,1245.6
1636142400000,0.04216,0.04231,0.04212,0.04212,1168.93
1636146000000,0.0421,0.04212,0.04192,0.04207,1089.15
1636149600000,0.0421,0.04228,0.04205,0.0422,1225.22
1636153200000,0.04222,0.04228,0.04206,0.04207,1087.17
1636156800000,0.04211,0.0422,0.04164,0.04169,4661.89
1636160400000,0.04163,0.04201,0.04156,0.04193,1956.29
1636164000000,0.04196,0.04219,0.04187,0.04219,1916.33
1636167600000,0.04219,0.04221,0.04183,0.04204,1990.77
1636171200000,0.042,0.04233,0.042,0.04214,2095.67
1636174800000,0.04213,0.04221,0.04149,0.04162,4330.05
1636178400000,0.04163,0.04176,0.04128,0.04136,3181.19
1636182000000,0.04136,0.04138,0.0412,0.04129,1855.97
1636185600000,0.0413,0.04135,0.0411,0.04115,2127.4
1636189200000,0.04113,0.04118,0.04087,0.0411,3947.2
1636192800000,0.04111,0.04126,0.041,0.04103,2979.14
1636196400000,0.04102,0.04102,0.0406,0.04085,6822.01
1636200000000,0.04085,0.04115,0.04083,0.04114,2500.74
1636203600000,0.0411,0.0411,0.04092,0.04095,1446.0
1636207200000,0.04094,0.041,0.0408,0.04082,2263.95
1636210800000,0.04084,0.04084,0.04055,0.04078,1961.16
1636214400000,0.04078,0.04078,0.04048,0.04052,2470.03
1636218000000,0.04052,0.04057,0.04017,0.04021,3193.59
1636221600000,0.04019,0.04019,0.04004,0.04007,2006.68
1636225200000,0.04008,0.04022,0.04001,0.0402,3213.99
1636228800000,0.04018,0.04019,0.04,0.04009,6340.67
1636232400000,0.04004,0.04005,0.03985,0.03996,1850.43
1636236000000,0.03993,0.03999,0.03979,0.03984,1352.82
1636239600000,0.03984,0.03984,0.03946,0.03946,3474.74
1636243200000,0.03946,0.03972,0.03946,0.03972,1552.14
1636246800000,0.03973,0.03978,0.03916,0.03916,2932.91
1636250400000,0.03918,0.03926,0.03888,0.03902,5320.48
1636254000000,0.03902,0.03926,0.03902,0.03915,1223.01
1636257600000,0.03915,0.03921,0.03824,0.03839,9376.29
1636261200000,0.03839,0.03856,0.03818,0.03818,2972.49
1636264800000,0.03817,0.03818,0.03772,0.03794,3931.31
1636268400000,0.03795,0.03811,0.03771,0.03795,3386.22
1636272000000,0.03799,0.03799,0.0376,0.03764,3248.32
1636275600000,0.03768,0.03797,0.03765,0.0379,2222.09
1636279200000,0.03797,0.03829,0.0379,0.03817,3220.65
1636282800000,0.03819,0.03827,0.03815,0.03822,1309.96
1636286400000,0.0382,0.03849,0.03817,0.03848,1734.19
1636290000000,0.03844,0.03844,0.03797,0.03797,2639.01
1636293600000,0.03798,0.03831,0.03785,0.03816,4605.6
1636297200000,0.03815,0.03826,0.03808,0.03825,1502.82
1636300800000,0.03826,0.03826,0.03808,0.03808,1970.84
1636304400000,0.03811,0.03883,0.03811,0.03869,4232.5
1636308000000,0.03869,0.03889,0.03867,0.03889,1212.56
1636311600000,0.03889,0.03905,0.03867,0.03868,1911.4
1636315200000,0.03872,0.03884,0.03871,0.03875,859.11
1636318800000,0.03879,0.03883,0.0387,0.03879,1327.5
1636322400000,0.03884,0.03922,0.03874,0.03914,1801.98
1636326000000,0.0391,0.03914,0.03894,0.03898,1875.83
1636329600000,0.03898,0.04035,0.03898,0.0403,7522.91
1636333200000,0.04031,0.0404,0.03996,0.0401,4303.85
1636336800000,0.0401,0.04083,0.0401,0.04076,4620.81
1636340400000,0.04078,0.04092,0.04023,0.04032,6977.93
1636344000000,0.04032,0.04051,0.04017,0.04051,1786.4
1636347600000,0.04052,0.04056,0.03998,0.04002,3274.85
1636351200000,0.04003,0.04031,0.03992,0.04005,3676.51
1636354800000,0.04002,0.04021,0.0399,0.04012,2910.33
1636358400000,0.04014,0.04058,0.04007,0.04057,3707.81
1636362000000,0.04056,0.04067,0.04025,0.04025,2921.96
1636365600000,0.04025,0.04032,0.04012,0.04025,3053.74
1636369200000,0.04023,0.04029,0.04012,0.04014,1878.49
1636372800000,0.04016,0.04019,0.03994,0.04002,1244.29
1636376400000,0.03995,0.03995,0.03925,0.03925,4502.48
1636380000000,0.03924,0.03929,0.03884,0.03922,4588.09
1636383600000,0.03918,0.0394,0.03897,0.03931,3480.72
1636387200000,0.03932,0.03964,0.03929,0.03963,2536.2
1636390800000,0.03963,0.03987,0.03943,0.0398,2608.46
1636394400000,0.03982,0.0399,0.03962,0.03985,2820.59
1636398000000,0.03985,0.03996,0.03982,0.03985,1555.77
1636401600000,0.03986,0.04012,0.03951,0.03991,5090.25
1636405200000,0.03996,0.04059,0.03996,0.04029,4420.66
1636408800000,0.04029,0.04043,0.04005,0.04012,2643.17
1636412400000,0.04011,0.04044,0.04006,0.04014,4256.78
1636416000000,0.04017,0.04026,0.03994,0.03994,1507.15
1636419600000,0.04,0.0406,0.04,0.04057,2209.07
1636423200000,0.04057,0.04085,0.0405,0.04057,2318.6
1636426800000,0.04058,0.041,0.04054,0.04096,3367.45
1636430400000,0.04097,0.04138,0.04097,0.0413,4530.75
1636434000000,0.04135,0.04167,0.04123,0.04139,4075.46
1636437600000,0.04141,0.04158,0.04131,0.04151,2206.8
1636441200000,0.04153,0.04153,0.04109,0.04122,2668.88
1636444800000,0.04124,0.04129,0.041,0.04124,2100.6
1636448400000,0.04122,0.04164,0.0412,0.0414,3450.11
1636452000000,0.04139,0.04153,0.04131,0.04131,1497.85
1636455600000,0.04131,0.04142,0.04037,0.04102,5758.12
1636459200000,0.04102,0.04127,0.04052,0.04095,18241.73
1636462800000,0.04098,0.04119,0.04095,0.04104,1585.81
1636466400000,0.04106,0.04155,0.04103,0.0412,5779.15
1636470000000,0.04116,0.04302,0.041,0.04302,13365.03
1636473600000,0.04293,0.04323,0.04255,0.0428,9441.53
1636477200000,0.04281,0.04299,0.04238,0.04271,5255.86
1636480800000,0.04273,0.04292,0.04191,0.04202,5081.6
1636484400000,0.04206,0.04206,0.04174,0.04184,2214.75
1636488000000,0.04181,0.04191,0.04166,0.04186,2072.82
1636491600000,0.04187,0.04213,0.04172,0.04213,2674.19
1636495200000,0.04214,0.04214,0.04176,0.04176,1003.48
1636498800000,0.04176,0.04181,0.04137,0.04153,1694.5
1636502400000,0.04154,0.04191,0.04154,0.0418,2723.37
1636506000000,0.04177,0.04192,0.04175,0.04186,1517.51
1636509600000,0.04187,0.04187,0.04162,0.04165,1749.34
1636513200000,0.04168,0.04185,0.04158,0.04176,1526.57
1636516800000,0.04178,0.04207,0.0417,0.04196,2695.17
1636520400000,0.04196,0.04219,0.04184,0.04184,5098.27
1636524000000,0.04185,0.04185,0.04145,0.04151,5511.68
1636527600000,0.04147,0.04152,0.04106,0.04106,3003.66
1636531200000,0.04105,0.04123,0.04075,0.04122,3264.27
1636534800000,0.04116,0.04134,0.04111,0.04118,1222.51
1636538400000,0.04119,0.04136,0.04101,0.0413,2447.58
1636542000000,0.04129,0.04131,0.04076,0.041,3961.41
1636545600000,0.04098,0.04119,0.04093,0.04094,3161.87
1636549200000,0.04092,0.04126,0.04075,0.04089,4702.96
1636552800000,0.04087,0.04164,0.04074,0.04145,6046.11
1636556400000,0.04144,0.04317,0.04143,0.0429,9966.44
1636560000000,0.04291,0.04394,0.04243,0.04394,10083.31
1636563600000,0.04387,0.04405,0.04346,0.04388,12759.61
1636567200000,0.0439,0.04394,0.0432,0.04323,4622.0
1636570800000,0.04324,0.04353,0.04284,0.04299,6768.66
1636574400000,0.04296,0.04296,0.04171,0.04214,14415.54
1636578000000,0.04211,0.04269,0.04153,0.04168,22203.26
1636581600000,0.04164,0.04206,0.04141,0.04156,4692.59
1636585200000,0.04154,0.0416,0.04107,0.04114,2394.54
1636588800000,0.04114,0.04119,0.04093,0.04108,3156.34
1636592400000,0.04105,0.04105,0.04076,0.04097,2020.16
1636596000000,0.04096,0.04127,0.04089,0.04127,2329.89
1636599600000,0.04124,0.04135,0.041,0.04118,3766.62
1636603200000,0.04117,0.04128,0.04108,0.04121,703.16
1636606800000,0.0412,0.0412,0.04075,0.04084,8138.37
1636610400000,0.04085,0.04103,0.04066,0.04073,3108.64
1636614000000,0.04071,0.04109,0.04067,0.04087,2921.83
1636617600000,0.04088,0.04106,0.04065,0.04099,2677.38
1636621200000,0.041,0.04131,0.04073,0.04123,3147.52
1636624800000,0.04127,0.04127,0.04092,0.04098,2056.79
1636628400000,0.04095,0.04095,0.04072,0.04089,1499.37
1636632000000,0.04085,0.04121,0.04075,0.04095,3114.83
1636635600000,0.04094,0.04094,0.0406,0.04061,2292.65
1636639200000,0.0406,0.04079,0.04047,0.04076,2055.95
1636642800000,0.04071,0.04078,0.04046,0.04065,1701.18
1636646400000,0.04073,0.04163,0.0407,0.04114,6485.8
1636650000000,0.04112,0.04112,0.04089,0.04096,978.07
1636653600000,0.04094,0.04094,0.04083,0.04088,918.34
1636657200000,0.04089,0.04103,0.04082,0.04088,1135.65
1636660800000,0.04095,0.04103,0.04069,0.04069,1150.81
1636664400000,0.04075,0.04077,0.04043,0.04071,1977.01
1636668000000,0.04065,0.04071,0.04048,0.0405,1589.38
1636671600000,0.04057,0.04059,0.04037,0.04041,1261.03
1636675200000,0.0404,0.0404,0.04009,0.04015,2456.31
1636678800000,0.04017,0.0405,0.0401,0.04039,1438.13
1636682400000,0.04039,0.0406,0.0403,0.04041,1605.89
1636686000000,0.04044,0.04046,0.04019,0.04026,978.45
1636689600000,0.04025,0.04049,0.04022,0.04042,823.07
1636693200000,0.04042,0.04042,0.04014,0.04014,1318.88
1636696800000,0.04018,0.04018,0.04005,0.04017,888.99
1636700400000,0.04019,0.0404,0.04017,0.0404,711.93
1636704000000,0.0404,0.04043,0.04023,0.04029,1056.03
1636707600000,0.04028,0.04033,0.03954,0.03954,6086.15
1636711200000,0.03971,0.04013,0.03965,0.03996,1992.2
1636714800000,0.04002,0.04013,0.03983,0.03994,933.77
1636718400000,0.03999,0.04019,0.0398,0.04002,1641.02
1636722000000,0.04007,0.04014,0.03986,0.04006,1515.22
1636725600000,0.04004,0.04004,0.03944,0.0395,2816.93
1636729200000,0.0395,0.03969,0.03945,0.03959,1997.89
1636732800000,0.03958,0.04003,0.03944,0.03986,3494.78
1636736400000,0.0399,0.03999,0.03977,0.03987,1018.68
1636740000000,0.03984,0.03991,0.03941,0.03944,2027.85
1636743600000,0.03943,0.03948,0.03937,0.03937,746.13
1636747200000,0.03943,0.03943,0.03921,0.03922,1664.88
1636750800000,0.03922,0.03935,0.03922,0.03925,943.74
1636754400000,0.03924,0.03939,0.03921,0.03933,839.42
1636758000000,0.03928,0.03933,0.03912,0.03921,1006.75
1636761600000,0.03919,0.03947,0.03916,0.03933,1238.14
1636765200000,0.03933,0.03933,0.03879,0.03917,4678.1
1636768800000,0.03911,0.03919,0.03902,0.0391,855.03
1636772400000,0.03911,0.03929,0.03911,0.03917,610.31
1636776000000,0.0392,0.03922,0.03898,0.03898,1185.32
1636779600000,0.03901,0.0392,0.039,0.03912,798.6
1636783200000,0.03913,0.03924,0.03892,0.03912,1565.04
1636786800000,0.03915,0.03916,0.039,0.03902,777.26
1636790400000,0.03904,0.03904,0.03878,0.03884,4434.23
1636794000000,0.03884,0.03888,0.03876,0.03878,1092.73
1636797600000,0.03879,0.03901,0.03873,0.03895,1347.56
1636801200000,0.03895,0.03895,0.03853,0.03853,2847.29
1636804800000,0.03854,0.0386,0.03845,0.03857,1307.35
1636808400000,0.03854,0.03858,0.03846,0.03849,849.77
1636812000000,0.03853,0.03865,0.03815,0.03815,3731.88
1636815600000,0.03813,0.03822,0.03794,0.03794,3507.86
1636819200000,0.03792,0.03809,0.03768,0.03778,8215.25
1636822800000,0.03776,0.038,0.03769,0.03793,8650.08
1636826400000,0.03786,0.03799,0.03773,0.0379,1284.44
1636830000000,0.0379,0.03812,0.03785,0.03806,1498.05
1636833600000,0.03806,0.03807,0.03776,0.03787,1106.5
1636837200000,0.0378,0.03792,0.03775,0.03792,1232.46
1636840800000,0.03794,0.03799,0.03783,0.03791,803.03
1636844400000,0.0379,0.038,0.03789,0.03798,318.24
1636848000000,0.03796,0.03811,0.03792,0.03805,1044.46
1636851600000,0.03808,0.03809,0.0379,0.03809,606.07
1636855200000,0.03809,0.03831,0.03809,0.03829,800.64
1636858800000,0.03825,0.03832,0.03819,0.03825,530.08
1636862400000,0.03819,0.03838,0.03819,0.03838,1441.71
1636866000000,0.03839,0.03875,0.03834,0.03834,2125.56
1636869600000,0.03833,0.03844,0.03829,0.03834,675.33
1636873200000,0.03835,0.03847,0.03815,0.03815,962.78
1636876800000,0.03815,0.03837,0.03815,0.03834,1928.94
1636880400000,0.03834,0.03844,0.03825,0.03825,1001.36
1636884000000,0.03827,0.03832,0.0382,0.03826,946.51
1636887600000,0.03827,0.03838,0.03811,0.03811,1621.56
1636891200000,0.03812,0.03812,0.03796,0.038,1549.44
1636894800000,0.03799,0.03808,0.03739,0.03754,5222.01
1636898400000,0.03756,0.0376,0.03732,0.03746,2323.95
1636902000000,0.03743,0.03754,0.03736,0.03738,1663.37
1636905600000,0.03735,0.03755,0.03708,0.03753,3543.35
1636909200000,0.03749,0.03761,0.03738,0.0376,1169.05
1636912800000,0.03754,0.03754,0.03743,0.03748,569.58
1636916400000,0.03749,0.03749,0.03739,0.03746,419.72
1636920000000,0.03745,0.03747,0.03739,0.03743,465.62
1636923600000,0.03747,0.03761,0.03745,0.03756,712.52
1636927200000,0.03758,0.03763,0.03747,0.03754,872.28
1636930800000,0.03755,0.03777,0.03743,0.03777,2198.22
1636934400000,0.03778,0.03792,0.03764,0.03769,6957.03
1636938000000,0.03773,0.03797,0.03742,0.03758,2673.76
1636941600000,0.03754,0.03764,0.03748,0.03764,858.68
1636945200000,0.03758,0.03758,0.03733,0.0375,2716.6
1636948800000,0.0375,0.03809,0.03739,0.03778,4283.2
1636952400000,0.03776,0.03798,0.03769,0.03798,2099.81
1636956000000,0.03799,0.03813,0.03784,0.03797,4535.16
1636959600000,0.03797,0.03804,0.03783,0.03783,2708.28
1636963200000,0.03781,0.03837,0.03776,0.03826,3008.28
1636966800000,0.03832,0.03836,0.03817,0.03825,2000.84
1636970400000,0.03825,0.03827,0.03797,0.03824,1176.63
1636974000000,0.03823,0.03831,0.03813,0.03816,1277.62
1636977600000,0.03818,0.03831,0.03818,0.0382,876.48
1636981200000,0.03822,0.03851,0.03822,0.03847,3963.69
1636984800000,0.03846,0.03846,0.03821,0.03823,2513.15
1636988400000,0.03819,0.03831,0.03807,0.0382,2446.26
1636992000000,0.03817,0.03827,0.03789,0.03797,1858.31
1636995600000,0.03792,0.03796,0.03779,0.03796,1926.05
1636999200000,0.03797,0.03801,0.03764,0.03792,3095.22
1637002800000,0.03793,0.03802,0.03788,0.03797,769.93
1637006400000,0.03795,0.03803,0.03785,0.03798,752.98
1637010000000,0.03794,0.03794,0.0377,0.03785,1382.26
1637013600000,0.03781,0.03785,0.03767,0.03777,672.64
1637017200000,0.03778,0.03799,0.03775,0.03787,1535.36
1637020800000,0.03783,0.03783,0.03663,0.03668,8894.65
1637024400000,0.03666,0.03667,0.03545,0.03629,9999.08
1637028000000,0.03629,0.0367,0.03626,0.03668,3803.52
1637031600000,0.03665,0.03681,0.03609,0.03641,9090.51
1637035200000,0.0364,0.03681,0.03626,0.0364,8059.69
1637038800000,0.03641,0.0365,0.03626,0.03642,4465.16
1637042400000,0.03642,0.0369,0.03639,0.0367,4466.96
1637046000000,0.03671,0.03681,0.03664,0.03669,1361.68
1637049600000,0.03675,0.0368,0.03637,0.03647,3760.15
1637053200000,0.03645,0.03668,0.03642,0.0366,2421.92
1637056800000,0.03661,0.03664,0.03534,0.03633,11159.12
1637060400000,0.03637,0.03697,0.03599,0.03697,6354.54
1637064000000,0.03696,0.03752,0.03694,0.03748,4635.45
1637067600000,0.03748,0.03751,0.0372,0.0372,2778.1
1637071200000,0.03726,0.0373,0.03704,0.03712,3113.17
1637074800000,0.03713,0.03726,0.03708,0.03726,1347.42
1637078400000,0.03726,0.03727,0.03715,0.03722,937.23
1637082000000,0.03719,0.03728,0.03698,0.0372,1948.23
1637085600000,0.03716,0.03759,0.03715,0.03753,1842.77
1637089200000,0.03758,0.03758,0.03736,0.03749,2018.58
1637092800000,0.03744,0.0376,0.03712,0.03715,1453.93
1637096400000,0.0372,0.03731,0.03716,0.03725,1438.66
1637100000000,0.0372,0.03741,0.03708,0.03718,1731.9
1637103600000,0.03724,0.03734,0.03681,0.03681,2275.76
1637107200000,0.03681,0.03711,0.03681,0.03701,1203.87
1637110800000,0.03696,0.03715,0.03688,0.03694,2400.3
1637114400000,0.0369,0.03742,0.03687,0.03722,3714.13
1637118000000,0.03726,0.0374,0.03711,0.03731,2133.19
1637121600000,0.03729,0.03776,0.03724,0.03776,1791.87
1637125200000,0.03772,0.03799,0.03768,0.03799,2203.92
1637128800000,0.038,0.03807,0.03789,0.03792,1709.33
1637132400000,0.03796,0.03799,0.03777,0.03799,1651.56
1637136000000,0.03801,0.03822,0.03801,0.03808,2995.54
1637139600000,0.03807,0.03826,0.03799,0.03826,2035.02
1637143200000,0.03824,0.0383,0.03781,0.03783,2679.78
1637146800000,0.03779,0.03783,0.03688,0.03715,8518.23
1637150400000,0.03715,0.03765,0.03715,0.03757,2162.75
1637154000000,0.03756,0.0376,0.03736,0.0374,2662.36
1637157600000,0.03741,0.03796,0.03729,0.03779,4035.96
1637161200000,0.03776,0.03789,0.0377,0.03778,2556.27
1637164800000,0.03778,0.03782,0.03765,0.03766,1584.52
1637168400000,0.03765,0.03767,0.0374,0.03744,976.08
1637172000000,0.03741,0.03745,0.03735,0.03745,818.52
1637175600000,0.0374,0.03749,0.0374,0.03749,251.86
1637179200000,0.03743,0.03779,0.03716,0.03778,8495.28
1637182800000,0.03779,0.03792,0.03767,0.03792,1218.33
1637186400000,0.03791,0.03791,0.0375,0.03772,1331.19
1637190000000,0.03774,0.03794,0.03774,0.03785,1327.05
1637193600000,0.03781,0.03791,0.03761,0.03774,1668.5
1637197200000,0.03776,0.03789,0.03765,0.03765,1304.51
1637200800000,0.03771,0.03785,0.03769,0.03775,977.42
1637204400000,0.03779,0.0378,0.03767,0.0378,1059.8
1637208000000,0.0378,0.03795,0.03769,0.03788,2402.84
1637211600000,0.03787,0.03789,0.03746,0.03749,2793.51
1637215200000,0.03751,0.03756,0.03747,0.03756,1602.36
1637218800000,0.0375,0.03758,0.03749,0.03757,532.17
1637222400000,0.03758,0.03779,0.03751,0.03779,1639.87
1637226000000,0.03772,0.03773,0.03755,0.03755,1276.27
1637229600000,0.03759,0.03781,0.03757,0.03781,829.52
1637233200000,0.03777,0.0381,0.03741,0.03741,3366.8
1637236800000,0.03743,0.03752,0.03724,0.03731,5657.29
1637240400000,0.03731,0.03747,0.03726,0.03747,1814.91
1637244000000,0.03741,0.03747,0.03731,0.03744,1641.55
1637247600000,0.03743,0.0385,0.03731,0.03765,7925.51
1637251200000,0.03762,0.03786,0.03742,0.0378,5514.31
1637254800000,0.03781,0.03819,0.03769,0.03772,7179.73
1637258400000,0.03769,0.03785,0.03763,0.03772,1824.6
1637262000000,0.03769,0.0379,0.03769,0.03784,1178.55
1637265600000,0.0379,0.03801,0.03781,0.03782,893.66
1637269200000,0.03787,0.0379,0.03781,0.03787,664.49
1637272800000,0.03787,0.03795,0.03768,0.03781,1250.51
1637276400000,0.03783,0.03786,0.03769,0.03777,893.86
1637280000000,0.03779,0.03802,0.03769,0.03801,942.76
1637283600000,0.03799,0.03804,0.03783,0.03783,547.29
1637287200000,0.03786,0.03795,0.03758,0.03764,1194.83
1637290800000,0.03766,0.03778,0.03756,0.03778,744.24
1637294400000,0.03779,0.03788,0.03774,0.03774,524.78
1637298000000,0.03772,0.03777,0.03683,0.03698,5153.3
1637301600000,0.03696,0.03709,0.03688,0.03702,1040.37
1637305200000,0.03704,0.03707,0.03692,0.03692,771.06
1637308800000,0.037,0.0373,0.0369,0.03693,1949.14
1637312400000,0.03694,0.03706,0.03685,0.03692,1565.15
1637316000000,0.03697,0.03702,0.03688,0.037,740.21
1637319600000,0.03693,0.03706,0.0369,0.03695,478.67
1637323200000,0.03693,0.03694,0.03663,0.03674,2117.63
1637326800000,0.03673,0.03686,0.03659,0.03661,1312.85
1637330400000,0.03659,0.03675,0.03654,0.03654,1188.92
1637334000000,0.03661,0.03675,0.03654,0.03669,1117.88
1637337600000,0.03668,0.03668,0.03631,0.03643,1997.45
1637341200000,0.03645,0.03651,0.03621,0.03628,1962.14
1637344800000,0.03632,0.03648,0.03627,0.03648,583.21
1637348400000,0.0365,0.03651,0.03638,0.0364,453.51
1637352000000,0.03639,0.03645,0.03627,0.03627,593.13
1637355600000,0.03634,0.0365,0.03633,0.03641,722.06
1637359200000,0.03642,0.03661,0.03638,0.0366,534.64
1637362800000,0.03656,0.03656,0.03638,0.03651,767.52
1637366400000,0.03654,0.03656,0.03636,0.03647,1142.98
1637370000000,0.03645,0.03647,0.03623,0.03623,594.22
1637373600000,0.0363,0.03634,0.03618,0.03622,933.28
1637377200000,0.03622,0.03629,0.03602,0.03617,5648.78
1637380800000,0.03617,0.03629,0.0361,0.03629,1999.57
1637384400000,0.03627,0.03627,0.036,0.03608,1801.53
1637388000000,0.03609,0.0362,0.03609,0.03612,850.91
1637391600000,0.03616,0.03628,0.03616,0.03627,627.07
1637395200000,0.03626,0.0364,0.03624,0.0364,1506.08
1637398800000,0.03639,0.03667,0.03631,0.03657,1206.51
1637402400000,0.03656,0.03666,0.0365,0.03656,903.98
1637406000000,0.03652,0.0368,0.03649,0.03654,2124.97
1637409600000,0.03648,0.03648,0.03628,0.03637,2164.67
1637413200000,0.03638,0.03707,0.03638,0.03706,2648.58
1637416800000,0.03708,0.03733,0.03671,0.03681,2219.17
1637420400000,0.03679,0.03687,0.03656,0.03666,2495.13
1637424000000,0.0366,0.03663,0.0364,0.0365,1573.41
1637427600000,0.03649,0.03652,0.03639,0.03652,862.44
1637431200000,0.03647,0.03663,0.03636,0.03645,1889.55
1637434800000,0.03644,0.03652,0.03625,0.03629,2076.33
1637438400000,0.03632,0.03647,0.03624,0.03647,1013.4
1637442000000,0.03644,0.03657,0.03638,0.03657,1074.35
1637445600000,0.03657,0.03665,0.03625,0.03625,1019.87
1637449200000,0.03631,0.03651,0.03631,0.03645,1616.46
1637452800000,0.03647,0.03656,0.03638,0.03652,1531.71
1637456400000,0.03651,0.03668,0.03649,0.03651,639.12
1637460000000,0.03649,0.03659,0.03642,0.03648,863.22
1637463600000,0.0365,0.03679,0.0365,0.03672,4842.99
1637467200000,0.03674,0.0369,0.03668,0.03683,923.0
1637470800000,0.03682,0.03683,0.03664,0.0367,669.3
1637474400000,0.03672,0.03676,0.03659,0.03667,389.93
1637478000000,0.03668,0.03706,0.03668,0.03705,4168.53
1637481600000,0.03708,0.03716,0.03701,0.03703,1121.1
1637485200000,0.03703,0.03712,0.03682,0.03686,1463.67
1637488800000,0.03689,0.03702,0.03687,0.03693,1006.27
1637492400000,0.03691,0.03704,0.0369,0.03704,5439.25
1637496000000,0.03706,0.03711,0.03684,0.03684,932.57
1637499600000,0.03687,0.03691,0.03657,0.03658,1038.4
1637503200000,0.03657,0.03682,0.03657,0.0368,1135.28
1637506800000,0.03676,0.03676,0.03654,0.03666,857.77
1637510400000,0.03672,0.037,0.03672,0.037,2114.81
1637514000000,0.03697,0.03701,0.03688,0.03693,440.47
1637517600000,0.03694,0.03701,0.03687,0.03687,1055.36
1637521200000,0.03686,0.03691,0.03676,0.03691,947.05
1637524800000,0.03685,0.03709,0.03681,0.03707,1753.78
1637528400000,0.03711,0.03726,0.03701,0.03725,2117.17
1637532000000,0.03726,0.03728,0.03694,0.03709,1781.01
1637535600000,0.03704,0.03725,0.037,0.03705,2259.67
1637539200000,0.03701,0.03702,0.0368,0.03697,3463.85
1637542800000,0.03698,0.03706,0.03687,0.03703,568.41
1637546400000,0.03708,0.03709,0.03685,0.03689,2108.05
1637550000000,0.03686,0.0369,0.03675,0.0368,1180.03
1637553600000,0.03685,0.03692,0.03678,0.03678,710.47
1637557200000,0.03686,0.03703,0.03683,0.03684,1352.88
1637560800000,0.0369,0.03726,0.03681,0.03717,4853.37
1637564400000,0.03719,0.03745,0.03719,0.03734,1938.22
1637568000000,0.03732,0.03751,0.03729,0.0373,1936.63
1637571600000,0.03729,0.03729,0.03709,0.03711,1197.92
1637575200000,0.03713,0.03727,0.03705,0.03727,1657.35
1637578800000,0.03729,0.03765,0.03718,0.03762,4577.08
1637582400000,0.03765,0.03847,0.03761,0.03784,9131.71
1637586000000,0.03785,0.03823,0.03765,0.03799,4821.36
1637589600000,0.03801,0.03805,0.03761,0.03784,2211.03
1637593200000,0.03786,0.03792,0.03763,0.03792,2125.95
1637596800000,0.03787,0.03852,0.03786,0.03823,3146.81
1637600400000,0.03822,0.03826,0.03803,0.03803,1567.94
1637604000000,0.03804,0.03829,0.03801,0.03821,1107.8
1637607600000,0.03822,0.03839,0.03786,0.03789,2612.45
1637611200000,0.03792,0.038,0.03779,0.03779,1270.49
1637614800000,0.03781,0.03785,0.0375,0.03751,2092.92
1637618400000,0.03756,0.03761,0.03739,0.03742,1368.94
1637622000000,0.03745,0.03767,0.03742,0.03746,2102.63
1637625600000,0.03746,0.03746,0.03717,0.03731,2923.05
1637629200000,0.03732,0.03787,0.03731,0.03784,3706.97
1637632800000,0.03779,0.03779,0.03765,0.03779,715.94
1637636400000,0.03781,0.03788,0.03771,0.03776,662.25
1637640000000,0.03779,0.03794,0.03779,0.03792,4606.47
1637643600000,0.03795,0.03807,0.03783,0.03783,1415.24
1637647200000,0.03787,0.03792,0.03768,0.03781,942.74
1637650800000,0.03779,0.03779,0.03752,0.03774,1292.48
1637654400000,0.03776,0.03776,0.03746,0.03755,1470.37
1637658000000,0.03759,0.03759,0.03715,0.0372,3520.83
1637661600000,0.03714,0.03714,0.03672,0.03695,2934.5
1637665200000,0.03688,0.03711,0.0368,0.0368,1383.12
1637668800000,0.03681,0.03683,0.03663,0.03665,831.18
1637672400000,0.03669,0.03682,0.03651,0.03652,1813.47
1637676000000,0.0365,0.03672,0.03633,0.03635,2393.37
1637679600000,0.0364,0.03704,0.0364,0.03701,2158.66
1637683200000,0.03695,0.03705,0.03657,0.03666,2066.59
1637686800000,0.03666,0.03679,0.03661,0.03679,772.04
1637690400000,0.03681,0.03684,0.0367,0.03684,1984.37
1637694000000,0.03681,0.03692,0.03676,0.03688,1066.82
1637697600000,0.03687,0.03712,0.03681,0.03709,2377.82
1637701200000,0.03703,0.0374,0.03703,0.0374,1859.08
1637704800000,0.03741,0.03741,0.03722,0.03736,2214.26
1637708400000,0.03734,0.03759,0.03731,0.03759,1554.19
1637712000000,0.03756,0.03767,0.03749,0.03763,1130.45
1637715600000,0.03756,0.03763,0.03738,0.03747,982.39
1637719200000,0.03749,0.03761,0.03733,0.03733,1432.92
1637722800000,0.03738,0.03751,0.03727,0.03749,1473.65
1637726400000,0.03751,0.03761,0.03738,0.03754,1402.14
1637730000000,0.0375,0.03754,0.03738,0.03739,540.42
1637733600000,0.03739,0.03739,0.03703,0.03706,1749.35
1637737200000,0.03709,0.0372,0.037,0.03708,2025.63
1637740800000,0.03711,0.03723,0.037,0.03722,2145.29
1637744400000,0.03717,0.03738,0.03683,0.03683,3005.52
1637748000000,0.03684,0.03728,0.03666,0.03666,4800.1
1637751600000,0.03666,0.03666,0.03648,0.03663,2236.47
1637755200000,0.03658,0.03666,0.03632,0.03649,1455.08
1637758800000,0.03649,0.03649,0.03607,0.03611,3203.66
1637762400000,0.03609,0.03623,0.03603,0.0362,2168.56
1637766000000,0.03619,0.03626,0.03556,0.0357,6048.57
1637769600000,0.03569,0.03586,0.03561,0.03578,1917.68
1637773200000,0.03577,0.03584,0.03555,0.03559,1567.78
1637776800000,0.03556,0.03565,0.03543,0.03543,3227.11
1637780400000,0.03542,0.03554,0.03518,0.03548,3458.93
1637784000000,0.03548,0.03563,0.03545,0.03545,1324.89
1637787600000,0.03545,0.03552,0.03535,0.03545,2474.02
1637791200000,0.0354,0.03543,0.03523,0.03523,1914.0
1637794800000,0.03523,0.03527,0.03507,0.03527,2831.17
1637798400000,0.03522,0.03529,0.03484,0.03514,4214.72
1637802000000,0.03514,0.03524,0.03497,0.03502,2548.31
1637805600000,0.035,0.03509,0.03485,0.03485,1412.22
1637809200000,0.03486,0.03493,0.0339,0.03434,78573.82
1637812800000,0.03434,0.03456,0.03425,0.03444,2632.56
1637816400000,0.03449,0.03452,0.0342,0.03451,2279.45
1637820000000,0.03448,0.03464,0.03448,0.03449,921.99
1637823600000,0.03454,0.03457,0.03418,0.03425,1363.13
1637827200000,0.03423,0.03424,0.03396,0.03403,1701.15
1637830800000,0.03407,0.03411,0.03366,0.03367,2106.59
1637834400000,0.03365,0.03385,0.03345,0.03355,10321.64
1637838000000,0.03356,0.03371,0.0329,0.03301,5435.6
1637841600000,0.03299,0.03358,0.03298,0.03349,2945.6
1637845200000,0.03349,0.03395,0.03349,0.03393,3686.83
1637848800000,0.03387,0.034,0.03375,0.03378,2822.96
1637852400000,0.03381,0.03392,0.03336,0.03341,3422.57
1637856000000,0.03341,0.03361,0.03334,0.03351,3208.08
1637859600000,0.03348,0.03362,0.03345,0.03358,1381.39
1637863200000,0.03355,0.03372,0.03346,0.03361,2136.55
1637866800000,0.03362,0.03368,0.03348,0.03359,964.24
1637870400000,0.03363,0.03377,0.03361,0.03377,1566.18
1637874000000,0.03373,0.03382,0.03366,0.0337,1427.67
1637877600000,0.03368,0.03376,0.03333,0.03333,915.22
1637881200000,0.03332,0.03348,0.03327,0.03346,1872.39
1637884800000,0.03349,0.0335,0.03321,0.03326,1332.2
1637888400000,0.03321,0.03321,0.03265,0.03271,2439.99
1637892000000,0.0327,0.03276,0.03225,0.03229,3451.95
1637895600000,0.03228,0.03353,0.03227,0.03332,10402.31
1637899200000,0.03332,0.03384,0.03316,0.03371,5535.28
1637902800000,0.0337,0.03382,0.03339,0.03339,7335.85
1637906400000,0.03339,0.03366,0.03334,0.03363,1762.73
1637910000000,0.03363,0.03393,0.0334,0.0334,7324.0
1637913600000,0.03337,0.03355,0.03263,0.03332,21109.56
1637917200000,0.0333,0.03338,0.03311,0.03338,4232.46
1637920800000,0.03338,0.03343,0.03299,0.03308,4372.26
1637924400000,0.03302,0.03319,0.03296,0.03313,3200.91
1637928000000,0.03319,0.03319,0.03263,0.0328,6746.45
1637931600000,0.03279,0.03283,0.03241,0.03269,7078.88
1637935200000,0.03269,0.03307,0.03269,0.03296,3210.36
1637938800000,0.03296,0.03313,0.03288,0.03299,2710.66
1637942400000,0.03301,0.03308,0.03278,0.03283,2174.22
1637946000000,0.03282,0.03282,0.03267,0.03278,1467.14
1637949600000,0.03278,0.03303,0.03264,0.03267,3944.01
1637953200000,0.03268,0.03299,0.03268,0.03299,1835.65
1637956800000,0.03296,0.03306,0.03292,0.03306,736.96
1637960400000,0.03302,0.03303,0.03293,0.03294,1014.66
1637964000000,0.03293,0.03309,0.0329,0.0329,1152.35
1637967600000,0.03288,0.03296,0.03273,0.03278,3267.72
1637971200000,0.03279,0.03324,0.03279,0.03324,1625.4
1637974800000,0.03324,0.03336,0.03316,0.03333,1413.78
1637978400000,0.03333,0.03338,0.03318,0.0333,1128.26
1637982000000,0.03325,0.03336,0.03314,0.03327,1295.16
1637985600000,0.03334,0.03356,0.03333,0.03351,2264.12
1637989200000,0.03347,0.03352,0.03342,0.03342,476.93
1637992800000,0.03342,0.0338,0.03342,0.03379,2490.41
1637996400000,0.03379,0.03379,0.03341,0.03341,1617.37
1638000000000,0.03341,0.0336,0.03315,0.03321,3125.86
1638003600000,0.03317,0.03334,0.03298,0.03311,4512.82
1638007200000,0.03311,0.03312,0.033,0.03304,1102.4
1638010800000,0.03305,0.03319,0.03295,0.033,1629.05
1638014400000,0.03302,0.03305,0.03275,0.03283,2429.42
1638018000000,0.03279,0.03298,0.03258,0.03265,1690.49
1638021600000,0.03264,0.03266,0.03248,0.03251,1063.36
1638025200000,0.03248,0.03269,0.03243,0.03269,1499.57
1638028800000,0.03264,0.03264,0.03223,0.03232,2599.42
1638032400000,0.0323,0.03231,0.03199,0.03206,2230.07
1638036000000,0.03207,0.03216,0.03192,0.032,2527.21
1638039600000,0.032,0.03226,0.03197,0.03225,769.05
1638043200000,0.03223,0.03223,0.03197,0.03208,2000.22
1638046800000,0.03214,0.03243,0.03214,0.03222,1882.65
1638050400000,0.03222,0.0323,0.03212,0.0323,856.93
1638054000000,0.03232,0.0325,0.03223,0.0325,2853.18
1638057600000,0.0325,0.03257,0.03211,0.03211,1554.21
1638061200000,0.03215,0.03241,0.03207,0.0323,2710.09
1638064800000,0.03233,0.03279,0.03232,0.03275,3578.6
1638068400000,0.03277,0.03294,0.03268,0.03273,2911.42
1638072000000,0.03276,0.0328,0.03262,0.03263,1443.25
1638075600000,0.03267,0.03269,0.03241,0.0326,2755.71
1638079200000,0.03255,0.03269,0.03253,0.0326,1846.38
1638082800000,0.0326,0.03265,0.03232,0.03243,1202.44
1638086400000,0.03242,0.03255,0.03237,0.03237,1791.7
1638090000000,0.03237,0.03262,0.03205,0.0321,3634.09
1638093600000,0.03211,0.03219,0.03201,0.03213,1345.7
1638097200000,0.03216,0.03221,0.03188,0.03215,2037.62
1638100800000,0.03215,0.03215,0.03205,0.03209,808.6
1638104400000,0.03212,0.03212,0.032,0.03204,1527.08
1638108000000,0.03206,0.03216,0.03197,0.03209,1134.54
1638111600000,0.0321,0.03233,0.03194,0.03201,4477.88
1638115200000,0.032,0.03243,0.032,0.03237,2618.18
1638118800000,0.03236,0.03247,0.03229,0.0323,2625.44
1638122400000,0.0323,0.03253,0.03224,0.03246,3291.71
1638126000000,0.03247,0.03318,0.03243,0.03302,4414.26
1638129600000,0.03306,0.03307,0.03293,0.03295,1464.96
1638133200000,0.03296,0.03303,0.03263,0.03282,3584.28
1638136800000,0.03282,0.03307,0.03282,0.03296,2328.96
1638140400000,0.03298,0.03316,0.03291,0.03295,2212.08
1638144000000,0.03289,0.03296,0.03275,0.03294,1696.61
1638147600000,0.03289,0.03298,0.03281,0.03287,2196.23
1638151200000,0.03287,0.03295,0.03282,0.03293,1252.38
1638154800000,0.03293,0.03317,0.03278,0.03291,2437.23
1638158400000,0.03289,0.03302,0.0328,0.03288,1208.7
1638162000000,0.03284,0.03285,0.03274,0.03279,981.87
1638165600000,0.03281,0.03285,0.03271,0.03271,663.92
1638169200000,0.03274,0.03276,0.03237,0.03268,3507.23
1638172800000,0.03265,0.03277,0.03256,0.03269,1426.81
1638176400000,0.03269,0.03271,0.03243,0.03246,2551.54
1638180000000,0.03243,0.03278,0.03243,0.03266,1582.01
1638183600000,0.03265,0.03265,0.03237,0.03246,1476.27
1638187200000,0.03246,0.03246,0.03214,0.03222,1904.39
1638190800000,0.03221,0.03221,0.03197,0.0321,1914.26
1638194400000,0.03208,0.03215,0.03201,0.03206,1260.88
1638198000000,0.03207,0.03226,0.03206,0.03214,1552.0
1638201600000,0.03213,0.03226,0.03203,0.03219,1236.81
1638205200000,0.03224,0.03264,0.03224,0.03255,2880.77
1638208800000,0.03255,0.03266,0.0325,0.03265,1767.48
1638212400000,0.03264,0.03264,0.03248,0.03251,886.65
1638216000000,0.03255,0.03269,0.03252,0.03265,1379.78
1638219600000,0.03259,0.0326,0.0325,0.03251,703.95
1638223200000,0.03251,0.03264,0.03251,0.03255,753.29
1638226800000,0.0326,0.03271,0.03243,0.03248,2146.77
1638230400000,0.03246,0.03259,0.03216,0.03219,3221.61
1638234000000,0.03219,0.03273,0.03213,0.03268,3319.02
1638237600000,0.0327,0.03286,0.0327,0.03275,1854.3
1638241200000,0.03273,0.03273,0.0325,0.03264,1672.92
1638244800000,0.03262,0.0327,0.0326,0.03263,845.24
1638248400000,0.03269,0.03278,0.0326,0.03263,1753.15
1638252000000,0.03263,0.03263,0.03238,0.03239,2650.37
1638255600000,0.03238,0.03242,0.03232,0.03239,956.05
1638259200000,0.03237,0.03253,0.03233,0.0325,1531.11
1638262800000,0.03247,0.0327,0.03246,0.03256,1730.47
1638266400000,0.0326,0.03274,0.03253,0.03255,1409.93
1638270000000,0.03253,0.03282,0.03249,0.03278,2033.46
1638273600000,0.03276,0.03329,0.03276,0.03329,4600.07
1638277200000,0.0333,0.03381,0.0333,0.03352,7191.91
1638280800000,0.03351,0.03384,0.03345,0.03355,4465.09
1638284400000,0.0336,0.03412,0.0336,0.03378,17505.22
1638288000000,0.03377,0.03377,0.03333,0.03335,5646.95
1638291600000,0.03334,0.03355,0.03328,0.03337,3807.29
1638295200000,0.0334,0.03362,0.03336,0.03352,2147.09
1638298800000,0.03347,0.03356,0.03344,0.03354,555.55
1638302400000,0.03355,0.03384,0.03351,0.03383,2231.7
1638306000000,0.0338,0.0341,0.0338,0.03407,2186.42
1638309600000,0.03407,0.03411,0.03375,0.03383,1571.35
1638313200000,0.03384,0.03417,0.03352,0.03414,3774.55
1638316800000,0.03413,0.03519,0.03385,0.03497,9601.31
1638320400000,0.03493,0.03502,0.03468,0.03472,2458.0
1638324000000,0.03472,0.03476,0.03448,0.03476,2160.29
1638327600000,0.03476,0.03526,0.03468,0.03512,4413.91
1638331200000,0.03513,0.03536,0.03501,0.03523,3904.13
1638334800000,0.03525,0.03531,0.03495,0.03502,3670.84
1638338400000,0.03502,0.03538,0.03502,0.03513,2617.55
1638342000000,0.03514,0.03516,0.03467,0.03467,2112.79
1638345600000,0.03467,0.03468,0.03383,0.03399,5716.36
1638349200000,0.03402,0.03406,0.0334,0.0334,4179.11
1638352800000,0.0334,0.03363,0.03332,0.03354,2183.85
1638356400000,0.03358,0.03378,0.03353,0.03378,1682.21
1638360000000,0.03373,0.03401,0.03351,0.03393,2550.76
1638363600000,0.03394,0.03407,0.03361,0.03361,2814.35
1638367200000,0.0336,0.03386,0.03349,0.03386,1916.61
1638370800000,0.03382,0.03387,0.03365,0.03369,1574.06
1638374400000,0.03369,0.03388,0.03369,0.03377,1148.01
1638378000000,0.0338,0.03387,0.03365,0.03368,997.43
1638381600000,0.03367,0.03376,0.03353,0.03361,2946.98
1638385200000,0.03363,0.03368,0.03349,0.03349,1112.78
1638388800000,0.03354,0.03362,0.03347,0.03351,1161.27
1638392400000,0.03356,0.03369,0.03347,0.03359,2186.02
1638396000000,0.03359,0.03376,0.03356,0.03364,1076.62
1638399600000,0.03362,0.03367,0.03339,0.03339,1091.49
1638403200000,0.03344,0.03348,0.03332,0.03334,1886.03
1638406800000,0.03338,0.03348,0.03323,0.03323,2112.92
1638410400000,0.03324,0.03439,0.03324,0.03427,9877.39
1638414000000,0.0343,0.03523,0.03385,0.03521,10462.08
1638417600000,0.03525,0.03661,0.03496,0.03552,27961.98
1638421200000,0.03554,0.036,0.03541,0.0357,14622.49
1638424800000,0.03572,0.03684,0.03565,0.03618,16723.15
1638428400000,0.03619,0.03619,0.03549,0.0357,4661.81
1638432000000,0.03568,0.03626,0.03567,0.03606,8308.62
1638435600000,0.03609,0.03642,0.03586,0.03617,3775.32
1638439200000,0.03615,0.03634,0.03588,0.03633,4678.56
1638442800000,0.03636,0.03636,0.03591,0.03611,4651.74
1638446400000,0.03609,0.03609,0.03564,0.03591,3685.4
1638450000000,0.03593,0.036,0.0357,0.03593,1930.56
1638453600000,0.03595,0.036,0.03563,0.0357,2510.31
1638457200000,0.03567,0.03708,0.03564,0.03677,13676.52
1638460800000,0.03677,0.03677,0.03613,0.03639,5257.35
1638464400000,0.03638,0.03652,0.03626,0.03627,2702.41
1638468000000,0.03625,0.03625,0.03602,0.0361,2024.03
1638471600000,0.03611,0.03629,0.03605,0.03619,1373.95
1638475200000,0.03616,0.03639,0.03607,0.03639,2194.48
1638478800000,0.0364,0.03642,0.03615,0.03641,1774.44
1638482400000,0.03639,0.03639,0.03608,0.03622,1258.61
1638486000000,0.0362,0.0362,0.03607,0.03615,1300.83
1638489600000,0.03617,0.03702,0.03612,0.03686,4585.37
1638493200000,0.03688,0.03732,0.03676,0.03693,5748.55
1638496800000,0.03693,0.03711,0.03639,0.03642,3988.2
1638500400000,0.03647,0.03648,0.03587,0.03589,3010.16
1638504000000,0.03593,0.03606,0.03585,0.0359,1843.72
1638507600000,0.03591,0.036,0.0355,0.03568,7539.1
1638511200000,0.0357,0.0357,0.03551,0.03563,2837.56
1638514800000,0.0356,0.03561,0.03497,0.03497,5722.86
1638518400000,0.03495,0.03514,0.03488,0.03504,4838.51
1638522000000,0.03505,0.03525,0.03505,0.03518,1430.25
1638525600000,0.03518,0.03523,0.03504,0.03512,1969.71
1638529200000,0.0351,0.03511,0.03494,0.03499,1208.51
1638532800000,0.03499,0.03502,0.03484,0.03495,1606.02
1638536400000,0.03493,0.03521,0.03482,0.03488,2579.66
1638540000000,0.03488,0.03504,0.03482,0.03482,1768.18
1638543600000,0.03482,0.03519,0.03479,0.03504,3124.07
1638547200000,0.03505,0.0352,0.03469,0.03471,5729.65
1638550800000,0.03471,0.03488,0.03456,0.03457,3360.13
1638554400000,0.03456,0.03461,0.03439,0.03439,2585.86
1638558000000,0.03441,0.03448,0.03422,0.03431,3474.16
1638561600000,0.03427,0.03434,0.03354,0.03383,13720.39
1638565200000,0.03379,0.03383,0.03363,0.03364,1983.07
1638568800000,0.03364,0.03375,0.0336,0.03364,2137.5
1638572400000,0.03365,0.03365,0.03347,0.03352,1375.51
1638576000000,0.03353,0.03374,0.0335,0.03366,3012.37
1638579600000,0.03366,0.03378,0.03333,0.03343,3708.41
1638583200000,0.03342,0.03346,0.03336,0.03343,1193.78
1638586800000,0.03339,0.03339,0.03293,0.03298,4960.84
1638590400000,0.03297,0.03347,0.03208,0.03273,13052.77
1638594000000,0.03273,0.03278,0.02679,0.0304,71677.79
1638597600000,0.03046,0.03119,0.03018,0.03078,31430.56
1638601200000,0.0308,0.03119,0.03035,0.03119,14705.65
1638604800000,0.03115,0.03158,0.03098,0.03099,8737.02
1638608400000,0.03099,0.03119,0.03066,0.03071,7379.28
1638612000000,0.03072,0.03096,0.0305,0.03089,4458.24
1638615600000,0.0309,0.03091,0.03054,0.03059,3901.1
1638619200000,0.03059,0.03064,0.03024,0.03025,3755.87
1638622800000,0.03023,0.03032,0.03006,0.03032,5719.61
1638626400000,0.03033,0.03057,0.03012,0.0305,7147.8
1638630000000,0.03045,0.03068,0.03025,0.03037,6393.4
1638633600000,0.03032,0.03041,0.03015,0.03016,3941.23
1638637200000,0.03016,0.03035,0.03007,0.03035,2071.2
1638640800000,0.03033,0.03038,0.03022,0.03033,1474.14
1638644400000,0.03033,0.03051,0.03015,0.0305,2374.02
1638648000000,0.03048,0.03051,0.03034,0.03051,2106.12
1638651600000,0.03052,0.03052,0.03033,0.0304,1497.22
1638655200000,0.03041,0.03065,0.0304,0.03054,2728.01
1638658800000,0.03054,0.03063,0.03014,0.03024,4605.71
1638662400000,0.03024,0.03046,0.02981,0.03014,10790.47
1638666000000,0.03015,0.03029,0.03009,0.03014,3261.7
1638669600000,0.03014,0.03022,0.02997,0.03006,2140.32
1638673200000,0.03003,0.03022,0.02996,0.0302,1763.44
1638676800000,0.03022,0.03022,0.03005,0.03013,2093.24
1638680400000,0.03012,0.03012,0.02997,0.02997,1092.31
1638684000000,0.02996,0.02996,0.02985,0.02995,1362.5
1638687600000,0.02996,0.03001,0.02968,0.02968,3396.36
1638691200000,0.02967,0.02967,0.02945,0.02952,1994.2
1638694800000,0.02952,0.02952,0.02931,0.02943,2991.7
1638698400000,0.02941,0.02951,0.02938,0.02939,1608.56
1638702000000,0.02939,0.0295,0.02936,0.02937,903.63
1638705600000,0.02942,0.02981,0.02942,0.02963,3832.98
1638709200000,0.02963,0.02965,0.02954,0.02964,1848.96
1638712800000,0.02959,0.02959,0.02917,0.02922,6950.67
1638716400000,0.02924,0.02967,0.02902,0.02955,9948.84
1638720000000,0.02956,0.02979,0.02955,0.02963,5696.54
1638723600000,0.02967,0.02971,0.02953,0.02964,2483.4
1638727200000,0.02966,0.02977,0.02966,0.02969,887.19
1638730800000,0.02968,0.02968,0.0294,0.02944,4301.55
1638734400000,0.02946,0.02956,0.02935,0.02936,1584.62
1638738000000,0.02935,0.02963,0.0292,0.02959,4268.73
1638741600000,0.02959,0.02976,0.02952,0.02976,985.06
1638745200000,0.0297,0.02981,0.0296,0.02966,1297.29
1638748800000,0.02967,0.02973,0.02931,0.02967,6108.88
1638752400000,0.02966,0.02984,0.02965,0.02976,2141.76
1638756000000,0.02977,0.02985,0.02972,0.02977,1949.55
1638759600000,0.0298,0.02991,0.02975,0.02981,2132.09
1638763200000,0.02981,0.02984,0.02927,0.02932,3951.62
1638766800000,0.02928,0.02943,0.02928,0.02938,938.89
1638770400000,0.02939,0.02949,0.0291,0.02919,3732.66
1638774000000,0.02922,0.02945,0.02911,0.02927,5471.96
1638777600000,0.02926,0.02943,0.02839,0.02852,17338.35
1638781200000,0.02851,0.02868,0.0281,0.02817,8197.76
1638784800000,0.02815,0.02818,0.0279,0.02816,3213.41
1638788400000,0.0282,0.02855,0.02811,0.02848,6420.76
1638792000000,0.02848,0.02886,0.02835,0.02852,6873.82
1638795600000,0.02852,0.0286,0.02834,0.02834,4211.74
1638799200000,0.02835,0.02857,0.02834,0.02857,3076.52
1638802800000,0.02856,0.02876,0.02835,0.02876,3483.59
1638806400000,0.02876,0.029,0.02865,0.029,3907.68
1638810000000,0.02899,0.02934,0.02899,0.02929,3112.59
1638813600000,0.02931,0.02937,0.02908,0.02911,2574.86
1638817200000,0.02908,0.02913,0.02903,0.02904,1362.46
1638820800000,0.02904,0.02909,0.02897,0.02899,2241.06
1638824400000,0.02902,0.02939,0.02889,0.02917,6151.21
1638828000000,0.02917,0.02933,0.02907,0.02924,3324.9
1638831600000,0.02924,0.02975,0.02924,0.02945,5485.37
1638835200000,0.02949,0.02968,0.0294,0.02948,2600.87
1638838800000,0.0295,0.02955,0.02923,0.02923,3443.42
1638842400000,0.02922,0.02937,0.02916,0.02927,2121.32
1638846000000,0.02925,0.0293,0.02903,0.02915,1542.13
1638849600000,0.02918,0.02919,0.02896,0.02897,1700.93
1638853200000,0.02896,0.02898,0.02884,0.02895,4842.96
1638856800000,0.02892,0.02906,0.02887,0.02889,1487.57
1638860400000,0.02894,0.02913,0.0289,0.02911,1818.58
1638864000000,0.02914,0.0298,0.02911,0.02979,5926.47
1638867600000,0.02982,0.02994,0.02964,0.02978,4694.71
1638871200000,0.02979,0.02988,0.02965,0.02972,1615.05
1638874800000,0.02967,0.02998,0.02967,0.0299,2336.63
1638878400000,0.02992,0.02997,0.02964,0.02986,4431.4
1638882000000,0.02985,0.02985,0.0297,0.02973,1358.59
1638885600000,0.02973,0.02984,0.02966,0.02971,2542.09
1638889200000,0.02967,0.0299,0.02962,0.0299,2039.49
1638892800000,0.02991,0.02991,0.02921,0.02954,5640.97
1638896400000,0.02956,0.02958,0.02932,0.02955,2288.22
1638900000000,0.02956,0.02957,0.02946,0.02949,947.85
1638903600000,0.02949,0.02954,0.02932,0.02934,1210.4
1638907200000,0.02935,0.02973,0.02935,0.02945,3742.53
1638910800000,0.02945,0.02987,0.02945,0.02975,3128.38
1638914400000,0.02975,0.0299,0.02965,0.02973,1387.33
1638918000000,0.02968,0.02977,0.02955,0.02964,2518.19
1638921600000,0.02963,0.03004,0.02958,0.02998,3995.59
1638925200000,0.02995,0.03025,0.02989,0.03019,3037.61
1638928800000,0.03017,0.03036,0.0301,0.03021,3726.58
1638932400000,0.03019,0.03051,0.03019,0.03039,2163.72
1638936000000,0.03043,0.0308,0.03043,0.03071,3068.6
1638939600000,0.0307,0.03121,0.03067,0.03071,6990.96
1638943200000,0.03072,0.0308,0.03059,0.0306,3172.08
1638946800000,0.03064,0.03092,0.0305,0.03076,5529.7
1638950400000,0.03071,0.03093,0.03039,0.03075,10890.44
1638954000000,0.03073,0.03086,0.03038,0.03038,5229.77
1638957600000,0.03041,0.03069,0.03003,0.03033,10410.17
1638961200000,0.03033,0.03059,0.0303,0.03043,6171.13
1638964800000,0.03044,0.03067,0.03044,0.03058,4040.76
1638968400000,0.03061,0.03091,0.03051,0.03057,5657.64
1638972000000,0.03056,0.03101,0.03049,0.03072,5364.86
1638975600000,0.03072,0.0308,0.03054,0.03079,3674.96
1638979200000,0.03077,0.03077,0.0304,0.03045,3564.47
1638982800000,0.03043,0.03047,0.03023,0.03027,1832.64
1638986400000,0.03027,0.03029,0.03014,0.03027,2084.63
1638990000000,0.03024,0.03032,0.03013,0.03023,1105.81
1638993600000,0.03023,0.03076,0.03014,0.03067,4315.34
1638997200000,0.03068,0.03088,0.03052,0.03066,3277.49
1639000800000,0.03066,0.03077,0.0305,0.03054,2463.86
1639004400000,0.03056,0.03087,0.03045,0.03087,4570.44
1639008000000,0.03087,0.03087,0.02996,0.02999,4112.13
1639011600000,0.03001,0.03026,0.03001,0.03012,2584.02
1639015200000,0.03012,0.03013,0.02965,0.02965,3590.07
1639018800000,0.02965,0.02966,0.02934,0.02937,1626.83
1639022400000,0.02933,0.02937,0.02923,0.02927,1165.8
1639026000000,0.02923,0.02936,0.02909,0.02936,1740.57
1639029600000,0.02938,0.02947,0.02931,0.02932,1501.32
1639033200000,0.02932,0.02933,0.02903,0.02906,3063.75
1639036800000,0.02905,0.02927,0.02904,0.02908,2510.37
1639040400000,0.02907,0.02932,0.02898,0.0292,2785.99
1639044000000,0.02919,0.02924,0.02903,0.02913,2757.55
1639047600000,0.02909,0.02909,0.02899,0.02901,783.79
1639051200000,0.029,0.02917,0.02887,0.02908,3077.93
1639054800000,0.02903,0.02907,0.02884,0.02897,2817.33
1639058400000,0.02894,0.02902,0.02879,0.02881,3273.55
1639062000000,0.02881,0.02909,0.02881,0.02901,1883.07
1639065600000,0.02901,0.02907,0.02886,0.02886,1277.51
1639069200000,0.02888,0.0289,0.02861,0.02861,3276.6
1639072800000,0.02866,0.02879,0.02839,0.02848,4251.06
1639076400000,0.02844,0.02844,0.02821,0.02827,2707.98
1639080000000,0.02827,0.02847,0.02825,0.02847,2031.25
1639083600000,0.02847,0.02854,0.02833,0.02851,1924.26
1639087200000,0.02848,0.0285,0.02835,0.02835,1333.49
1639090800000,0.02834,0.02844,0.0283,0.02838,1198.57
1639094400000,0.02835,0.02852,0.02826,0.02826,4027.31
1639098000000,0.02825,0.02826,0.02804,0.02806,2838.51
1639101600000,0.02804,0.02806,0.02787,0.02787,2368.84
1639105200000,0.02787,0.02795,0.02777,0.02786,1925.99
1639108800000,0.02785,0.02808,0.02763,0.02778,5115.76
1639112400000,0.02773,0.02774,0.0276,0.02765,1852.17
1639116000000,0.02768,0.02771,0.02749,0.0275,2668.65
1639119600000,0.0275,0.02762,0.02723,0.02727,5932.71
1639123200000,0.02728,0.02748,0.02728,0.02743,2935.31
1639126800000,0.02743,0.0276,0.02743,0.0276,1053.07
1639130400000,0.02761,0.02768,0.02752,0.02755,1754.67
1639134000000,0.02753,0.02766,0.02753,0.02765,1150.15
1639137600000,0.02763,0.02777,0.02756,0.02756,1945.1
1639141200000,0.02754,0.02758,0.02735,0.02751,2922.67
1639144800000,0.02751,0.02752,0.02694,0.02699,4207.6
1639148400000,0.02694,0.02729,0.02674,0.02727,6026.14
1639152000000,0.02725,0.02751,0.02719,0.02736,5526.22
1639155600000,0.02735,0.0276,0.02726,0.02729,2753.11
1639159200000,0.02732,0.02737,0.02725,0.02727,1788.97
1639162800000,0.0273,0.0275,0.0273,0.02745,1798.62
1639166400000,0.02745,0.02758,0.02742,0.02758,1207.32
1639170000000,0.02756,0.02759,0.02742,0.02748,939.89
1639173600000,0.02749,0.02754,0.0274,0.02747,1012.06
1639177200000,0.02746,0.02756,0.02742,0.02746,2231.43
1639180800000,0.02743,0.02766,0.02727,0.0276,4434.15
1639184400000,0.02759,0.02784,0.02759,0.02772,1627.97
1639188000000,0.02773,0.02777,0.0276,0.02771,1376.25
1639191600000,0.02776,0.02778,0.02762,0.02765,958.59
1639195200000,0.02761,0.02762,0.02752,0.02756,601.34
1639198800000,0.02755,0.02756,0.02746,0.02746,772.18
1639202400000,0.02745,0.02752,0.02724,0.02747,3305.85
1639206000000,0.02745,0.02849,0.02745,0.02842,5213.12
1639209600000,0.02845,0.02856,0.02829,0.0283,3775.18
1639213200000,0.02831,0.02919,0.02831,0.02903,10574.49
1639216800000,0.02902,0.03025,0.02902,0.03025,10502.64
1639220400000,0.0302,0.03021,0.02922,0.02924,10161.4
1639224000000,0.02924,0.02924,0.02891,0.02891,2193.18
1639227600000,0.0289,0.02898,0.0288,0.02889,1832.04
1639231200000,0.02889,0.02889,0.0287,0.02874,2774.03
1639234800000,0.02872,0.02875,0.02858,0.02861,1812.84
1639238400000,0.02863,0.02864,0.02851,0.02853,2387.48
1639242000000,0.02857,0.02862,0.02842,0.02844,1046.42
1639245600000,0.02842,0.02842,0.02827,0.02833,1316.52
1639249200000,0.02837,0.02837,0.02801,0.02801,3345.58
1639252800000,0.02804,0.02813,0.02804,0.02807,1254.97
1639256400000,0.02811,0.02819,0.02807,0.02812,1123.95
1639260000000,0.02809,0.02821,0.02809,0.02809,1113.37
1639263600000,0.02808,0.02818,0.02803,0.02818,996.52
1639267200000,0.02819,0.0282,0.02799,0.02816,1414.14
1639270800000,0.02813,0.02816,0.02795,0.02795,1054.7
1639274400000,0.02794,0.02803,0.0279,0.0279,1825.08
1639278000000,0.02789,0.02799,0.02789,0.02794,1537.52
1639281600000,0.02792,0.02794,0.02766,0.02774,2218.61
1639285200000,0.02771,0.02778,0.02768,0.02771,1158.13
1639288800000,0.02771,0.02787,0.02764,0.02778,1629.8
1639292400000,0.02779,0.0278,0.02769,0.02771,798.95
1639296000000,0.02771,0.02771,0.02732,0.02732,2284.13
1639299600000,0.02733,0.02737,0.02721,0.02724,1528.11
1639303200000,0.02723,0.02745,0.02722,0.02741,1535.96
1639306800000,0.02744,0.02762,0.0274,0.02757,1070.39
1639310400000,0.02759,0.02778,0.02756,0.02756,2020.37
1639314000000,0.02759,0.02781,0.02755,0.02781,1782.68
1639317600000,0.02778,0.02779,0.02772,0.02775,626.62
1639321200000,0.02778,0.02785,0.02774,0.0278,697.22
1639324800000,0.02784,0.02794,0.02783,0.02794,1627.24
1639328400000,0.02795,0.02818,0.02795,0.02807,2544.27
1639332000000,0.02807,0.02821,0.02804,0.02818,1538.44
1639335600000,0.02815,0.02819,0.02813,0.02819,414.06
1639339200000,0.02818,0.02828,0.02808,0.02828,1485.81
1639342800000,0.02828,0.02833,0.02814,0.02833,1486.91
1639346400000,0.02834,0.02835,0.02817,0.02819,918.68
1639350000000,0.02824,0.02836,0.02801,0.02807,1826.71
1639353600000,0.02809,0.02813,0.02793,0.02802,1180.44
1639357200000,0.02803,0.02803,0.02771,0.02778,3294.48
1639360800000,0.02776,0.02785,0.02767,0.02768,1687.16
1639364400000,0.02768,0.02768,0.02752,0.02757,1815.37
1639368000000,0.02757,0.02767,0.02753,0.02754,1148.38
1639371600000,0.02755,0.02801,0.0275,0.02797,3030.89
1639375200000,0.02794,0.02815,0.02767,0.02776,4248.89
1639378800000,0.02774,0.0279,0.0277,0.02774,2474.25
1639382400000,0.02774,0.02815,0.02767,0.02815,3340.53
1639386000000,0.02815,0.02824,0.0281,0.02817,1638.9
1639389600000,0.02813,0.02821,0.02808,0.02815,1791.85
1639393200000,0.02812,0.02817,0.02809,0.02817,670.69
1639396800000,0.02812,0.02817,0.02798,0.02817,1166.17
1639400400000,0.02816,0.02823,0.02801,0.02823,2662.14
1639404000000,0.02817,0.02817,0.02775,0.02791,3871.91
1639407600000,0.02792,0.02795,0.02749,0.02775,6606.67
1639411200000,0.02773,0.02781,0.02759,0.02765,2656.61
1639414800000,0.02759,0.0278,0.02758,0.02763,2621.03
1639418400000,0.02763,0.02764,0.02737,0.02742,2386.76
1639422000000,0.02741,0.02752,0.02688,0.02688,10458.06
1639425600000,0.0269,0.02696,0.02683,0.02686,3379.53
1639429200000,0.02687,0.02698,0.02683,0.02689,2427.65
1639432800000,0.02688,0.02701,0.02684,0.02701,1569.54
1639436400000,0.02696,0.02718,0.02696,0.02717,1780.95
1639440000000,0.02718,0.02726,0.02704,0.02723,2539.79
1639443600000,0.02718,0.02718,0.02702,0.02711,1718.86
1639447200000,0.0271,0.02717,0.02699,0.02703,2696.18
1639450800000,0.02704,0.02714,0.02689,0.02701,1994.68
1639454400000,0.02703,0.02706,0.02675,0.02677,2136.21
1639458000000,0.02677,0.02694,0.02677,0.0268,1806.16
1639461600000,0.0268,0.02721,0.02678,0.02721,3772.19
1639465200000,0.0272,0.02732,0.02715,0.02715,2257.87
1639468800000,0.02715,0.0272,0.02704,0.02707,1945.5
1639472400000,0.02709,0.02716,0.02701,0.02712,1311.44
1639476000000,0.02711,0.02778,0.02711,0.02765,6455.38
1639479600000,0.02765,0.02811,0.02759,0.02807,4270.66
1639483200000,0.02806,0.02843,0.02795,0.02805,6157.06
1639486800000,0.02804,0.02811,0.02793,0.02797,1944.86
1639490400000,0.02798,0.02805,0.02786,0.02796,2579.2
1639494000000,0.02799,0.02806,0.02781,0.02784,2098.15
1639497600000,0.02784,0.02788,0.02771,0.0278,1818.64
1639501200000,0.0278,0.02801,0.0278,0.02787,1655.37
1639504800000,0.02788,0.02815,0.02788,0.02814,2073.87
1639508400000,0.02815,0.02854,0.02813,0.0284,3338.47
1639512000000,0.02839,0.02874,0.02839,0.02865,3674.11
1639515600000,0.02863,0.0287,0.0284,0.02842,2500.97
1639519200000,0.02847,0.02847,0.02826,0.0283,1957.12
1639522800000,0.02828,0.02843,0.02825,0.02837,1544.93
1639526400000,0.02834,0.02839,0.02819,0.02823,1795.04
1639530000000,0.0282,0.02843,0.02819,0.02838,931.85
1639533600000,0.02834,0.02855,0.02818,0.02851,2300.44
1639537200000,0.02847,0.02861,0.02829,0.02829,2085.18
1639540800000,0.02828,0.02867,0.02818,0.02855,5573.81
1639544400000,0.02856,0.02869,0.02846,0.02846,1917.9
1639548000000,0.02845,0.02845,0.02818,0.02818,1965.09
1639551600000,0.02823,0.02829,0.02817,0.02823,1307.38
1639555200000,0.02819,0.02841,0.02819,0.02831,1471.98
1639558800000,0.02828,0.0284,0.02826,0.02834,965.22
1639562400000,0.02832,0.02838,0.02829,0.02836,752.07
1639566000000,0.02833,0.0284,0.02827,0.02827,552.83
1639569600000,0.0283,0.02833,0.02821,0.02826,1398.11
1639573200000,0.02825,0.02825,0.02816,0.02819,842.66
1639576800000,0.02819,0.02826,0.02813,0.0282,1135.99
1639580400000,0.02822,0.02825,0.02804,0.0282,4503.35
1639584000000,0.0282,0.02825,0.02817,0.02823,1128.25
1639587600000,0.02823,0.02826,0.02813,0.02817,1329.12
1639591200000,0.02818,0.02824,0.02799,0.02804,1502.0
1639594800000,0.02802,0.02853,0.02797,0.02817,6794.66
1639598400000,0.02816,0.02832,0.02815,0.02823,2768.71
1639602000000,0.02823,0.02853,0.02821,0.02844,2494.9
1639605600000,0.0284,0.02851,0.02832,0.02832,1209.45
1639609200000,0.02831,0.02831,0.02809,0.02809,1783.92
1639612800000,0.02808,0.02831,0.02808,0.02824,1286.08
1639616400000,0.0282,0.02839,0.02815,0.02839,1164.96
1639620000000,0.02838,0.02853,0.02833,0.02842,1133.19
1639623600000,0.02839,0.02845,0.02835,0.02836,926.85
1639627200000,0.02836,0.0284,0.02831,0.02836,1031.07
1639630800000,0.02837,0.02837,0.02814,0.02819,2019.78
1639634400000,0.02818,0.02825,0.02803,0.02803,2087.87
1639638000000,0.02804,0.02816,0.028,0.02815,3054.17
1639641600000,0.02813,0.02813,0.02799,0.02805,1456.21
1639645200000,0.02805,0.02805,0.02797,0.02801,659.08
1639648800000,0.028,0.0281,0.02798,0.02803,1119.67
1639652400000,0.02804,0.02808,0.02794,0.02799,1940.55
1639656000000,0.02797,0.028,0.02789,0.02789,1543.5
1639659600000,0.0279,0.02794,0.02778,0.02779,2072.89
1639663200000,0.02779,0.02788,0.02771,0.02787,2592.98
1639666800000,0.02789,0.02798,0.02787,0.02788,2280.6
1639670400000,0.0279,0.0279,0.02762,0.02762,2367.26
1639674000000,0.02762,0.02766,0.02752,0.02752,1825.6
1639677600000,0.02756,0.02763,0.02737,0.02739,5359.11
1639681200000,0.02738,0.02748,0.02731,0.0274,1993.16
1639684800000,0.02741,0.02744,0.02733,0.02741,1248.91
1639688400000,0.02746,0.02749,0.02737,0.02742,987.68
1639692000000,0.02745,0.0275,0.02728,0.02733,1372.78
1639695600000,0.02737,0.02744,0.02728,0.02741,1669.73
1639699200000,0.02738,0.02745,0.02734,0.02734,1421.45
1639702800000,0.02737,0.02737,0.02724,0.0273,2060.31
1639706400000,0.02727,0.0273,0.02723,0.02725,646.95
1639710000000,0.02725,0.02727,0.02722,0.02722,201.68
1639713600000,0.02724,0.0273,0.02721,0.02727,683.73
1639717200000,0.02725,0.02738,0.02721,0.02725,2206.86
1639720800000,0.02722,0.02725,0.02716,0.02725,1046.1
1639724400000,0.02725,0.02725,0.02702,0.02711,2282.89
1639728000000,0.0271,0.02719,0.02701,0.02704,2787.1
1639731600000,0.02707,0.02708,0.02697,0.02698,1215.37
1639735200000,0.02696,0.02698,0.02672,0.02677,2494.47
1639738800000,0.02676,0.02698,0.02669,0.02691,2202.12
1639742400000,0.02694,0.02698,0.02684,0.02684,2056.7
1639746000000,0.02684,0.02688,0.02652,0.02652,2722.84
1639749600000,0.02651,0.02693,0.02635,0.0269,7809.2
1639753200000,0.02694,0.02712,0.02685,0.02708,3379.58
1639756800000,0.02706,0.02772,0.02702,0.02766,6500.29
1639760400000,0.02765,0.02768,0.02745,0.02747,2620.41
1639764000000,0.02747,0.02776,0.02746,0.0277,1998.17
1639767600000,0.02769,0.02776,0.02758,0.02764,1423.11
1639771200000,0.0276,0.02761,0.0274,0.02747,2921.82
1639774800000,0.02751,0.02787,0.02751,0.02785,2479.67
1639778400000,0.02785,0.02798,0.02761,0.02798,3411.69
1639782000000,0.028,0.02861,0.02797,0.02853,7478.49
1639785600000,0.02848,0.02921,0.02836,0.02891,15021.68
1639789200000,0.02892,0.02894,0.02844,0.02845,3462.18
1639792800000,0.02842,0.02926,0.02841,0.02912,8218.03
1639796400000,0.02912,0.02934,0.02908,0.02931,6167.41
1639800000000,0.02932,0.0294,0.0292,0.02928,2278.74
1639803600000,0.02927,0.02945,0.02918,0.02924,2305.68
1639807200000,0.02927,0.02931,0.02884,0.02887,3947.56
1639810800000,0.02883,0.02896,0.02881,0.02893,3897.6
1639814400000,0.02894,0.02905,0.02871,0.02883,2716.27
1639818000000,0.02881,0.02904,0.02881,0.02901,2771.14
1639821600000,0.02902,0.02924,0.02893,0.02914,3150.35
1639825200000,0.02914,0.02914,0.02896,0.02897,934.55
1639828800000,0.02896,0.02919,0.02895,0.029,2322.33
1639832400000,0.02898,0.02928,0.02891,0.02907,2007.1
1639836000000,0.02906,0.02988,0.02906,0.02937,7265.17
1639839600000,0.02942,0.02956,0.02931,0.02931,1611.62
1639843200000,0.02933,0.02939,0.02913,0.02915,2397.28
1639846800000,0.02917,0.02951,0.02914,0.02947,1773.69
1639850400000,0.02946,0.02978,0.02941,0.02978,2741.34
1639854000000,0.02975,0.03001,0.02955,0.03001,3290.17
1639857600000,0.03002,0.03011,0.02985,0.03003,2803.75
1639861200000,0.03002,0.03005,0.02981,0.02988,1875.2
1639864800000,0.02984,0.02996,0.02983,0.02986,1460.8
1639868400000,0.02984,0.02984,0.0291,0.0292,8380.46
1639872000000,0.02915,0.02917,0.02899,0.02911,2458.51
1639875600000,0.02913,0.02924,0.02896,0.02908,3635.03
1639879200000,0.02908,0.02928,0.02908,0.02927,1325.26
1639882800000,0.02926,0.02939,0.02921,0.02931,2901.92
1639886400000,0.0293,0.02931,0.02917,0.02919,781.59
1639890000000,0.02917,0.02919,0.02904,0.02904,1076.53
1639893600000,0.02904,0.02904,0.02886,0.02887,1137.28
1639897200000,0.02884,0.02884,0.02866,0.02873,1376.07
1639900800000,0.0287,0.02871,0.02848,0.02848,1883.55
1639904400000,0.02848,0.02857,0.02835,0.0285,3154.93
1639908000000,0.02849,0.02849,0.02828,0.02841,2240.6
1639911600000,0.02839,0.02848,0.02837,0.02842,2014.5
1639915200000,0.02844,0.02854,0.02835,0.02854,1386.31
1639918800000,0.02855,0.02865,0.02843,0.02858,1671.62
1639922400000,0.0286,0.0286,0.02833,0.02847,2377.4
1639926000000,0.02848,0.0285,0.02837,0.02845,1056.73
1639929600000,0.02846,0.02859,0.02841,0.02841,1173.12
1639933200000,0.0284,0.0284,0.02817,0.02827,2363.73
1639936800000,0.02828,0.02838,0.02821,0.02837,748.85
1639940400000,0.02837,0.02842,0.02814,0.02816,3521.64
1639944000000,0.02816,0.02831,0.02811,0.0283,1424.1
1639947600000,0.0283,0.0284,0.02827,0.02833,660.14
1639951200000,0.02833,0.02849,0.02833,0.02849,1330.67
1639954800000,0.02845,0.0285,0.02821,0.02821,1171.7
1639958400000,0.02823,0.02828,0.02801,0.02824,6587.69
1639962000000,0.02824,0.02836,0.02796,0.02811,4053.6
1639965600000,0.02811,0.02828,0.02806,0.02808,2084.78
1639969200000,0.02809,0.02811,0.02794,0.02797,1787.0
1639972800000,0.02797,0.02804,0.02795,0.028,1014.82
1639976400000,0.02801,0.02802,0.02757,0.0277,4420.03
1639980000000,0.02767,0.02794,0.02761,0.0279,4654.85
1639983600000,0.02789,0.02796,0.02767,0.02781,2247.08
1639987200000,0.02778,0.02797,0.02773,0.02777,2042.74
1639990800000,0.02777,0.02781,0.02764,0.02772,2473.48
1639994400000,0.0277,0.02778,0.02755,0.02769,2226.84
1639998000000,0.02766,0.02783,0.02766,0.02776,914.47
1640001600000,0.02773,0.02773,0.02751,0.02754,3160.03
1640005200000,0.02754,0.02769,0.02754,0.02765,1813.96
1640008800000,0.02765,0.0279,0.02757,0.02788,2454.07
1640012400000,0.02784,0.02787,0.02769,0.02769,1309.79
1640016000000,0.02767,0.02796,0.02761,0.02792,1695.26
1640019600000,0.02794,0.02801,0.02769,0.02769,2044.0
1640023200000,0.02769,0.02779,0.02766,0.02778,1299.13
1640026800000,0.0278,0.0279,0.02779,0.02784,1240.38
1640030400000,0.02784,0.02792,0.0278,0.0278,847.07
1640034000000,0.02779,0.02793,0.02777,0.02777,1536.35
1640037600000,0.02779,0.02779,0.02768,0.02769,523.06
1640041200000,0.02769,0.02781,0.0276,0.0277,1709.51
1640044800000,0.02766,0.02781,0.02764,0.02778,1678.76
1640048400000,0.02778,0.02779,0.02764,0.02765,653.71
1640052000000,0.02764,0.02767,0.02762,0.02764,406.3
1640055600000,0.02764,0.02785,0.02764,0.02778,1768.07
1640059200000,0.02778,0.02828,0.02778,0.02825,4060.53
1640062800000,0.02826,0.02832,0.02817,0.02818,1407.14
1640066400000,0.02817,0.02822,0.02788,0.02795,4864.07
1640070000000,0.02795,0.02803,0.02794,0.02803,787.21
1640073600000,0.02803,0.02817,0.028,0.02808,2143.35
1640077200000,0.02804,0.0281,0.02793,0.02802,1595.24
1640080800000,0.02804,0.02815,0.02803,0.02805,874.61
1640084400000,0.02803,0.0281,0.02803,0.02805,396.56
1640088000000,0.02804,0.02812,0.02802,0.02811,799.18
1640091600000,0.02811,0.02812,0.02794,0.02802,1094.67
1640095200000,0.028,0.02806,0.02799,0.02799,854.42
1640098800000,0.02801,0.02813,0.02795,0.02804,2025.07
1640102400000,0.02806,0.02811,0.02798,0.02798,650.49
1640106000000,0.02803,0.02803,0.02796,0.02796,386.42
1640109600000,0.02798,0.02806,0.02795,0.02806,745.49
1640113200000,0.02807,0.02833,0.02805,0.02825,1819.57
1640116800000,0.02825,0.02838,0.02819,0.0282,2268.92
1640120400000,0.02823,0.02834,0.02823,0.02831,987.82
1640124000000,0.02833,0.02834,0.02827,0.02828,497.11
1640127600000,0.02827,0.02853,0.02817,0.0285,2407.72
1640131200000,0.02848,0.02851,0.02835,0.02841,1467.41
1640134800000,0.02841,0.02886,0.0284,0.02886,2879.97
1640138400000,0.02886,0.0289,0.02875,0.0288,2010.29
1640142000000,0.0288,0.02884,0.02875,0.02883,1249.17
1640145600000,0.02881,0.02885,0.02875,0.02877,900.52
1640149200000,0.02875,0.02875,0.02865,0.02872,1135.24
1640152800000,0.02872,0.02873,0.02867,0.02867,801.42
1640156400000,0.0287,0.02884,0.02867,0.02877,1094.69
1640160000000,0.02877,0.0289,0.02876,0.02879,1374.84
1640163600000,0.02881,0.02884,0.02838,0.02847,3050.43
1640167200000,0.02851,0.02865,0.02851,0.0286,1579.9
1640170800000,0.02862,0.02879,0.02862,0.02879,1029.17
1640174400000,0.02881,0.02887,0.02842,0.02847,4417.28
1640178000000,0.02846,0.02997,0.02846,0.02871,19074.8
1640181600000,0.0287,0.02887,0.02852,0.02885,3179.72
1640185200000,0.02888,0.0292,0.02867,0.02885,4192.65
1640188800000,0.02885,0.02901,0.02866,0.02872,3717.99
1640192400000,0.02872,0.02885,0.02868,0.02885,1146.22
1640196000000,0.02887,0.02903,0.02879,0.02891,1824.14
1640199600000,0.02888,0.02901,0.0288,0.029,1061.96
1640203200000,0.02902,0.02929,0.02893,0.02916,2458.24
1640206800000,0.02916,0.02951,0.02916,0.02945,3660.86
1640210400000,0.02947,0.02952,0.02924,0.02948,2030.3
1640214000000,0.0295,0.03099,0.0295,0.0304,20792.97
1640217600000,0.03044,0.03067,0.0301,0.03036,8077.6
1640221200000,0.03038,0.03091,0.03035,0.0308,6587.55
1640224800000,0.03074,0.03172,0.03067,0.03149,14193.39
1640228400000,0.03151,0.03209,0.03138,0.03192,8166.23
1640232000000,0.03194,0.03204,0.0316,0.03168,7075.53
1640235600000,0.03169,0.03179,0.03148,0.0315,2907.11
1640239200000,0.03147,0.03174,0.03144,0.03164,3773.67
1640242800000,0.03167,0.03167,0.03121,0.03122,2918.65
1640246400000,0.03123,0.03185,0.03123,0.03159,4378.33
1640250000000,0.03156,0.03156,0.0313,0.03136,2745.8
1640253600000,0.03137,0.03179,0.03136,0.03162,2993.66
1640257200000,0.03165,0.03202,0.03158,0.03165,5785.0
1640260800000,0.03165,0.03196,0.03165,0.03181,3202.96
1640264400000,0.03183,0.03205,0.03175,0.03177,3029.51
1640268000000,0.03177,0.03268,0.03176,0.03257,7846.83
1640271600000,0.03259,0.03305,0.03257,0.03301,9584.84
1640275200000,0.03303,0.03335,0.0328,0.0333,7722.02
1640278800000,0.0333,0.03338,0.03275,0.03275,7469.19
1640282400000,0.03277,0.03282,0.03252,0.03266,4512.24
1640286000000,0.03266,0.03267,0.03247,0.03261,2996.77
1640289600000,0.0326,0.03283,0.03253,0.03267,2714.94
1640293200000,0.03272,0.03301,0.03254,0.03257,3857.23
1640296800000,0.03256,0.03304,0.03256,0.03276,2790.93
1640300400000,0.03276,0.0333,0.03276,0.03309,3066.5
1640304000000,0.0331,0.03312,0.03263,0.03267,3264.67
1640307600000,0.03271,0.03326,0.03262,0.03262,4824.67
1640311200000,0.0326,0.03263,0.0323,0.0323,2298.57
1640314800000,0.03235,0.03244,0.03223,0.03228,1743.85
1640318400000,0.03228,0.03233,0.03223,0.03231,512.93
1640322000000,0.03235,0.03243,0.03213,0.03243,2458.1
1640325600000,0.03242,0.0326,0.03235,0.03255,2008.68
1640329200000,0.03255,0.03282,0.0325,0.03256,2457.33
1640332800000,0.03255,0.03282,0.03247,0.03247,2967.72
1640336400000,0.03248,0.03255,0.03224,0.03241,2293.58
1640340000000,0.03239,0.03272,0.03239,0.03266,1428.33
1640343600000,0.03271,0.03276,0.03245,0.03247,2016.71
1640347200000,0.03247,0.03298,0.03236,0.03252,9037.8
1640350800000,0.03249,0.03256,0.03243,0.03246,1087.8
1640354400000,0.03246,0.03267,0.03214,0.03217,2026.42
1640358000000,0.03213,0.03288,0.03209,0.03278,4262.25
1640361600000,0.03284,0.03316,0.03279,0.0331,6114.71
1640365200000,0.03308,0.0332,0.03287,0.03292,1749.16
1640368800000,0.03289,0.03318,0.03288,0.03311,1231.67
1640372400000,0.03312,0.0332,0.03282,0.03294,2321.88
1640376000000,0.03294,0.03307,0.03277,0.03283,2042.82
1640379600000,0.03286,0.03296,0.0328,0.03281,1087.17
1640383200000,0.03281,0.03285,0.03237,0.0325,2292.9
1640386800000,0.03249,0.03249,0.03203,0.03226,3507.46
1640390400000,0.03226,0.03265,0.03219,0.03264,1822.18
1640394000000,0.03264,0.03267,0.03232,0.03245,2061.2
1640397600000,0.03248,0.03262,0.03228,0.03229,1953.18
1640401200000,0.03228,0.03242,0.03226,0.03234,1170.74
1640404800000,0.03233,0.03242,0.03227,0.03227,975.05
1640408400000,0.03228,0.03235,0.03222,0.03222,757.62
1640412000000,0.03222,0.03244,0.03205,0.03241,1686.61
1640415600000,0.03239,0.03239,0.03209,0.0321,926.24
1640419200000,0.03209,0.03218,0.03196,0.03218,1239.64
1640422800000,0.03211,0.0322,0.03205,0.03205,843.47
1640426400000,0.03204,0.03204,0.03174,0.03183,3279.18
1640430000000,0.03181,0.03205,0.0318,0.03198,901.6
1640433600000,0.03199,0.03221,0.03199,0.03213,2046.65
1640437200000,0.03206,0.03232,0.03206,0.03232,848.04
1640440800000,0.03229,0.03229,0.032,0.03204,903.09
1640444400000,0.03205,0.03215,0.0319,0.03204,2835.96
1640448000000,0.03205,0.03206,0.03183,0.03188,1792.3
1640451600000,0.03188,0.03188,0.03153,0.03174,3259.78
1640455200000,0.03175,0.03196,0.03154,0.03161,2823.39
1640458800000,0.03165,0.03181,0.03165,0.03177,840.1
1640462400000,0.03179,0.03191,0.03179,0.03189,1105.45
1640466000000,0.03186,0.03186,0.03167,0.03169,1099.49
1640469600000,0.03169,0.03193,0.03167,0.03172,1519.91
1640473200000,0.0317,0.03199,0.03165,0.03191,1443.85
1640476800000,0.03191,0.03198,0.03179,0.03194,1552.0
1640480400000,0.03194,0.03221,0.03194,0.03217,1425.04
1640484000000,0.03218,0.03222,0.03177,0.03189,2554.04
1640487600000,0.03192,0.03192,0.0312,0.03123,5401.52
1640491200000,0.03121,0.03142,0.03121,0.03135,1954.23
1640494800000,0.03138,0.03139,0.03098,0.03104,3284.07
1640498400000,0.03102,0.03116,0.03102,0.03108,1038.78
1640502000000,0.03106,0.0313,0.03103,0.0313,799.07
1640505600000,0.03127,0.03135,0.03119,0.03119,1308.83
1640509200000,0.03122,0.03137,0.03122,0.03135,1062.78
1640512800000,0.03132,0.03139,0.03126,0.03133,784.87
1640516400000,0.03131,0.03132,0.03104,0.03116,2152.29
1640520000000,0.03112,0.03144,0.03111,0.03143,1655.8
1640523600000,0.03145,0.03161,0.03144,0.03161,1855.93
1640527200000,0.0316,0.03184,0.0316,0.03184,2000.97
1640530800000,0.03181,0.03201,0.03176,0.03193,2631.62
1640534400000,0.03191,0.03225,0.03189,0.03219,3296.33
1640538000000,0.03219,0.03244,0.03215,0.03243,1711.24
1640541600000,0.03238,0.03284,0.03233,0.03278,5004.17
1640545200000,0.03274,0.03354,0.03274,0.03348,7215.57
1640548800000,0.03353,0.03393,0.03342,0.03391,5168.07
1640552400000,0.03387,0.03398,0.03355,0.03389,3444.34
1640556000000,0.0339,0.03776,0.03387,0.03402,10412.48
1640559600000,0.03397,0.03414,0.03389,0.03414,2343.55
1640563200000,0.03413,0.03445,0.03401,0.03433,4443.09
1640566800000,0.03433,0.03484,0.03432,0.0348,5867.43
1640570400000,0.03484,0.0351,0.03468,0.0351,4016.01
1640574000000,0.03507,0.03536,0.03475,0.03476,4234.51
1640577600000,0.03476,0.03479,0.03459,0.03478,2730.44
1640581200000,0.03473,0.03502,0.03473,0.03495,2150.14
1640584800000,0.03496,0.03502,0.03477,0.03494,2050.19
1640588400000,0.03499,0.03507,0.03479,0.03505,2450.05
1640592000000,0.03505,0.0351,0.03481,0.03488,2990.74
1640595600000,0.03489,0.03503,0.03474,0.035,3197.54
1640599200000,0.03498,0.0352,0.03495,0.03516,1792.38
1640602800000,0.03516,0.03632,0.03497,0.03509,9098.79
1640606400000,0.03504,0.03537,0.03503,0.03513,3698.91
1640610000000,0.03511,0.03534,0.03506,0.03519,3056.94
1640613600000,0.03513,0.03536,0.03508,0.03519,4438.33
1640617200000,0.03515,0.03517,0.03457,0.03464,3005.46
1640620800000,0.03462,0.03566,0.03444,0.03554,8802.8
1640624400000,0.03553,0.0357,0.03514,0.03533,5176.32
1640628000000,0.03529,0.03529,0.03446,0.03446,3889.8
1640631600000,0.03447,0.03452,0.03426,0.03437,2481.01
1640635200000,0.03436,0.03466,0.03425,0.03447,5124.89
1640638800000,0.03453,0.03453,0.03401,0.03407,4235.47
1640642400000,0.03411,0.03421,0.03377,0.03387,3960.96
1640646000000,0.0339,0.03394,0.03369,0.03392,2659.22
1640649600000,0.03393,0.03461,0.0335,0.03461,8097.84
1640653200000,0.03463,0.03575,0.03463,0.03513,17063.96
1640656800000,0.0351,0.03545,0.03486,0.03488,3529.13
1640660400000,0.03485,0.03485,0.03359,0.03387,10918.05
1640664000000,0.03384,0.03384,0.03319,0.03353,7396.59
1640667600000,0.03357,0.03407,0.03357,0.03403,4805.75
1640671200000,0.03409,0.03409,0.03357,0.03362,2323.5
1640674800000,0.03358,0.03371,0.03349,0.03356,2270.99
1640678400000,0.03359,0.03378,0.03353,0.0336,1914.96
1640682000000,0.0336,0.03381,0.03282,0.03294,13010.37
1640685600000,0.03293,0.03312,0.03286,0.03291,4840.43
1640689200000,0.03292,0.03333,0.03279,0.03309,6760.32
1640692800000,0.0331,0.03327,0.03291,0.03307,4042.13
1640696400000,0.03306,0.03342,0.03306,0.03313,3369.21
1640700000000,0.03318,0.03341,0.03275,0.03311,6870.93
1640703600000,0.03306,0.03319,0.03284,0.03292,3229.01
1640707200000,0.03286,0.03443,0.03274,0.03437,13921.19
1640710800000,0.03436,0.03449,0.03377,0.03448,7221.09
1640714400000,0.03445,0.03477,0.03412,0.03473,5853.66
1640718000000,0.03472,0.03472,0.03413,0.03436,4274.96
1640721600000,0.0344,0.03467,0.03435,0.03446,3994.55
1640725200000,0.03448,0.03449,0.03408,0.0342,1873.59
1640728800000,0.03421,0.03448,0.03405,0.03443,3644.14
1640732400000,0.03444,0.03469,0.03436,0.03445,3247.14
1640736000000,0.03443,0.03591,0.03443,0.03571,12877.91
1640739600000,0.03566,0.03632,0.03536,0.03605,10664.03
1640743200000,0.03605,0.03615,0.0355,0.03561,4217.88
1640746800000,0.03559,0.03575,0.03518,0.03548,8496.05
1640750400000,0.03546,0.03552,0.03524,0.03532,1838.48
1640754000000,0.03528,0.03541,0.03506,0.03515,3293.52
1640757600000,0.03512,0.03541,0.03507,0.03527,2536.14
1640761200000,0.03522,0.03551,0.03512,0.03551,2874.19
1640764800000,0.03551,0.03568,0.0353,0.03542,4036.66
1640768400000,0.0354,0.03553,0.03468,0.03502,5512.41
1640772000000,0.035,0.03501,0.03439,0.03462,4378.62
1640775600000,0.03463,0.03468,0.03431,0.03459,3178.27
1640779200000,0.03454,0.03456,0.03404,0.03429,8218.02
1640782800000,0.03427,0.03438,0.03381,0.03407,6068.89
1640786400000,0.03408,0.03459,0.03386,0.03459,9274.63
1640790000000,0.0346,0.03467,0.03439,0.03457,2553.18
1640793600000,0.03454,0.03454,0.03413,0.0342,1976.0
1640797200000,0.03421,0.03457,0.03412,0.03421,4536.08
1640800800000,0.03425,0.03444,0.03424,0.03428,1207.83
1640804400000,0.03432,0.03435,0.03396,0.03402,2271.98
1640808000000,0.03402,0.03411,0.03397,0.03403,1539.94
1640811600000,0.03401,0.03401,0.03383,0.0339,857.58
1640815200000,0.03387,0.03398,0.0337,0.03372,1770.26
1640818800000,0.03372,0.03372,0.0331,0.03328,8012.63
1640822400000,0.0333,0.03332,0.03288,0.03295,5291.75
1640826000000,0.03295,0.03307,0.03289,0.0329,1668.61
1640829600000,0.03289,0.03296,0.03282,0.03288,2208.53
1640833200000,0.03287,0.03297,0.03268,0.0328,4095.71
1640836800000,0.03279,0.03294,0.03278,0.03285,759.07
1640840400000,0.03284,0.033,0.03278,0.033,894.79
1640844000000,0.03297,0.03334,0.0329,0.03334,2026.43
1640847600000,0.0333,0.03332,0.03317,0.03323,2396.61
1640851200000,0.03322,0.03326,0.03292,0.03293,1869.43
1640854800000,0.03296,0.03306,0.0329,0.03292,548.44
1640858400000,0.03288,0.03291,0.03273,0.03276,2139.76
1640862000000,0.03279,0.03318,0.03277,0.03311,1809.25
1640865600000,0.03315,0.03337,0.03311,0.03335,1749.21
1640869200000,0.03336,0.0334,0.03305,0.03312,2327.49
1640872800000,0.03314,0.0333,0.03314,0.03328,1121.88
1640876400000,0.03326,0.03333,0.0332,0.0332,772.15
1640880000000,0.03322,0.03362,0.03309,0.03362,4447.69
1640883600000,0.03355,0.03355,0.03336,0.03347,1270.76
1640887200000,0.0335,0.03386,0.03348,0.03374,2354.21
1640890800000,0.03376,0.03405,0.03366,0.03391,3330.88
1640894400000,0.0339,0.03392,0.03356,0.03372,1229.74
1640898000000,0.03375,0.03459,0.03371,0.03428,5597.83
1640901600000,0.03427,0.03445,0.03396,0.03415,2929.04
1640905200000,0.03416,0.03434,0.03411,0.03434,2235.79
1640908800000,0.03435,0.03498,0.03435,0.03477,6749.05
1640912400000,0.03482,0.03514,0.03462,0.03472,3930.42
1640916000000,0.03472,0.0351,0.03472,0.0351,1786.09
1640919600000,0.03509,0.03547,0.03486,0.03547,3874.08
1640923200000,0.03547,0.03554,0.03499,0.03525,5380.95
1640926800000,0.03529,0.0353,0.03476,0.03489,2802.34
1640930400000,0.03488,0.03524,0.03476,0.0352,2980.21
1640934000000,0.0352,0.03527,0.03492,0.03516,2553.55
1640937600000,0.03515,0.03541,0.03495,0.03532,6130.68
1640941200000,0.0353,0.0353,0.03491,0.03516,5981.09
1640944800000,0.03515,0.03548,0.03513,0.03525,2977.85
1640948400000,0.03526,0.0353,0.03511,0.03522,1118.73
1640952000000,0.03523,0.03545,0.03523,0.03537,902.96
1640955600000,0.03535,0.03535,0.03517,0.03517,987.74
1640959200000,0.03522,0.03525,0.03502,0.03525,1560.73
1640962800000,0.0352,0.03532,0.03489,0.03501,1963.26
1640966400000,0.035,0.03535,0.03483,0.03483,3608.71
1640970000000,0.03482,0.03531,0.03462,0.03527,4402.32
1640973600000,0.03523,0.0354,0.03485,0.03488,2527.4
1640977200000,0.03488,0.0349,0.03408,0.03408,4116.68
1640980800000,0.03408,0.03414,0.03306,0.03311,6517.32
1640984400000,0.03312,0.03331,0.03308,0.03319,3953.58
1640988000000,0.03319,0.03333,0.03307,0.0333,1066.0
1640991600000,0.03327,0.03342,0.03323,0.03328,2190.64
1640995200000,0.03331,0.03336,0.0331,0.03322,5283.55
1640998800000,0.03322,0.03345,0.03317,0.03338,2204.75
1641002400000,0.03338,0.03346,0.03332,0.03332,959.93
1641006000000,0.03332,0.03332,0.03311,0.03311,2561.1
1641009600000,0.03316,0.03341,0.03311,0.03341,2973.69
1641013200000,0.03337,0.03368,0.03336,0.03338,4150.06
1641016800000,0.03338,0.03341,0.03327,0.03327,1768.31
1641020400000,0.03332,0.03351,0.03326,0.03342,1599.11
1641024000000,0.03343,0.03343,0.03331,0.03331,902.51
1641027600000,0.0333,0.03334,0.03319,0.0332,637.21
1641031200000,0.03322,0.0337,0.03291,0.03309,7262.3
1641034800000,0.03309,0.03319,0.03305,0.03305,1459.56
1641038400000,0.03308,0.03313,0.03305,0.03305,798.51
1641042000000,0.03306,0.03309,0.03298,0.03302,2011.76
1641045600000,0.03306,0.03308,0.03296,0.03308,633.64
1641049200000,0.03302,0.03307,0.03296,0.03303,1295.85
1641052800000,0.03305,0.03318,0.03287,0.03289,2227.82
1641056400000,0.03289,0.03306,0.03286,0.03304,3357.17
1641060000000,0.03307,0.0331,0.03294,0.03309,1141.05
1641063600000,0.03311,0.03313,0.03294,0.03301,637.53
1641067200000,0.03301,0.03301,0.03289,0.03294,619.63
1641070800000,0.03299,0.03303,0.0329,0.03291,484.96
1641074400000,0.03291,0.03295,0.0328,0.03285,1088.22
1641078000000,0.03286,0.03313,0.0328,0.03311,1037.66
1641081600000,0.03311,0.03325,0.03299,0.03321,1215.45
1641085200000,0.03326,0.03328,0.03308,0.03308,701.01
1641088800000,0.03312,0.03317,0.03309,0.03316,345.49
1641092400000,0.03317,0.03324,0.03314,0.03324,828.23
1641096000000,0.03324,0.03334,0.03294,0.03305,1962.79
1641099600000,0.03304,0.03304,0.03284,0.03293,1354.05
1641103200000,0.03293,0.03305,0.03293,0.03298,836.89
1641106800000,0.033,0.033,0.03267,0.03294,2783.01
1641110400000,0.03289,0.03301,0.03281,0.03301,1222.13
1641114000000,0.03299,0.03326,0.03299,0.03326,1428.75
1641117600000,0.03324,0.03324,0.03312,0.03312,431.85
1641121200000,0.03315,0.03323,0.03315,0.0332,978.69
1641124800000,0.03318,0.03334,0.03306,0.03328,1268.07
1641128400000,0.03323,0.03332,0.03314,0.03332,787.68
1641132000000,0.03333,0.03341,0.03322,0.03341,1606.97
1641135600000,0.03342,0.03351,0.03327,0.03334,2125.2
1641139200000,0.03334,0.03381,0.03329,0.03377,4389.91
1641142800000,0.03376,0.03391,0.03356,0.03357,2959.58
1641146400000,0.03359,0.03362,0.03337,0.03356,1570.56
1641150000000,0.03356,0.03382,0.03356,0.03378,1973.82
1641153600000,0.0338,0.03417,0.0338,0.03401,4222.53
1641157200000,0.03404,0.0341,0.03387,0.03399,1046.82
1641160800000,0.034,0.03432,0.034,0.03431,1526.92
1641164400000,0.03433,0.03477,0.03425,0.03468,4656.05
1641168000000,0.03467,0.03486,0.03455,0.03477,2923.01
1641171600000,0.03479,0.03484,0.0346,0.03484,1026.82
1641175200000,0.03485,0.03505,0.03478,0.03503,2905.31
1641178800000,0.03506,0.03506,0.03459,0.03492,2345.22
1641182400000,0.03498,0.03519,0.03491,0.0351,3086.69
1641186000000,0.03514,0.03535,0.03507,0.03527,2650.61
1641189600000,0.03525,0.03542,0.03523,0.03541,1223.78
1641193200000,0.03543,0.03554,0.03522,0.03527,2579.97
1641196800000,0.03527,0.03549,0.03525,0.03545,1371.76
1641200400000,0.03545,0.03591,0.03527,0.0358,5055.62
1641204000000,0.03584,0.03627,0.0357,0.03617,6668.37
1641207600000,0.03617,0.03617,0.03553,0.03566,4271.98
1641211200000,0.03561,0.03579,0.03545,0.03554,2319.13
1641214800000,0.03554,0.03574,0.03548,0.03558,4054.53
1641218400000,0.03555,0.0357,0.03535,0.03541,2566.61
1641222000000,0.03537,0.03553,0.03501,0.03507,2850.95
1641225600000,0.03514,0.03517,0.03457,0.03504,5313.8
1641229200000,0.03504,0.03569,0.03494,0.03569,3128.47
1641232800000,0.0357,0.03581,0.03541,0.0355,1738.82
1641236400000,0.03546,0.03566,0.03538,0.03553,1063.09
1641240000000,0.0355,0.0355,0.03495,0.03523,3601.37
1641243600000,0.03524,0.0354,0.03517,0.03531,1586.2
1641247200000,0.03531,0.03552,0.03527,0.03544,2256.03
1641250800000,0.03548,0.03617,0.03541,0.03606,4008.31
1641254400000,0.03606,0.03702,0.03606,0.03663,8634.82
1641258000000,0.03657,0.03692,0.03648,0.03656,3074.29
1641261600000,0.03661,0.03672,0.0364,0.03645,1897.82
1641265200000,0.03645,0.03647,0.03527,0.03537,8820.03
1641268800000,0.03537,0.03539,0.03491,0.03498,3787.5
1641272400000,0.03498,0.03513,0.03491,0.0351,1044.63
1641276000000,0.03514,0.03558,0.03514,0.03558,1722.48
1641279600000,0.03555,0.03555,0.03521,0.0353,2689.45
1641283200000,0.0353,0.03542,0.03525,0.0354,1286.63
1641286800000,0.0354,0.03557,0.0354,0.03544,1519.3
1641290400000,0.03549,0.03589,0.03547,0.03582,2824.81
1641294000000,0.03588,0.03617,0.03587,0.03601,3607.13
1641297600000,0.03601,0.03607,0.03572,0.03583,1429.3
1641301200000,0.03584,0.03629,0.0357,0.03599,3029.35
1641304800000,0.03605,0.03668,0.03598,0.03663,4390.7
1641308400000,0.03665,0.03685,0.03649,0.03661,3665.8
1641312000000,0.03663,0.03681,0.03643,0.03664,3040.77
1641315600000,0.03664,0.03685,0.03648,0.0366,2874.63
1641319200000,0.03663,0.0368,0.03592,0.03601,5081.24
1641322800000,0.03599,0.03629,0.03592,0.03613,2178.69
1641326400000,0.03611,0.03638,0.03605,0.03623,2253.64
1641330000000,0.03624,0.03636,0.03612,0.03636,928.05
1641333600000,0.0363,0.03636,0.03613,0.03617,1005.19
1641337200000,0.03619,0.03619,0.0359,0.03592,1225.72
1641340800000,0.0359,0.03622,0.03574,0.03622,3304.4
1641344400000,0.03622,0.03623,0.03599,0.03613,1862.33
1641348000000,0.03619,0.03632,0.03616,0.03625,1498.7
1641351600000,0.03626,0.03636,0.03621,0.03633,1339.65
1641355200000,0.03627,0.03627,0.03586,0.03605,2305.4
1641358800000,0.03606,0.03641,0.036,0.03641,1191.07
1641362400000,0.03638,0.03646,0.03617,0.03636,2480.66
1641366000000,0.03639,0.03659,0.03627,0.0363,1736.26
1641369600000,0.03634,0.03649,0.03617,0.03642,2040.28
1641373200000,0.03638,0.03692,0.03632,0.03685,5617.26
1641376800000,0.03685,0.03788,0.03673,0.03781,10026.86
1641380400000,0.03779,0.03801,0.03743,0.03759,7372.1
1641384000000,0.03759,0.0381,0.03715,0.03808,8150.47
1641387600000,0.0381,0.03851,0.03795,0.03842,9095.42
1641391200000,0.03842,0.03877,0.03832,0.03859,8709.6
1641394800000,0.03859,0.03865,0.0381,0.03839,4159.28
1641398400000,0.03835,0.03835,0.03769,0.03773,6104.4
1641402000000,0.03773,0.03791,0.03754,0.03757,3288.58
1641405600000,0.03754,0.0379,0.03742,0.03777,6179.19
1641409200000,0.03774,0.03774,0.0366,0.03693,8871.74
1641412800000,0.03688,0.03699,0.03646,0.03659,9300.52
1641416400000,0.03659,0.03676,0.036,0.036,8439.75
1641420000000,0.03599,0.03634,0.0353,0.03634,12784.98
1641423600000,0.03627,0.03637,0.03597,0.03608,4298.64
1641427200000,0.03606,0.03624,0.03587,0.03607,5589.4
1641430800000,0.03613,0.03616,0.03568,0.03579,6255.7
1641434400000,0.03575,0.03646,0.03562,0.03622,5362.56
1641438000000,0.0362,0.03627,0.03546,0.03546,4495.69
1641441600000,0.03554,0.03608,0.03554,0.03591,5746.3
1641445200000,0.03594,0.036,0.03558,0.03564,3278.78
1641448800000,0.03569,0.03571,0.03547,0.03557,1855.42
1641452400000,0.03553,0.0357,0.03541,0.03541,1715.48
1641456000000,0.03543,0.03544,0.03509,0.03534,4673.68
1641459600000,0.03534,0.03534,0.035,0.03506,5862.55
1641463200000,0.03507,0.03561,0.03507,0.03541,3102.4
1641466800000,0.03546,0.03552,0.03527,0.03543,2735.6
1641470400000,0.03545,0.03547,0.03508,0.03544,3061.5
1641474000000,0.03548,0.03555,0.03525,0.03551,3408.77
1641477600000,0.03551,0.03597,0.03533,0.03535,6646.11
1641481200000,0.03537,0.03557,0.03523,0.03536,2830.41
1641484800000,0.03537,0.03555,0.03526,0.03539,2644.75
1641488400000,0.03543,0.03565,0.0354,0.03552,2281.63
1641492000000,0.0355,0.03574,0.03549,0.03561,2756.12
1641495600000,0.03561,0.03581,0.03553,0.03573,1800.22
1641499200000,0.03572,0.03588,0.03564,0.03578,1991.32
1641502800000,0.03578,0.03581,0.03563,0.03581,1401.83
1641506400000,0.03581,0.03593,0.0358,0.03593,753.32
1641510000000,0.03593,0.03626,0.03586,0.03614,3213.88
1641513600000,0.03614,0.03624,0.03564,0.03581,3340.38
1641517200000,0.03583,0.03593,0.03566,0.03583,3650.47
1641520800000,0.03582,0.03582,0.03547,0.03553,2491.86
1641524400000,0.03554,0.03568,0.03442,0.03498,12236.46
1641528000000,0.03499,0.03516,0.03456,0.03515,9522.32
1641531600000,0.03517,0.03538,0.03509,0.03534,2887.87
1641535200000,0.03537,0.03537,0.03478,0.03485,4512.67
1641538800000,0.03485,0.03531,0.03479,0.03531,3441.71
1641542400000,0.03528,0.03554,0.03519,0.03554,4813.37
1641546000000,0.0355,0.03568,0.03541,0.03552,2074.58
1641549600000,0.0355,0.03559,0.0353,0.0353,1462.76
1641553200000,0.0353,0.03542,0.03523,0.03526,1142.23
1641556800000,0.0353,0.03538,0.03447,0.03522,7479.25
1641560400000,0.03525,0.03537,0.03507,0.03531,4088.13
1641564000000,0.03532,0.03547,0.03518,0.0353,1602.25
1641567600000,0.03533,0.03536,0.03503,0.03519,3637.34
1641571200000,0.03523,0.03549,0.03507,0.03549,3919.13
1641574800000,0.03546,0.03557,0.03521,0.03525,2464.57
1641578400000,0.03524,0.03525,0.03509,0.03522,1309.74
1641582000000,0.03523,0.03532,0.03515,0.03525,1210.24
1641585600000,0.03525,0.03529,0.03508,0.03525,1080.8
1641589200000,0.0352,0.03559,0.0352,0.03542,1458.61
1641592800000,0.03541,0.03542,0.0351,0.03516,1189.74
1641596400000,0.03516,0.03527,0.03507,0.03515,1229.48
1641600000000,0.0352,0.03545,0.03509,0.03544,1776.9
1641603600000,0.0354,0.03541,0.03513,0.03513,1070.84
1641607200000,0.03517,0.03533,0.03511,0.03533,987.28
1641610800000,0.03525,0.03535,0.03508,0.03535,1546.54
1641614400000,0.03537,0.03546,0.03534,0.03535,1036.12
1641618000000,0.03536,0.03567,0.03534,0.03547,3369.46
1641621600000,0.03546,0.0355,0.03531,0.03545,1355.06
1641625200000,0.03545,0.03551,0.03516,0.03519,847.79
1641628800000,0.03522,0.03525,0.03511,0.03521,1453.36
1641632400000,0.03521,0.03527,0.03513,0.0352,611.97
1641636000000,0.03526,0.03526,0.03504,0.0351,827.14
1641639600000,0.03511,0.03511,0.03489,0.03495,1028.32
1641643200000,0.03491,0.03511,0.03485,0.03511,1314.95
1641646800000,0.03506,0.03518,0.03498,0.03518,1754.9
1641650400000,0.03514,0.03514,0.03485,0.03485,1151.14
1641654000000,0.03487,0.03492,0.03473,0.03479,3233.98
1641657600000,0.03474,0.03493,0.03461,0.03466,2362.24
1641661200000,0.03467,0.03472,0.03426,0.03426,4106.12
1641664800000,0.03426,0.03493,0.03416,0.03484,8810.71
1641668400000,0.03489,0.03491,0.03476,0.03486,2675.75
1641672000000,0.0349,0.03507,0.03477,0.03477,2295.39
1641675600000,0.03482,0.03497,0.03482,0.03487,1754.95
1641679200000,0.03488,0.03495,0.03472,0.03482,1651.84
1641682800000,0.03475,0.03483,0.0346,0.03473,1516.37
1641686400000,0.03471,0.03516,0.03464,0.03508,2056.6
1641690000000,0.03504,0.03511,0.03496,0.03506,665.76
1641693600000,0.03509,0.03519,0.03498,0.03498,1522.61
1641697200000,0.03503,0.03513,0.03498,0.03503,946.84
1641700800000,0.03506,0.0352,0.03506,0.0352,653.17
1641704400000,0.03521,0.03531,0.03514,0.03516,987.59
1641708000000,0.03523,0.03572,0.03523,0.03556,2333.6
1641711600000,0.03552,0.03558,0.03538,0.03542,926.51
1641715200000,0.0354,0.03633,0.03533,0.03592,8390.34
1641718800000,0.03595,0.03624,0.0358,0.03605,3030.15
1641722400000,0.03602,0.03635,0.03587,0.03635,3234.11
1641726000000,0.03636,0.03667,0.03629,0.03665,4695.32
1641729600000,0.03665,0.03668,0.03617,0.0362,2518.42
1641733200000,0.03617,0.03636,0.03604,0.03609,2367.71
1641736800000,0.03613,0.03665,0.03612,0.03649,3028.93
1641740400000,0.03649,0.03676,0.03639,0.0367,2243.58
1641744000000,0.03676,0.037,0.03667,0.03688,4399.5
1641747600000,0.0369,0.03693,0.03669,0.0368,2780.03
1641751200000,0.03681,0.03693,0.03624,0.03631,4526.47
1641754800000,0.03631,0.03657,0.03625,0.03635,2335.84
1641758400000,0.0363,0.03634,0.03617,0.03634,1316.58
1641762000000,0.03628,0.03628,0.03611,0.03624,658.79
1641765600000,0.03627,0.03628,0.03597,0.03597,876.74
1641769200000,0.03602,0.03614,0.03589,0.036,2130.6
1641772800000,0.036,0.03622,0.03579,0.0358,1726.08
1641776400000,0.03586,0.03607,0.03572,0.03578,1893.32
1641780000000,0.03582,0.0359,0.03573,0.03581,1127.28
1641783600000,0.03581,0.03591,0.03566,0.03591,1796.04
1641787200000,0.03587,0.03598,0.03577,0.03592,1236.85
1641790800000,0.03592,0.03598,0.03582,0.03595,1283.36
1641794400000,0.03591,0.0362,0.03585,0.03606,3053.28
1641798000000,0.03606,0.03643,0.03606,0.03622,2321.51
1641801600000,0.03629,0.03672,0.03629,0.03663,4280.78
1641805200000,0.03663,0.03696,0.03652,0.03683,3369.48
1641808800000,0.03685,0.03758,0.0366,0.0375,5409.09
1641812400000,0.03753,0.03778,0.03724,0.03725,7169.01
1641816000000,0.03724,0.03741,0.0365,0.03685,7868.87
1641819600000,0.0369,0.03701,0.03649,0.03654,5674.05
1641823200000,0.03654,0.03654,0.03583,0.03636,13385.87
1641826800000,0.03636,0.0365,0.03592,0.03604,4214.98
1641830400000,0.03606,0.03637,0.03585,0.0362,4989.0
1641834000000,0.03625,0.03632,0.03584,0.03589,6161.03
1641837600000,0.03592,0.03596,0.03579,0.03588,982.08
1641841200000,0.03587,0.03587,0.03561,0.03576,2177.45
1641844800000,0.03576,0.03596,0.03565,0.0359,1780.98
1641848400000,0.03591,0.03594,0.03574,0.03581,1427.41
1641852000000,0.03582,0.03588,0.03565,0.03565,721.38
1641855600000,0.03568,0.03583,0.03559,0.03559,1383.36
1641859200000,0.03558,0.03579,0.03546,0.03567,1665.81
1641862800000,0.03565,0.03585,0.03565,0.03576,933.63
1641866400000,0.03576,0.03611,0.03561,0.03576,3058.85
1641870000000,0.03575,0.03611,0.03567,0.036,4027.79
1641873600000,0.03599,0.0362,0.03584,0.03598,2300.98
1641877200000,0.03595,0.03595,0.03572,0.03573,1266.41
1641880800000,0.03577,0.03602,0.03553,0.03559,2112.55
1641884400000,0.03563,0.03564,0.03519,0.03527,2556.29
1641888000000,0.0352,0.0352,0.03417,0.03432,11198.48
1641891600000,0.03431,0.03503,0.0343,0.03464,9464.7
1641895200000,0.03466,0.03482,0.03442,0.0347,3211.68
1641898800000,0.03473,0.03516,0.03473,0.03516,3356.57
1641902400000,0.03517,0.03525,0.03485,0.03494,2602.29
1641906000000,0.03496,0.03509,0.03476,0.03503,2417.35
1641909600000,0.03505,0.03506,0.03468,0.03486,2729.93
1641913200000,0.03483,0.0351,0.03482,0.03502,2946.55
1641916800000,0.03509,0.03524,0.03473,0.03485,3976.64
1641920400000,0.03484,0.03492,0.0346,0.03468,4025.09
1641924000000,0.03467,0.03495,0.03454,0.03463,5561.41
1641927600000,0.03468,0.03489,0.03468,0.03476,1914.58
1641931200000,0.03482,0.03483,0.03465,0.03471,3226.7
1641934800000,0.03471,0.03471,0.03446,0.03448,1567.34
1641938400000,0.03453,0.03457,0.03442,0.03447,999.1
1641942000000,0.0345,0.03455,0.03443,0.03443,733.2
1641945600000,0.03449,0.03469,0.03447,0.03465,1417.31
1641949200000,0.03466,0.03494,0.0345,0.03491,3314.44
1641952800000,0.03491,0.03514,0.03485,0.03511,1789.22
1641956400000,0.03507,0.03542,0.03505,0.03534,1948.6
1641960000000,0.03535,0.03543,0.0353,0.03534,752.07
1641963600000,0.03532,0.03532,0.03504,0.03507,1016.09
1641967200000,0.03503,0.03552,0.03501,0.03531,2674.77
1641970800000,0.0353,0.0354,0.03488,0.03502,3176.94
1641974400000,0.035,0.03503,0.03477,0.03502,1806.5
1641978000000,0.03501,0.03505,0.03474,0.03505,1832.28
1641981600000,0.03501,0.03501,0.03486,0.03492,964.83
1641985200000,0.03488,0.03502,0.0347,0.03472,1956.52
1641988800000,0.03472,0.03479,0.03464,0.03473,1558.73
1641992400000,0.03468,0.0348,0.03446,0.03463,3878.32
1641996000000,0.03461,0.03463,0.03429,0.03437,2396.16
1641999600000,0.03434,0.03436,0.03416,0.03418,2077.16
1642003200000,0.03417,0.03417,0.034,0.03413,2232.98
1642006800000,0.03412,0.03421,0.03408,0.03413,660.29
1642010400000,0.03412,0.03412,0.03389,0.03389,1299.74
1642014000000,0.03388,0.03389,0.0335,0.03355,2503.87
1642017600000,0.03351,0.03357,0.03342,0.03356,1313.4
1642021200000,0.03352,0.03361,0.03346,0.03346,801.56
1642024800000,0.03345,0.03355,0.03323,0.03331,1506.04
1642028400000,0.03331,0.03357,0.03327,0.03341,1452.75
1642032000000,0.03338,0.03341,0.03324,0.03338,1832.66
1642035600000,0.03338,0.03344,0.03318,0.03326,2319.13
1642039200000,0.03328,0.03337,0.03318,0.03329,1303.57
1642042800000,0.0333,0.03336,0.03311,0.03321,2531.12
1642046400000,0.03323,0.03337,0.03322,0.03329,1122.27
1642050000000,0.03327,0.03348,0.03319,0.0334,1345.34
1642053600000,0.03343,0.03355,0.03338,0.03344,1926.31
1642057200000,0.03341,0.03346,0.03326,0.03331,549.93
1642060800000,0.03332,0.03346,0.03332,0.03343,887.04
1642064400000,0.03342,0.03353,0.03341,0.03352,600.34
1642068000000,0.03352,0.03374,0.03352,0.0336,2399.74
1642071600000,0.03362,0.0338,0.03361,0.03362,2633.8
1642075200000,0.03359,0.03384,0.03359,0.03384,1179.43
1642078800000,0.03384,0.03402,0.0338,0.03389,1886.3
1642082400000,0.03388,0.03421,0.03371,0.03409,5900.73
1642086000000,0.03412,0.03422,0.0336,0.03374,5913.36
1642089600000,0.0337,0.03379,0.03357,0.03369,2380.97
1642093200000,0.03369,0.03369,0.0332,0.0333,4692.85
1642096800000,0.03331,0.03337,0.03325,0.0333,653.03
1642100400000,0.03325,0.03325,0.03269,0.0328,3728.85
1642104000000,0.03281,0.03283,0.03266,0.03266,1253.39
1642107600000,0.03266,0.03266,0.03255,0.03262,1275.42
1642111200000,0.03258,0.03259,0.03253,0.03254,436.7
1642114800000,0.03258,0.0326,0.03247,0.03247,798.71
1642118400000,0.0325,0.03255,0.03238,0.03239,1391.45
1642122000000,0.03237,0.03258,0.03237,0.03252,1136.69
1642125600000,0.03258,0.03276,0.03251,0.03264,1241.75
1642129200000,0.03265,0.03289,0.03253,0.03264,3175.09
1642132800000,0.03263,0.03272,0.03251,0.03261,1824.3
1642136400000,0.03267,0.03271,0.03249,0.03261,1896.3
1642140000000,0.03259,0.03264,0.03251,0.03259,1119.64
1642143600000,0.03259,0.03263,0.03247,0.03248,1606.77
1642147200000,0.03246,0.03258,0.03229,0.03254,3065.88
1642150800000,0.03258,0.03259,0.03241,0.03241,964.26
1642154400000,0.03244,0.03267,0.03243,0.03243,1502.96
1642158000000,0.03243,0.03258,0.03234,0.03237,1724.52
1642161600000,0.03235,0.03256,0.03233,0.03251,1200.71
1642165200000,0.0325,0.0325,0.03231,0.03237,1450.05
1642168800000,0.03237,0.03267,0.03235,0.03262,2039.97
1642172400000,0.03264,0.03272,0.03246,0.03247,1537.52
1642176000000,0.03246,0.03251,0.0324,0.03247,1251.56
1642179600000,0.03246,0.03246,0.03231,0.03242,1063.47
1642183200000,0.03244,0.03247,0.03207,0.03241,3670.94
1642186800000,0.03241,0.03247,0.0323,0.03233,1811.75
1642190400000,0.03232,0.03241,0.03221,0.03241,949.1
1642194000000,0.03236,0.03241,0.03209,0.03226,1966.03
1642197600000,0.03225,0.03236,0.03219,0.0323,767.72
1642201200000,0.03228,0.03249,0.03223,0.03237,1312.17
1642204800000,0.03237,0.03241,0.03225,0.03241,1129.3
1642208400000,0.03242,0.03252,0.03235,0.03241,1722.02
1642212000000,0.0324,0.03275,0.03223,0.03269,3026.21
1642215600000,0.03266,0.03281,0.0326,0.03272,1415.6
1642219200000,0.03272,0.03276,0.03264,0.03276,856.4
1642222800000,0.03269,0.03271,0.03247,0.03271,1433.54
1642226400000,0.03272,0.03332,0.03268,0.03323,4976.22
1642230000000,0.03318,0.03318,0.03289,0.03289,1796.35
1642233600000,0.03291,0.03306,0.03279,0.033,1869.49
1642237200000,0.03302,0.03364,0.03302,0.03337,4065.09
1642240800000,0.03333,0.03339,0.03318,0.03319,1353.59
1642244400000,0.03323,0.03333,0.03306,0.03312,1108.52
1642248000000,0.03313,0.03345,0.03297,0.03324,3380.02
1642251600000,0.03325,0.03325,0.03303,0.03306,1807.74
1642255200000,0.03307,0.03336,0.03307,0.03328,2239.47
1642258800000,0.03323,0.03328,0.03308,0.03316,1871.04
1642262400000,0.03314,0.03341,0.03307,0.03308,1761.96
1642266000000,0.03312,0.03318,0.03306,0.03312,963.32
1642269600000,0.03317,0.03317,0.03303,0.03303,596.06
1642273200000,0.03304,0.03332,0.033,0.03318,895.95
1642276800000,0.03322,0.0333,0.03307,0.0333,1155.9
1642280400000,0.0333,0.0335,0.03323,0.03348,1679.63
1642284000000,0.03346,0.03354,0.03339,0.03339,5725.89
1642287600000,0.03339,0.03341,0.0333,0.03331,4246.44
1642291200000,0.03331,0.03376,0.03328,0.03351,4011.33
1642294800000,0.0335,0.03361,0.03341,0.03361,1307.2
1642298400000,0.03364,0.03375,0.03336,0.03339,2019.42
1642302000000,0.03334,0.03352,0.03324,0.03351,1557.98
1642305600000,0.03351,0.03364,0.03346,0.03353,758.38
1642309200000,0.03354,0.03354,0.03322,0.03338,1492.88
1642312800000,0.03337,0.03357,0.03333,0.03341,1365.32
1642316400000,0.03343,0.03373,0.03328,0.03359,2161.19
1642320000000,0.03359,0.0339,0.03357,0.0338,2179.37
1642323600000,0.03382,0.03426,0.03382,0.03407,2949.97
1642327200000,0.0341,0.03441,0.0341,0.03422,1861.29
1642330800000,0.0342,0.03448,0.03413,0.0343,2539.01
1642334400000,0.03432,0.03548,0.03432,0.03535,12507.62
1642338000000,0.03531,0.03545,0.03488,0.03493,5279.77
1642341600000,0.03491,0.03494,0.03457,0.03473,2919.82
1642345200000,0.03468,0.03488,0.03459,0.03476,2260.08
1642348800000,0.03478,0.03495,0.03442,0.03491,4086.65
1642352400000,0.03493,0.03532,0.03491,0.03532,2594.39
1642356000000,0.03531,0.03587,0.03527,0.03587,5644.74
1642359600000,0.03587,0.03649,0.03585,0.03636,8130.35
1642363200000,0.03633,0.03633,0.03583,0.03597,3003.93
1642366800000,0.03594,0.03599,0.03577,0.03577,2029.53
1642370400000,0.03578,0.03592,0.03558,0.03576,1245.94
1642374000000,0.03568,0.03577,0.03562,0.03577,956.03
1642377600000,0.03577,0.036,0.03577,0.0359,1504.92
1642381200000,0.03584,0.03626,0.03576,0.03626,3399.43
1642384800000,0.03627,0.03643,0.03601,0.03618,3589.9
1642388400000,0.03619,0.03626,0.03567,0.03574,2940.06
1642392000000,0.03571,0.03583,0.03519,0.03523,4827.99
1642395600000,0.03521,0.03569,0.03517,0.03567,3694.25
1642399200000,0.03568,0.03568,0.03543,0.03548,1471.36
1642402800000,0.03547,0.03585,0.03538,0.03538,2252.3
1642406400000,0.03537,0.03547,0.03518,0.03537,2286.59
1642410000000,0.03541,0.03563,0.03534,0.03546,1686.44
1642413600000,0.0355,0.03554,0.03502,0.03532,4378.67
1642417200000,0.0353,0.0353,0.03507,0.03507,1592.44
1642420800000,0.03505,0.03542,0.03493,0.03524,3227.15
1642424400000,0.03525,0.03541,0.03508,0.0353,2873.6
1642428000000,0.03527,0.03528,0.03504,0.03511,2848.97
1642431600000,0.0351,0.03542,0.03493,0.03525,2596.09
1642435200000,0.03523,0.03537,0.03486,0.03513,3291.27
1642438800000,0.03513,0.03513,0.03485,0.03487,1811.67
1642442400000,0.03484,0.03502,0.03483,0.03494,2011.41
1642446000000,0.03492,0.03507,0.03491,0.03499,718.21
1642449600000,0.03505,0.03515,0.03505,0.0351,540.12
1642453200000,0.0351,0.03518,0.03471,0.03475,1688.84
1642456800000,0.03477,0.03518,0.03473,0.03489,2559.84
1642460400000,0.0349,0.03521,0.03486,0.03503,1888.83
1642464000000,0.03502,0.03546,0.03501,0.0353,2091.26
1642467600000,0.03525,0.03558,0.03517,0.03547,2356.87
1642471200000,0.03547,0.03596,0.03545,0.0359,4668.49
1642474800000,0.03587,0.03591,0.03539,0.03539,1992.03
1642478400000,0.03539,0.03555,0.03529,0.0355,1530.24
1642482000000,0.03549,0.03555,0.0352,0.03542,2210.93
1642485600000,0.03542,0.03623,0.03538,0.03615,3566.53
1642489200000,0.03618,0.03648,0.03609,0.03633,3934.2
1642492800000,0.03633,0.03661,0.03593,0.03658,5043.99
1642496400000,0.03662,0.03799,0.0366,0.0379,19084.09
1642500000000,0.0379,0.0379,0.03717,0.03721,3740.34
1642503600000,0.0372,0.03778,0.0372,0.0375,4520.22
1642507200000,0.03747,0.03754,0.03678,0.0369,5741.42
1642510800000,0.03693,0.03697,0.03571,0.03582,5988.35
1642514400000,0.03584,0.03588,0.03498,0.03507,8147.68
1642518000000,0.03507,0.03522,0.03489,0.03489,2514.67
1642521600000,0.0349,0.03495,0.03445,0.03445,4084.84
1642525200000,0.03447,0.03447,0.03412,0.0342,3822.67
1642528800000,0.03421,0.03428,0.03409,0.0341,1600.93
1642532400000,0.03412,0.03432,0.03409,0.03427,2090.6
1642536000000,0.03425,0.03428,0.03409,0.03413,1167.35
1642539600000,0.03413,0.03447,0.03405,0.0343,3008.03
1642543200000,0.03427,0.0343,0.03406,0.03421,2058.72
1642546800000,0.03416,0.03418,0.0339,0.0339,2250.37
1642550400000,0.03389,0.03409,0.03387,0.03395,1858.83
1642554000000,0.034,0.03441,0.034,0.0343,2213.8
1642557600000,0.03427,0.03432,0.0341,0.03413,1346.04
1642561200000,0.03413,0.03419,0.0339,0.03406,2372.48
1642564800000,0.03411,0.03418,0.03398,0.03401,1944.64
1642568400000,0.03404,0.03409,0.0339,0.03393,704.97
1642572000000,0.03392,0.03403,0.03388,0.03395,1142.56
1642575600000,0.03394,0.03398,0.0335,0.03357,4311.4
1642579200000,0.03359,0.03371,0.03347,0.03347,1355.94
1642582800000,0.03347,0.03355,0.03332,0.0335,1693.5
1642586400000,0.03354,0.03359,0.03335,0.03342,1223.69
1642590000000,0.03344,0.03368,0.03339,0.03367,1913.76
1642593600000,0.03369,0.03383,0.03366,0.03366,1523.79
1642597200000,0.03366,0.03377,0.03344,0.03344,1234.83
1642600800000,0.03343,0.0336,0.03342,0.03355,1662.76
1642604400000,0.03354,0.03357,0.03333,0.03345,957.16
1642608000000,0.03345,0.0335,0.03291,0.033,3390.94
1642611600000,0.03301,0.03315,0.03299,0.0331,961.88
1642615200000,0.03308,0.03311,0.03292,0.03292,734.28
1642618800000,0.03292,0.03298,0.03284,0.03284,1538.64
1642622400000,0.03283,0.03284,0.0327,0.0327,1460.26
1642626000000,0.03273,0.03295,0.03269,0.03275,1685.48
1642629600000,0.03277,0.03288,0.03268,0.03285,1056.71
1642633200000,0.03282,0.03291,0.03269,0.0327,1622.43
1642636800000,0.03272,0.03287,0.03261,0.03281,1475.6
1642640400000,0.03281,0.03289,0.0327,0.03289,1256.65
1642644000000,0.0329,0.03295,0.03271,0.03271,1124.24
1642647600000,0.0327,0.03285,0.03269,0.03284,789.03
1642651200000,0.03287,0.03288,0.03256,0.03261,1473.69
1642654800000,0.0326,0.03263,0.03255,0.03262,677.02
1642658400000,0.03262,0.03273,0.03231,0.0324,4970.39
1642662000000,0.03234,0.03246,0.03231,0.03238,1089.25
1642665600000,0.03238,0.03269,0.03236,0.03269,1671.83
1642669200000,0.03271,0.03305,0.03271,0.03298,2587.79
1642672800000,0.03296,0.03364,0.03293,0.03363,9454.43
1642676400000,0.03363,0.03371,0.03339,0.03366,2901.93
1642680000000,0.03367,0.03397,0.03367,0.03377,4029.61
1642683600000,0.03379,0.03399,0.03372,0.03392,2643.09
1642687200000,0.03393,0.03423,0.03389,0.03402,4283.73
1642690800000,0.034,0.03415,0.03394,0.03413,1574.65
1642694400000,0.0341,0.03424,0.03398,0.03416,2306.49
1642698000000,0.03417,0.03428,0.03413,0.03426,774.8
1642701600000,0.03427,0.03433,0.03404,0.03411,1753.95
1642705200000,0.0341,0.03414,0.03395,0.03405,2080.3
1642708800000,0.03405,0.03407,0.0338,0.03394,2113.97
1642712400000,0.03392,0.03397,0.03302,0.03302,8813.33
1642716000000,0.03302,0.03333,0.03294,0.03321,8700.6
1642719600000,0.03319,0.03319,0.0328,0.03285,4310.87
1642723200000,0.03287,0.0331,0.0327,0.03301,3963.51
1642726800000,0.03298,0.03323,0.03288,0.03294,5593.31
1642730400000,0.03294,0.03317,0.03287,0.03306,3768.15
1642734000000,0.03302,0.03317,0.03277,0.033,6170.38
1642737600000,0.03301,0.03331,0.03301,0.03311,1779.3
1642741200000,0.03314,0.03341,0.03313,0.03323,1939.68
1642744800000,0.03323,0.03333,0.03313,0.03319,1755.74
1642748400000,0.03322,0.03326,0.03294,0.033,1929.13
1642752000000,0.033,0.03302,0.03276,0.03285,2283.59
1642755600000,0.03286,0.03315,0.03286,0.03309,1189.78
1642759200000,0.03311,0.03333,0.03311,0.03323,1844.01
1642762800000,0.03318,0.03324,0.03297,0.03324,1951.65
1642766400000,0.03324,0.03342,0.03282,0.0332,6174.03
1642770000000,0.03323,0.03328,0.03303,0.03316,3668.07
1642773600000,0.03316,0.03331,0.03301,0.03311,3357.8
1642777200000,0.03314,0.03347,0.03303,0.03331,3880.59
1642780800000,0.03334,0.03345,0.03301,0.03303,2366.94
1642784400000,0.03303,0.0332,0.03303,0.03311,967.47
1642788000000,0.03316,0.03349,0.03311,0.03346,2041.55
1642791600000,0.03341,0.03369,0.03334,0.03334,4350.41
1642795200000,0.03333,0.03358,0.0331,0.03346,5586.62
1642798800000,0.03346,0.03364,0.03264,0.03292,15527.07
1642802400000,0.03294,0.03321,0.03268,0.03311,8267.02
1642806000000,0.03312,0.03343,0.03255,0.03293,10878.52
1642809600000,0.03291,0.03338,0.03267,0.03267,7348.64
1642813200000,0.03266,0.03302,0.03247,0.03265,4483.71
1642816800000,0.03264,0.03271,0.03243,0.03255,3108.69
1642820400000,0.03253,0.03266,0.03226,0.03244,5022.2
1642824000000,0.03246,0.0326,0.03198,0.03223,5287.78
1642827600000,0.03221,0.03237,0.03167,0.03214,8541.05
1642831200000,0.03219,0.03288,0.03202,0.03259,9067.14
1642834800000,0.03269,0.03306,0.03248,0.03265,12111.69
1642838400000,0.03264,0.03316,0.03259,0.03276,6295.06
1642842000000,0.03278,0.03289,0.03141,0.03145,13323.6
1642845600000,0.03146,0.03193,0.03076,0.03131,27055.22
1642849200000,0.03132,0.03155,0.03102,0.03145,7988.49
1642852800000,0.03147,0.03204,0.03136,0.03151,11112.14
1642856400000,0.03152,0.03156,0.03126,0.03137,4524.91
1642860000000,0.03133,0.03141,0.0309,0.03097,3912.82
1642863600000,0.03101,0.03101,0.03068,0.03094,5009.06
1642867200000,0.03097,0.03193,0.03092,0.03182,9021.71
1642870800000,0.03189,0.03194,0.03131,0.03135,5952.9
1642874400000,0.03134,0.03167,0.03088,0.03094,7892.64
1642878000000,0.03099,0.03133,0.03094,0.03097,5632.68
1642881600000,0.03097,0.03169,0.03087,0.03151,8598.45
1642885200000,0.03151,0.03154,0.03117,0.03134,3222.15
1642888800000,0.0313,0.0313,0.03095,0.03104,1971.8
1642892400000,0.031,0.0312,0.03094,0.03109,2952.33
1642896000000,0.03109,0.03131,0.03101,0.03131,3551.04
1642899600000,0.03132,0.03132,0.03105,0.03107,2494.62
1642903200000,0.03106,0.03107,0.03045,0.03045,6165.2
1642906800000,0.0305,0.03058,0.03038,0.03058,2824.67
1642910400000,0.03053,0.03074,0.03048,0.03053,2368.17
1642914000000,0.03056,0.03063,0.03021,0.0305,4036.32
1642917600000,0.03053,0.03075,0.03041,0.03047,3942.22
1642921200000,0.03047,0.03076,0.03041,0.03058,3610.48
1642924800000,0.03056,0.03064,0.0303,0.03047,3723.21
1642928400000,0.03047,0.03067,0.03038,0.03055,3152.34
1642932000000,0.03052,0.03054,0.03038,0.0304,2008.14
1642935600000,0.03041,0.03042,0.03009,0.0304,5208.67
1642939200000,0.0304,0.03048,0.03015,0.03015,2494.85
1642942800000,0.03015,0.03015,0.02996,0.03007,3606.88
1642946400000,0.03002,0.03016,0.02981,0.03006,5981.82
1642950000000,0.03006,0.03023,0.02995,0.03023,3023.54
1642953600000,0.03024,0.03024,0.02995,0.02998,3343.78
1642957200000,0.03002,0.03015,0.03002,0.03008,1834.21
1642960800000,0.03007,0.03009,0.0298,0.02996,3636.69
1642964400000,0.02999,0.03007,0.02979,0.02996,4171.6
1642968000000,0.02998,0.03017,0.0299,0.03006,3328.17
1642971600000,0.03005,0.03019,0.02996,0.02999,1604.6
1642975200000,0.02998,0.03016,0.02996,0.03006,2347.98
1642978800000,0.03004,0.03047,0.02966,0.02974,10748.68
1642982400000,0.02974,0.03004,0.0297,0.0298,4220.84
1642986000000,0.02984,0.02994,0.02954,0.02959,4270.62
1642989600000,0.02959,0.0296,0.02893,0.02898,4212.4
1642993200000,0.02899,0.02928,0.02895,0.02928,2266.15
1642996800000,0.02929,0.02934,0.02914,0.02927,2202.37
1643000400000,0.02923,0.02933,0.02903,0.02933,3090.32
1643004000000,0.02928,0.02931,0.02907,0.0292,2193.16
1643007600000,0.02916,0.02926,0.02907,0.02923,2986.25
1643011200000,0.02924,0.02924,0.02842,0.02851,10712.99
1643014800000,0.02846,0.02946,0.02846,0.0292,15731.07
1643018400000,0.02922,0.02923,0.02871,0.02871,11322.6
1643022000000,0.0287,0.02899,0.02863,0.02873,7230.83
1643025600000,0.02875,0.02892,0.02859,0.02864,6586.64
1643029200000,0.02864,0.02891,0.02849,0.02849,9341.41
1643032800000,0.02848,0.02872,0.02826,0.02856,9411.3
1643036400000,0.02855,0.02887,0.02825,0.02879,9160.08
1643040000000,0.02882,0.029,0.02854,0.02862,6882.15
1643043600000,0.02861,0.02914,0.02845,0.02909,8942.09
1643047200000,0.02909,0.02928,0.02873,0.02874,7894.24
1643050800000,0.02872,0.02885,0.02869,0.02878,2710.05
1643054400000,0.02878,0.02892,0.0287,0.02882,3593.25
1643058000000,0.02881,0.02889,0.02873,0.02879,1912.09
1643061600000,0.02876,0.02884,0.02858,0.02879,2540.37
1643065200000,0.02879,0.0288,0.02854,0.02877,2818.56
1643068800000,0.02878,0.02884,0.02867,0.02874,2025.59
1643072400000,0.02874,0.02887,0.02868,0.02879,1616.81
1643076000000,0.02879,0.02925,0.02879,0.02925,2822.07
1643079600000,0.02919,0.02943,0.02915,0.02937,1859.36
1643083200000,0.02937,0.02937,0.02912,0.02917,1283.39
1643086800000,0.02918,0.02929,0.02915,0.02927,995.23
1643090400000,0.02933,0.02933,0.02916,0.02922,1367.46
1643094000000,0.02921,0.02933,0.02912,0.0293,1820.45
1643097600000,0.02924,0.02941,0.02906,0.0291,2628.7
1643101200000,0.02908,0.02908,0.02873,0.02879,2475.99
1643104800000,0.0288,0.02897,0.0287,0.0287,4028.53
1643108400000,0.0287,0.0288,0.02854,0.02859,2934.37
1643112000000,0.02859,0.02882,0.02859,0.02865,2218.27
1643115600000,0.02864,0.02866,0.02844,0.02852,2233.16
1643119200000,0.0285,0.0289,0.02832,0.02838,6105.19
1643122800000,0.02838,0.02847,0.02825,0.02836,3437.57
1643126400000,0.02836,0.02854,0.02829,0.02852,2562.44
1643130000000,0.02851,0.02855,0.02811,0.02841,7468.16
1643133600000,0.02841,0.02841,0.02812,0.02818,3808.77
1643137200000,0.02817,0.02818,0.02783,0.02787,3308.79
1643140800000,0.02787,0.02792,0.02771,0.02781,3992.46
1643144400000,0.02782,0.02782,0.02754,0.02754,2755.31
1643148000000,0.02756,0.02757,0.02743,0.02749,1617.15
1643151600000,0.02751,0.02762,0.02748,0.0275,1247.52
1643155200000,0.02749,0.02773,0.02737,0.0276,3620.6
1643158800000,0.02763,0.02787,0.02763,0.02787,1508.16
1643162400000,0.02782,0.02807,0.02781,0.02791,2177.48
1643166000000,0.02794,0.02836,0.02794,0.02833,2436.01
1643169600000,0.02835,0.0285,0.02821,0.02846,2903.96
1643173200000,0.02845,0.02845,0.02834,0.02834,1299.31
1643176800000,0.02837,0.02839,0.02813,0.02816,1339.41
1643180400000,0.02818,0.0283,0.02814,0.02818,1288.23
1643184000000,0.02823,0.02837,0.02819,0.02819,1583.4
1643187600000,0.02825,0.02839,0.02814,0.0282,1927.85
1643191200000,0.02815,0.02823,0.02809,0.02818,1507.62
1643194800000,0.02823,0.02826,0.02806,0.02809,1628.66
1643198400000,0.02809,0.02817,0.02806,0.02815,1171.31
1643202000000,0.02816,0.02862,0.02815,0.0284,5252.2
1643205600000,0.0284,0.0286,0.02834,0.02844,4448.06
1643209200000,0.02845,0.02856,0.02838,0.02844,2932.36
1643212800000,0.02844,0.02861,0.02843,0.0285,2520.13
1643216400000,0.02847,0.0287,0.02845,0.0287,1932.71
1643220000000,0.02867,0.02892,0.02841,0.02891,5135.03
1643223600000,0.02893,0.02928,0.02845,0.02847,15034.25
1643227200000,0.02848,0.02878,0.0284,0.02863,7796.84
1643230800000,0.02865,0.02875,0.02842,0.02854,3461.92
1643234400000,0.02855,0.02856,0.02805,0.02811,3304.49
1643238000000,0.02814,0.02832,0.02809,0.02821,2620.48
1643241600000,0.02821,0.02824,0.028,0.028,3067.9
1643245200000,0.02799,0.02804,0.0276,0.02768,4736.44
1643248800000,0.02766,0.0278,0.0276,0.02766,3787.04
1643252400000,0.02768,0.02775,0.02745,0.02759,4084.55
1643256000000,0.02757,0.0277,0.02752,0.0277,2017.75
1643259600000,0.02771,0.02796,0.02771,0.02784,8407.09
1643263200000,0.02783,0.02787,0.0277,0.02786,4139.31
1643266800000,0.02785,0.02827,0.02758,0.02805,11380.73
1643270400000,0.02806,0.02826,0.02791,0.02805,3782.88
1643274000000,0.02804,0.02818,0.02804,0.02817,1786.34
1643277600000,0.02815,0.02831,0.02809,0.02827,2156.67
1643281200000,0.02828,0.02828,0.02816,0.02823,1146.17
1643284800000,0.02824,0.02836,0.02823,0.02836,1819.21
1643288400000,0.02831,0.02881,0.02829,0.02866,10512.06
1643292000000,0.02868,0.02897,0.02854,0.02888,6373.71
1643295600000,0.02889,0.02896,0.02878,0.02882,2200.95
1643299200000,0.02882,0.02893,0.02879,0.02883,1405.41
1643302800000,0.02882,0.02903,0.02879,0.02902,1867.33
1643306400000,0.02899,0.02901,0.02844,0.02848,1860.34
1643310000000,0.02849,0.02869,0.02834,0.02834,3559.91
1643313600000,0.02838,0.02841,0.02762,0.02764,7807.28
1643317200000,0.02766,0.02772,0.02723,0.02723,5411.11
1643320800000,0.02722,0.02724,0.02556,0.02616,18980.64
1643324400000,0.02616,0.02648,0.02607,0.02643,2767.79
1643328000000,0.02642,0.02646,0.0262,0.02646,2458.16
1643331600000,0.02643,0.02662,0.02629,0.02643,3655.6
1643335200000,0.0264,0.02643,0.02629,0.02642,2311.87
1643338800000,0.02642,0.0267,0.02642,0.02668,2395.18
1643342400000,0.02668,0.02668,0.02627,0.02627,4425.55
1643346000000,0.0263,0.0266,0.0263,0.0266,1339.4
1643349600000,0.02657,0.02672,0.02651,0.02665,2973.8
1643353200000,0.02662,0.02665,0.0265,0.02654,1684.14
1643356800000,0.02655,0.02658,0.02627,0.0264,2407.64
1643360400000,0.02639,0.02643,0.02631,0.02636,1322.21
1643364000000,0.02633,0.02642,0.02624,0.02629,2330.44
1643367600000,0.02629,0.02648,0.02625,0.02648,1565.82
1643371200000,0.02649,0.02652,0.0262,0.02626,2685.57
1643374800000,0.02626,0.02667,0.02626,0.02661,3205.8
1643378400000,0.02664,0.02681,0.02649,0.02649,2687.62
1643382000000,0.02649,0.02687,0.02647,0.02682,2790.69
1643385600000,0.02683,0.02706,0.0268,0.02693,4012.94
1643389200000,0.02692,0.02699,0.02679,0.02682,1839.47
1643392800000,0.02683,0.02712,0.02683,0.02695,2976.95
1643396400000,0.0269,0.0269,0.02663,0.02664,2103.3
1643400000000,0.02663,0.02703,0.02663,0.027,3566.41
1643403600000,0.02701,0.02774,0.02701,0.02774,5349.5
1643407200000,0.02771,0.02775,0.02734,0.02735,1713.3
1643410800000,0.02735,0.02766,0.02733,0.02762,2474.24
1643414400000,0.02761,0.02773,0.02753,0.02762,2182.39
1643418000000,0.0276,0.02761,0.02749,0.02761,1251.53
1643421600000,0.0276,0.02763,0.02748,0.02748,1465.71
1643425200000,0.02752,0.02837,0.02752,0.02796,8748.21
1643428800000,0.02793,0.02803,0.02784,0.02802,2877.87
1643432400000,0.02803,0.02803,0.02784,0.02784,1283.32
1643436000000,0.02784,0.02797,0.02781,0.02783,1183.45
1643439600000,0.02787,0.02819,0.02787,0.02806,2482.01
1643443200000,0.02805,0.02821,0.02796,0.02801,1646.28
1643446800000,0.02804,0.02806,0.02788,0.02805,1209.84
1643450400000,0.02801,0.02828,0.02799,0.02813,1949.33
1643454000000,0.02812,0.02815,0.02803,0.02807,1213.17
1643457600000,0.02805,0.0282,0.02798,0.02813,3482.35
1643461200000,0.02815,0.02828,0.02814,0.02816,2231.06
1643464800000,0.02814,0.02853,0.02799,0.02825,5164.61
1643468400000,0.02826,0.02861,0.02819,0.02849,5130.74
1643472000000,0.02851,0.02868,0.02842,0.02861,2374.11
1643475600000,0.02863,0.02868,0.02853,0.02853,1422.61
1643479200000,0.02858,0.02859,0.02846,0.02852,1147.39
1643482800000,0.02852,0.02859,0.02848,0.0285,1274.82
1643486400000,0.02851,0.02865,0.02841,0.0286,3513.83
1643490000000,0.02862,0.02881,0.02859,0.02878,3508.83
1643493600000,0.02878,0.0289,0.02854,0.02862,2273.47
1643497200000,0.02862,0.02866,0.02844,0.02866,1237.43
1643500800000,0.02867,0.02885,0.02849,0.02854,3348.73
1643504400000,0.02858,0.02871,0.02844,0.02858,1400.98
1643508000000,0.0286,0.02865,0.02849,0.02865,2016.42
1643511600000,0.02867,0.02889,0.02867,0.02879,1879.82
1643515200000,0.0288,0.02912,0.02879,0.02912,2843.92
1643518800000,0.02913,0.02937,0.02906,0.02925,3748.54
1643522400000,0.02925,0.02948,0.02925,0.02948,1617.93
1643526000000,0.02946,0.02961,0.02927,0.02939,2239.62
1643529600000,0.02939,0.02946,0.02926,0.0294,1371.35
1643533200000,0.02939,0.02945,0.02926,0.02926,923.46
1643536800000,0.02926,0.02951,0.0292,0.02947,1205.75
1643540400000,0.02946,0.02964,0.02939,0.02964,1671.54
1643544000000,0.02964,0.02964,0.02928,0.02929,1224.98
1643547600000,0.02927,0.0295,0.02919,0.02919,1662.08
1643551200000,0.02922,0.02925,0.02893,0.02917,2726.14
1643554800000,0.02916,0.0295,0.02914,0.02941,1696.78
1643558400000,0.02939,0.02939,0.02898,0.02899,3526.13
1643562000000,0.029,0.02906,0.02882,0.02905,2514.92
1643565600000,0.02905,0.02905,0.02888,0.02892,1309.44
1643569200000,0.0289,0.02905,0.02868,0.02871,5401.52
1643572800000,0.02871,0.02878,0.02855,0.02877,2500.05
1643576400000,0.02877,0.02877,0.02858,0.02868,1468.71
1643580000000,0.02868,0.02871,0.02841,0.02851,2632.05
1643583600000,0.02856,0.02874,0.02853,0.02859,1790.84
1643587200000,0.02862,0.02866,0.0282,0.02851,4264.23
1643590800000,0.02853,0.02862,0.02842,0.02844,1708.31
1643594400000,0.02841,0.02841,0.02819,0.02826,2075.91
1643598000000,0.02825,0.02843,0.02822,0.02839,2410.7
1643601600000,0.02836,0.02836,0.028,0.02807,3510.38
1643605200000,0.02809,0.02818,0.02807,0.02807,980.39
1643608800000,0.02809,0.02812,0.02803,0.02803,861.21
1643612400000,0.02803,0.02815,0.02803,0.02809,1166.58
1643616000000,0.0281,0.0282,0.02808,0.02818,1370.13
1643619600000,0.02818,0.02847,0.02808,0.02845,1796.94
1643623200000,0.02842,0.02868,0.02832,0.02859,3597.11
1643626800000,0.02861,0.02893,0.02856,0.02881,3553.86
1643630400000,0.02881,0.02886,0.02869,0.02884,1856.18
1643634000000,0.02885,0.029,0.02871,0.02888,1971.0
1643637600000,0.02886,0.02976,0.02886,0.02976,4955.96
1643641200000,0.02977,0.03096,0.02967,0.0309,9184.37
1643644800000,0.03088,0.03122,0.03059,0.03064,11485.14
1643648400000,0.03068,0.03078,0.03056,0.03061,3446.58
1643652000000,0.0306,0.03066,0.03027,0.03039,5046.17
1643655600000,0.03044,0.03056,0.03025,0.0303,2605.88
1643659200000,0.03034,0.03049,0.03028,0.03047,1801.61
1643662800000,0.03047,0.031,0.03043,0.03095,3194.41
1643666400000,0.03095,0.0311,0.03091,0.03107,2364.94
1643670000000,0.03109,0.03151,0.03109,0.03145,5521.69
1643673600000,0.03145,0.03163,0.03103,0.03104,4364.88
1643677200000,0.03104,0.03122,0.03081,0.03103,3316.45
1643680800000,0.03099,0.03104,0.03049,0.03052,4437.16
1643684400000,0.03054,0.03059,0.03014,0.03021,5136.14
1643688000000,0.03021,0.03029,0.02999,0.03,2513.9
1643691600000,0.03,0.03005,0.02976,0.02976,2004.17
1643695200000,0.02975,0.03013,0.02975,0.02993,1928.14
1643698800000,0.02993,0.02993,0.02985,0.02988,979.18
1643702400000,0.02986,0.02993,0.02978,0.02988,1457.01
1643706000000,0.02984,0.03,0.02949,0.02963,6929.96
1643709600000,0.02963,0.02971,0.02946,0.02958,1831.48
1643713200000,0.02959,0.02978,0.0295,0.02965,3821.42
1643716800000,0.02965,0.02975,0.02958,0.02962,1247.32
1643720400000,0.02958,0.02982,0.02943,0.02964,4734.83
1643724000000,0.02964,0.02965,0.02936,0.02948,3773.74
1643727600000,0.02945,0.02946,0.02928,0.02938,2865.61
1643731200000,0.02938,0.02948,0.02927,0.02929,2869.24
1643734800000,0.02928,0.02928,0.02911,0.02923,2944.91
1643738400000,0.02923,0.02923,0.02904,0.02905,1130.93
1643742000000,0.02907,0.02912,0.02876,0.02885,3729.63
1643745600000,0.02887,0.02911,0.02887,0.02904,2327.35
1643749200000,0.02903,0.02904,0.02888,0.02899,2075.51
1643752800000,0.02899,0.02899,0.02881,0.02888,1698.66
1643756400000,0.02888,0.02892,0.0288,0.02892,1069.38
1643760000000,0.02891,0.02911,0.02891,0.029,4569.37
1643763600000,0.02901,0.02905,0.02888,0.0289,2565.74
1643767200000,0.02892,0.02916,0.02892,0.0291,2224.74
1643770800000,0.0291,0.02922,0.02901,0.02921,2040.59
1643774400000,0.02919,0.02924,0.02906,0.0292,1544.96
1643778000000,0.02919,0.02927,0.02895,0.02901,1908.57
1643781600000,0.02897,0.02902,0.02869,0.02888,6200.53
1643785200000,0.0289,0.02906,0.02889,0.02906,922.13
1643788800000,0.02906,0.02916,0.02904,0.02912,958.86
1643792400000,0.0291,0.02918,0.02909,0.02911,2320.24
1643796000000,0.02914,0.02915,0.02896,0.02902,2500.81
1643799600000,0.02903,0.02924,0.02897,0.02924,2501.29
1643803200000,0.02923,0.0295,0.02917,0.02929,3526.19
1643806800000,0.02932,0.0295,0.02923,0.02935,2459.74
1643810400000,0.02935,0.02941,0.02855,0.02886,7846.83
1643814000000,0.02884,0.02888,0.02859,0.02878,6160.88
1643817600000,0.02875,0.02904,0.02855,0.02884,4161.57
1643821200000,0.02885,0.02915,0.02885,0.02893,3685.05
1643824800000,0.02892,0.02904,0.02891,0.02901,1679.16
1643828400000,0.02901,0.02903,0.02895,0.029,781.78
1643832000000,0.02903,0.02908,0.02892,0.02901,2788.53
1643835600000,0.02899,0.02904,0.02833,0.02844,8666.81
1643839200000,0.02843,0.02856,0.02839,0.02849,1868.39
1643842800000,0.02853,0.02868,0.02849,0.02864,2576.27
1643846400000,0.02864,0.02865,0.02852,0.02855,2392.43
1643850000000,0.02857,0.02874,0.02836,0.02852,3803.44
1643853600000,0.02849,0.02864,0.02846,0.02853,2684.46
1643857200000,0.02853,0.02853,0.02825,0.02842,3239.31
1643860800000,0.0284,0.02848,0.02837,0.02843,2048.82
1643864400000,0.02844,0.02854,0.02844,0.0285,1733.59
1643868000000,0.02848,0.02848,0.02823,0.02825,1718.44
1643871600000,0.02825,0.02837,0.02824,0.02829,1566.73
1643875200000,0.02828,0.02837,0.02826,0.02837,1519.94
1643878800000,0.02837,0.02843,0.028,0.02812,5941.86
1643882400000,0.02813,0.02848,0.02809,0.0284,5289.2
1643886000000,0.02837,0.02848,0.02831,0.0284,1780.68
1643889600000,0.02837,0.02839,0.02806,0.02839,4524.49
1643893200000,0.02835,0.02842,0.02825,0.02841,1400.33
1643896800000,0.02844,0.02845,0.0283,0.02841,1296.4
1643900400000,0.02839,0.02844,0.02831,0.02842,1651.65
1643904000000,0.02843,0.02861,0.02827,0.02827,1992.67
1643907600000,0.0283,0.02848,0.02822,0.02848,1244.55
1643911200000,0.02848,0.02848,0.02828,0.02828,1196.53
1643914800000,0.02827,0.02827,0.02806,0.02806,2929.59
1643918400000,0.02806,0.02815,0.02748,0.02761,7962.71
1643922000000,0.02762,0.02792,0.02762,0.02792,4088.55
1643925600000,0.02788,0.02798,0.02785,0.02788,1317.61
1643929200000,0.02787,0.02805,0.02787,0.02794,1699.11
1643932800000,0.02793,0.02815,0.02792,0.02802,1673.24
1643936400000,0.02802,0.02802,0.02794,0.02795,7058.19
1643940000000,0.02796,0.02815,0.02795,0.02806,1781.13
1643943600000,0.02806,0.02806,0.028,0.02805,789.91
1643947200000,0.02806,0.02808,0.02794,0.02796,637.46
1643950800000,0.02798,0.02844,0.02797,0.02827,4642.42
1643954400000,0.02827,0.02842,0.02825,0.0283,2760.05
1643958000000,0.0283,0.02836,0.02821,0.02827,2083.06
1643961600000,0.02827,0.02838,0.02818,0.02824,1977.83
1643965200000,0.02824,0.02828,0.02816,0.02819,1873.08
1643968800000,0.02823,0.02827,0.02816,0.02816,1473.37
1643972400000,0.0282,0.0282,0.0281,0.0282,957.33
1643976000000,0.02816,0.02816,0.02804,0.02809,1127.65
1643979600000,0.02806,0.02807,0.02776,0.02783,4272.84
1643983200000,0.02783,0.02797,0.02776,0.02793,1984.29
1643986800000,0.02793,0.02891,0.02793,0.02875,15993.95
1643990400000,0.02878,0.02898,0.02828,0.02834,7436.81
1643994000000,0.02836,0.02837,0.02789,0.02791,4119.57
1643997600000,0.02792,0.02815,0.0279,0.02801,1734.61
1644001200000,0.02801,0.0282,0.02793,0.02796,5647.16
1644004800000,0.02797,0.02803,0.02789,0.02797,1323.11
1644008400000,0.02796,0.02796,0.02781,0.02788,1131.55
1644012000000,0.02788,0.02788,0.0276,0.02765,2273.34
1644015600000,0.02762,0.02803,0.02759,0.02798,4942.81
1644019200000,0.02797,0.0282,0.02783,0.0282,4257.49
1644022800000,0.02822,0.02852,0.02822,0.02844,2731.5
1644026400000,0.02846,0.02863,0.02842,0.02861,1565.94
1644030000000,0.02861,0.02868,0.02822,0.02822,3406.52
1644033600000,0.02823,0.02827,0.02744,0.02745,5463.97
1644037200000,0.02745,0.0276,0.02721,0.02721,7789.95
1644040800000,0.0272,0.02748,0.02717,0.0274,6315.59
1644044400000,0.02738,0.02738,0.02709,0.0271,6159.31
1644048000000,0.0271,0.02726,0.02708,0.02725,2964.9
1644051600000,0.02722,0.02733,0.02715,0.02723,2655.54
1644055200000,0.02721,0.02745,0.02721,0.02742,1341.77
1644058800000,0.02741,0.02845,0.02741,0.028,12114.87
1644062400000,0.02801,0.02807,0.02764,0.02778,4382.06
1644066000000,0.02778,0.02778,0.0276,0.02774,2203.58
1644069600000,0.02775,0.02804,0.0276,0.02793,3638.59
1644073200000,0.02788,0.02792,0.02769,0.02775,3360.38
1644076800000,0.02775,0.02778,0.02741,0.02754,6278.37
1644080400000,0.02755,0.02764,0.02725,0.02737,6004.23
1644084000000,0.02737,0.02741,0.0272,0.02732,1588.28
1644087600000,0.02733,0.02736,0.02719,0.02719,2330.19
1644091200000,0.0272,0.02729,0.0271,0.02726,2109.03
1644094800000,0.02729,0.02738,0.02729,0.02738,1807.59
1644098400000,0.02734,0.02743,0.02734,0.0274,746.17
1644102000000,0.02736,0.02736,0.02715,0.02719,1434.39
1644105600000,0.02718,0.02737,0.02718,0.02735,996.51
1644109200000,0.02738,0.02741,0.02714,0.02723,2626.85
1644112800000,0.02728,0.02739,0.02724,0.0273,1959.89
1644116400000,0.02733,0.02763,0.02733,0.02739,3750.95
1644120000000,0.0274,0.02755,0.02715,0.02744,4654.77
1644123600000,0.02744,0.02758,0.02739,0.02746,1917.82
1644127200000,0.02746,0.0275,0.02727,0.02728,1842.8
1644130800000,0.02726,0.02742,0.02725,0.02739,1098.84
1644134400000,0.02736,0.02745,0.02731,0.02745,1218.63
1644138000000,0.02744,0.02748,0.02736,0.02737,1448.15
1644141600000,0.02733,0.02737,0.02716,0.02716,1918.08
1644145200000,0.02715,0.02723,0.02715,0.02723,771.69
1644148800000,0.02722,0.02733,0.02719,0.0273,1412.43
1644152400000,0.0273,0.0274,0.02723,0.0273,1622.43
1644156000000,0.02727,0.02755,0.027,0.02718,8236.25
1644159600000,0.02719,0.02736,0.02704,0.02729,3772.58
1644163200000,0.02731,0.02745,0.02723,0.02731,2498.04
1644166800000,0.02732,0.02733,0.02717,0.02718,1426.45
1644170400000,0.02717,0.02721,0.02702,0.02706,1184.24
1644174000000,0.02708,0.02713,0.02703,0.02707,1707.68
1644177600000,0.02708,0.02736,0.02705,0.0273,2922.05
1644181200000,0.0273,0.02741,0.02727,0.0274,935.09
1644184800000,0.0274,0.02743,0.02735,0.02736,800.06
1644188400000,0.02734,0.02791,0.02731,0.02779,6596.86
1644192000000,0.02779,0.02791,0.02751,0.02757,5268.34
1644195600000,0.02758,0.02762,0.02746,0.02749,3321.98
1644199200000,0.02752,0.02765,0.02738,0.02738,3083.81
1644202800000,0.02737,0.02772,0.0273,0.02766,4280.43
1644206400000,0.0277,0.02784,0.02758,0.02768,5420.64
1644210000000,0.02768,0.02805,0.02764,0.02803,4139.87
1644213600000,0.02805,0.02815,0.02785,0.02792,8498.26
1644217200000,0.02794,0.02798,0.02776,0.02778,2650.69
1644220800000,0.02779,0.02784,0.0277,0.02778,1294.38
1644224400000,0.02777,0.02794,0.02752,0.02769,5373.62
1644228000000,0.02772,0.02779,0.02761,0.02766,2459.63
1644231600000,0.02768,0.02789,0.0276,0.02783,5380.15
1644235200000,0.02785,0.02785,0.0276,0.02761,2469.35
1644238800000,0.02764,0.02837,0.02761,0.02809,21231.73
1644242400000,0.0281,0.02819,0.02786,0.02789,9887.86
1644246000000,0.02788,0.0282,0.02784,0.02809,6480.23
1644249600000,0.0281,0.02823,0.02804,0.02818,5573.24
1644253200000,0.02816,0.02889,0.02814,0.02873,7715.9
1644256800000,0.02876,0.02877,0.0283,0.02847,5230.39
1644260400000,0.02847,0.02855,0.02825,0.02825,4006.38
1644264000000,0.02823,0.02857,0.02808,0.02847,6491.79
1644267600000,0.02845,0.02874,0.02834,0.02867,3934.15
1644271200000,0.02866,0.02871,0.02843,0.02844,2426.5
1644274800000,0.02842,0.02894,0.0284,0.02854,5728.29
1644278400000,0.02856,0.02861,0.02817,0.02849,5289.22
1644282000000,0.02848,0.02889,0.02836,0.02885,4827.2
1644285600000,0.02886,0.02891,0.02862,0.02891,3970.49
1644289200000,0.02891,0.02895,0.02856,0.02866,3326.31
1644292800000,0.02866,0.02947,0.02866,0.02934,9606.55
1644296400000,0.02935,0.02956,0.02901,0.02901,7485.5
1644300000000,0.029,0.02915,0.02848,0.0287,8660.73
1644303600000,0.02868,0.02868,0.02842,0.02852,2515.76
1644307200000,0.02853,0.02853,0.02799,0.02825,11945.79
1644310800000,0.02822,0.02827,0.02794,0.02819,6270.04
1644314400000,0.0282,0.02841,0.02816,0.02835,3713.16
1644318000000,0.02834,0.02848,0.02821,0.02821,4311.66
1644321600000,0.0282,0.02824,0.02802,0.02811,4735.54
1644325200000,0.02808,0.02822,0.02788,0.02821,2784.61
1644328800000,0.02822,0.02836,0.02803,0.02809,4193.71
1644332400000,0.02808,0.02808,0.02778,0.02802,5910.0
1644336000000,0.02803,0.02809,0.02773,0.02778,3354.19
1644339600000,0.02783,0.02788,0.02774,0.02784,3809.8
1644343200000,0.02787,0.02822,0.02787,0.02822,2326.62
1644346800000,0.02823,0.02849,0.02819,0.02842,2381.44
1644350400000,0.02841,0.02874,0.02835,0.02867,4759.88
1644354000000,0.02867,0.02887,0.0284,0.02887,3530.35
1644357600000,0.02885,0.02891,0.02865,0.02885,2958.55
1644361200000,0.02884,0.02932,0.02883,0.02926,4719.7
1644364800000,0.02929,0.02933,0.02891,0.02901,3187.01
1644368400000,0.02902,0.0291,0.02891,0.02896,2268.47
1644372000000,0.02893,0.02894,0.02857,0.02878,4304.37
1644375600000,0.02875,0.02875,0.02862,0.02867,2131.76
1644379200000,0.0287,0.02877,0.0286,0.02872,2025.23
1644382800000,0.02871,0.02895,0.02836,0.0289,3895.59
1644386400000,0.02885,0.0296,0.02879,0.02951,10158.61
1644390000000,0.02951,0.02957,0.02913,0.02921,5642.71
1644393600000,0.02921,0.02935,0.02917,0.02921,3939.62
1644397200000,0.02922,0.02964,0.02922,0.02959,6004.18
1644400800000,0.0296,0.02971,0.02944,0.02955,3720.77
1644404400000,0.02956,0.02964,0.02938,0.02951,3012.84
1644408000000,0.02954,0.02967,0.02937,0.0294,4136.53
1644411600000,0.02935,0.02986,0.02934,0.02958,7278.48
1644415200000,0.02959,0.02964,0.02947,0.0295,2803.85
1644418800000,0.0295,0.0295,0.0291,0.02915,3878.07
1644422400000,0.02914,0.02914,0.02895,0.02901,3030.76
1644426000000,0.02904,0.0291,0.02894,0.02902,2241.28
1644429600000,0.02904,0.02907,0.02896,0.02896,443.64
1644433200000,0.02901,0.02909,0.02897,0.02904,1965.67
1644436800000,0.02905,0.0291,0.02889,0.02896,2089.9
1644440400000,0.02898,0.02908,0.02894,0.02908,1982.61
1644444000000,0.0291,0.02933,0.02906,0.02915,3057.83
1644447600000,0.02913,0.02925,0.02912,0.02914,1009.0
1644451200000,0.02914,0.02916,0.02899,0.02904,1112.83
1644454800000,0.02903,0.02905,0.0289,0.02894,1546.91
1644458400000,0.02893,0.02901,0.02867,0.02875,3128.19
1644462000000,0.02877,0.02902,0.02866,0.02902,3065.9
1644465600000,0.02898,0.029,0.02885,0.02892,1539.89
1644469200000,0.02892,0.02892,0.02876,0.02876,2112.66
1644472800000,0.02878,0.02882,0.02871,0.02871,1167.41
1644476400000,0.0287,0.02874,0.0286,0.02869,1477.34
1644480000000,0.02866,0.02878,0.02859,0.02873,2920.95
1644483600000,0.02872,0.02877,0.02862,0.02871,2509.77
1644487200000,0.02872,0.02885,0.02865,0.02868,4329.61
1644490800000,0.0287,0.02877,0.02864,0.02865,2790.61
1644494400000,0.02867,0.0287,0.02848,0.0285,2929.36
1644498000000,0.02849,0.02849,0.02774,0.02797,18952.51
1644501600000,0.028,0.02802,0.02766,0.02778,12961.04
1644505200000,0.02781,0.02826,0.02774,0.02784,11516.58
1644508800000,0.02785,0.02795,0.02772,0.02779,2920.18
1644512400000,0.02776,0.02785,0.02768,0.02772,2729.32
1644516000000,0.0277,0.02778,0.02763,0.02766,1977.14
1644519600000,0.02764,0.02768,0.02745,0.02751,3818.18
1644523200000,0.02754,0.0277,0.02752,0.02756,1733.21
1644526800000,0.02755,0.02767,0.0275,0.02764,2521.2
1644530400000,0.02761,0.02784,0.02761,0.02782,2105.31
1644534000000,0.02783,0.02783,0.02749,0.02752,2392.07
1644537600000,0.0275,0.0276,0.02734,0.02743,4151.75
1644541200000,0.02742,0.02761,0.02741,0.02754,1876.97
1644544800000,0.02754,0.02755,0.02746,0.02753,1800.18
1644548400000,0.02751,0.02751,0.02726,0.02731,2187.2
1644552000000,0.02732,0.02752,0.02732,0.02752,1254.49
1644555600000,0.0275,0.0275,0.02728,0.02735,2386.03
1644559200000,0.02734,0.02749,0.02732,0.02744,826.49
1644562800000,0.02748,0.02757,0.02746,0.02757,2143.29
1644566400000,0.02753,0.02767,0.02751,0.02761,1994.47
1644570000000,0.02759,0.02775,0.02751,0.02773,3205.59
1644573600000,0.02774,0.02784,0.02765,0.02784,1542.32
1644577200000,0.02785,0.02788,0.02776,0.02776,1784.49
1644580800000,0.02777,0.02793,0.02776,0.02783,1318.32
1644584400000,0.02783,0.02796,0.0278,0.02793,1617.03
1644588000000,0.0279,0.0279,0.0277,0.0278,2302.95
1644591600000,0.02777,0.02778,0.0277,0.02776,955.44
1644595200000,0.02778,0.02781,0.0276,0.02776,2281.17
1644598800000,0.02773,0.02775,0.02761,0.02761,1358.54
1644602400000,0.0276,0.02768,0.027,0.02716,5904.58
1644606000000,0.02711,0.02733,0.02704,0.02709,3094.98
1644609600000,0.02713,0.02716,0.02688,0.02696,5076.05
1644613200000,0.02696,0.02699,0.02674,0.02681,2424.89
1644616800000,0.02683,0.02683,0.02642,0.02656,4299.08
1644620400000,0.02656,0.02665,0.02633,0.02662,4146.25
1644624000000,0.02665,0.0271,0.02665,0.02708,3448.21
1644627600000,0.02709,0.02715,0.0269,0.02695,2455.34
1644631200000,0.02691,0.02717,0.02688,0.02706,3664.32
1644634800000,0.02707,0.02719,0.02704,0.02707,1665.17
1644638400000,0.02705,0.02725,0.02705,0.02715,2119.44
1644642000000,0.02715,0.02716,0.02703,0.02709,1124.63
1644645600000,0.02709,0.02714,0.02666,0.02699,4300.95
1644649200000,0.027,0.02705,0.02688,0.02699,1419.0
1644652800000,0.02699,0.02706,0.02692,0.02699,1362.37
1644656400000,0.02694,0.02699,0.02681,0.02687,2238.25
1644660000000,0.02685,0.02685,0.02668,0.02672,2476.69
1644663600000,0.02672,0.02674,0.02656,0.0267,3081.56
1644667200000,0.02667,0.02668,0.02657,0.02667,1168.82
1644670800000,0.02667,0.02667,0.02646,0.02648,1700.55
1644674400000,0.02652,0.02654,0.02625,0.02644,2994.51
1644678000000,0.0264,0.02665,0.02635,0.02665,2885.07
1644681600000,0.02665,0.02683,0.02658,0.02674,2806.34
1644685200000,0.02673,0.02683,0.02667,0.02673,1173.85
1644688800000,0.02673,0.02682,0.02668,0.0268,1006.15
1644692400000,0.02681,0.02682,0.0267,0.02673,1756.04
1644696000000,0.02675,0.02675,0.02658,0.02658,1241.82
1644699600000,0.02658,0.02659,0.02623,0.02627,3933.79
1644703200000,0.02629,0.02643,0.02629,0.02638,1758.58
1644706800000,0.02641,0.02641,0.02628,0.02637,785.28
1644710400000,0.02633,0.02658,0.02625,0.02651,2151.9
1644714000000,0.02655,0.02656,0.02639,0.02639,1178.07
1644717600000,0.02642,0.02648,0.02636,0.02648,1091.47
1644721200000,0.02648,0.02648,0.02641,0.02641,609.76
1644724800000,0.0264,0.0264,0.02626,0.02634,1589.71
1644728400000,0.02637,0.02652,0.02634,0.02651,871.17
1644732000000,0.02649,0.02654,0.02647,0.02651,879.89
1644735600000,0.02652,0.02656,0.02651,0.02652,754.91
1644739200000,0.02651,0.02662,0.02651,0.02662,1197.08
1644742800000,0.02663,0.02665,0.02654,0.02658,1087.46
1644746400000,0.02653,0.0268,0.0265,0.02672,1658.9
1644750000000,0.02674,0.02674,0.0266,0.0266,1121.83
1644753600000,0.02659,0.02672,0.02656,0.02666,2601.96
1644757200000,0.02665,0.02665,0.02651,0.02656,1240.95
1644760800000,0.02653,0.02664,0.02641,0.02647,2103.28
1644764400000,0.0265,0.02653,0.0264,0.0264,1241.38
1644768000000,0.0264,0.02645,0.0263,0.02641,2246.04
1644771600000,0.02639,0.02647,0.02628,0.0263,2535.8
1644775200000,0.02632,0.02636,0.02595,0.02611,6502.29
1644778800000,0.02611,0.02612,0.02597,0.02607,1803.22
1644782400000,0.02608,0.02625,0.02602,0.02622,1880.4
1644786000000,0.02623,0.02627,0.02589,0.02596,3897.3
1644789600000,0.02598,0.02611,0.02595,0.02605,1037.05
1644793200000,0.02601,0.02605,0.02593,0.02599,1941.78
1644796800000,0.02601,0.02606,0.02592,0.02601,1686.12
1644800400000,0.02598,0.02603,0.02577,0.02595,3795.97
1644804000000,0.02594,0.02615,0.02593,0.02602,2589.12
1644807600000,0.02602,0.02613,0.02595,0.02609,1651.4
1644811200000,0.02608,0.02621,0.02607,0.02612,1707.84
1644814800000,0.02615,0.02624,0.0261,0.02614,1252.31
1644818400000,0.02613,0.02639,0.02613,0.02629,2263.28
1644822000000,0.02627,0.02631,0.0262,0.0263,1699.42
1644825600000,0.0263,0.02636,0.02614,0.02618,1464.98
1644829200000,0.02616,0.0262,0.02607,0.02611,1521.9
1644832800000,0.02611,0.02629,0.02605,0.02629,1983.58
1644836400000,0.02626,0.02626,0.02612,0.02617,1268.14
1644840000000,0.02613,0.02648,0.02601,0.02641,4107.46
1644843600000,0.02646,0.02652,0.02635,0.02643,1579.69
1644847200000,0.02643,0.02653,0.02642,0.02648,1587.87
1644850800000,0.02649,0.02652,0.02626,0.0263,2232.89
1644854400000,0.02629,0.02644,0.02629,0.0264,1169.99
1644858000000,0.02642,0.02648,0.02637,0.02647,1372.44
1644861600000,0.02648,0.02649,0.02635,0.02635,709.87
1644865200000,0.02633,0.02633,0.02589,0.02595,3822.86
1644868800000,0.02591,0.02597,0.02579,0.02597,2172.48
1644872400000,0.02598,0.02608,0.02594,0.02608,1642.26
1644876000000,0.02607,0.02637,0.02603,0.02634,2475.42
1644879600000,0.02635,0.02643,0.02631,0.02631,1098.12
1644883200000,0.02635,0.02673,0.02635,0.02646,4134.3
1644886800000,0.02643,0.02668,0.02628,0.02661,7680.74
1644890400000,0.0266,0.02673,0.02655,0.02656,2361.24
1644894000000,0.02655,0.02664,0.02642,0.02652,1869.32
1644897600000,0.02649,0.02653,0.02564,0.02568,7024.61
1644901200000,0.02568,0.02569,0.02549,0.0256,2541.58
1644904800000,0.02559,0.02574,0.02557,0.02561,2725.04
1644908400000,0.02563,0.0257,0.02551,0.02555,2197.34
1644912000000,0.02554,0.0257,0.02538,0.02545,6977.29
1644915600000,0.02544,0.02598,0.02497,0.02593,19537.88
1644919200000,0.02592,0.02595,0.02577,0.02589,3267.56
1644922800000,0.02592,0.02596,0.02571,0.02571,3813.65
1644926400000,0.02575,0.02588,0.0257,0.02578,3043.89
1644930000000,0.02581,0.02582,0.02563,0.02564,4005.77
1644933600000,0.02564,0.02576,0.02564,0.0257,2118.98
1644937200000,0.02569,0.0258,0.02555,0.02561,2586.14
1644940800000,0.02564,0.02584,0.02558,0.02569,3846.36
1644944400000,0.02571,0.02573,0.02553,0.02559,2679.06
1644948000000,0.02558,0.02583,0.02542,0.02552,6704.34
1644951600000,0.0255,0.0257,0.02545,0.0257,1689.91
1644955200000,0.0257,0.02593,0.02569,0.02588,3014.93
1644958800000,0.0259,0.02631,0.02589,0.02622,6557.83
1644962400000,0.02622,0.02656,0.0261,0.02626,5233.9
1644966000000,0.02627,0.02656,0.02623,0.02653,3713.76
1644969600000,0.02654,0.02671,0.02625,0.02637,5369.03
1644973200000,0.02636,0.0264,0.02603,0.02607,5503.85
1644976800000,0.02608,0.02611,0.02598,0.02607,2848.46
1644980400000,0.02608,0.02615,0.02593,0.02597,3807.37
1644984000000,0.02595,0.02604,0.02584,0.02602,3890.56
1644987600000,0.02602,0.02607,0.02596,0.02606,1620.05
1644991200000,0.02602,0.02608,0.02596,0.02597,1794.12
1644994800000,0.026,0.02609,0.02593,0.02607,1912.71
1644998400000,0.0261,0.02621,0.02607,0.02607,1534.1
1645002000000,0.0261,0.02613,0.02604,0.02608,1534.77
1645005600000,0.02607,0.02615,0.02598,0.02612,2151.05
1645009200000,0.02613,0.02627,0.02612,0.02619,2101.8
1645012800000,0.02618,0.02618,0.02601,0.02606,1725.1
1645016400000,0.02606,0.02606,0.02555,0.02561,4478.87
1645020000000,0.02559,0.02568,0.02546,0.02548,3371.99
1645023600000,0.02551,0.02558,0.02544,0.02558,1574.88
1645027200000,0.02556,0.02559,0.0255,0.02559,1327.02
1645030800000,0.02558,0.02558,0.02544,0.02551,1575.67
1645034400000,0.02549,0.02589,0.02547,0.02583,2037.71
1645038000000,0.02583,0.0264,0.02583,0.02636,5685.23
1645041600000,0.02637,0.02665,0.02637,0.02646,4787.47
1645045200000,0.02649,0.02657,0.02638,0.02645,2527.57
1645048800000,0.02643,0.02652,0.02635,0.02648,1941.1
1645052400000,0.02645,0.02658,0.02625,0.02627,2403.12
1645056000000,0.02626,0.02649,0.02626,0.02641,1403.62
1645059600000,0.02639,0.02639,0.0263,0.02632,1850.72
1645063200000,0.02631,0.02633,0.02617,0.02622,1271.39
1645066800000,0.02622,0.02623,0.02588,0.02588,5412.24
1645070400000,0.02586,0.02587,0.02567,0.02575,3818.41
1645074000000,0.02575,0.02587,0.02575,0.02583,443.76
1645077600000,0.02585,0.02611,0.02585,0.02611,1684.04
1645081200000,0.02608,0.02609,0.02591,0.02601,1571.94
1645084800000,0.02603,0.02614,0.0257,0.02583,4415.84
1645088400000,0.02584,0.02584,0.02568,0.02579,2665.91
1645092000000,0.0258,0.02587,0.02575,0.02578,1095.8
1645095600000,0.02572,0.02578,0.02566,0.0257,1360.2
1645099200000,0.02571,0.0258,0.02565,0.02567,1479.42
1645102800000,0.02565,0.02572,0.02547,0.02572,5271.1
1645106400000,0.02573,0.02602,0.02573,0.02602,2061.72
1645110000000,0.02599,0.02609,0.02598,0.02607,2282.03
1645113600000,0.02609,0.02619,0.02596,0.02596,2336.35
1645117200000,0.02599,0.02599,0.02568,0.02575,2641.99
1645120800000,0.02571,0.02571,0.0255,0.02553,3736.28
1645124400000,0.02559,0.02566,0.02549,0.02562,1654.8
1645128000000,0.02558,0.02578,0.02551,0.02574,2838.97
1645131600000,0.02575,0.02575,0.02557,0.02571,2978.13
1645135200000,0.0257,0.02591,0.0257,0.02591,1333.75
1645138800000,0.02587,0.02587,0.02571,0.02583,1384.71
1645142400000,0.02587,0.02601,0.0258,0.0259,5112.35
1645146000000,0.02589,0.02602,0.0258,0.02581,2207.0
1645149600000,0.02583,0.02584,0.02573,0.02575,744.82
1645153200000,0.02576,0.02585,0.02571,0.02571,1011.21
1645156800000,0.02572,0.0258,0.02568,0.0257,1044.79
1645160400000,0.02569,0.02578,0.02565,0.02575,2204.53
1645164000000,0.02575,0.02587,0.0257,0.02586,2055.14
1645167600000,0.02586,0.02589,0.02579,0.0258,1422.3
1645171200000,0.02581,0.02591,0.02581,0.02586,1763.23
1645174800000,0.0259,0.02608,0.0259,0.02605,2638.26
1645178400000,0.02605,0.02608,0.02594,0.026,2102.17
1645182000000,0.026,0.02607,0.02581,0.02605,3631.84
1645185600000,0.02606,0.02618,0.02602,0.02618,2662.8
1645189200000,0.02616,0.02616,0.02602,0.02603,1358.09
1645192800000,0.02602,0.0262,0.02573,0.02607,6295.73
1645196400000,0.02603,0.02613,0.02588,0.02596,6295.96
1645200000000,0.026,0.0262,0.02584,0.02587,3541.56
1645203600000,0.02584,0.02591,0.02574,0.02574,2113.22
1645207200000,0.02573,0.02578,0.02568,0.02578,1435.05
1645210800000,0.02579,0.02579,0.02562,0.02567,1920.45
1645214400000,0.02569,0.02569,0.02552,0.02557,2464.04
1645218000000,0.0256,0.02564,0.02549,0.0255,1135.05
1645221600000,0.02549,0.02555,0.0253,0.02531,2454.32
1645225200000,0.02534,0.02553,0.02534,0.02548,1724.67
1645228800000,0.02547,0.02558,0.02541,0.02549,1078.94
1645232400000,0.02547,0.02558,0.02542,0.02553,1787.14
1645236000000,0.02553,0.02559,0.0255,0.02557,962.88
1645239600000,0.02559,0.02565,0.02556,0.02565,1056.51
1645243200000,0.02564,0.02566,0.02551,0.0256,2285.73
1645246800000,0.02556,0.02559,0.02553,0.02559,491.23
1645250400000,0.02554,0.0256,0.02549,0.02559,786.95
1645254000000,0.0256,0.02565,0.0255,0.02558,702.4
1645257600000,0.02557,0.02562,0.02544,0.0255,2105.01
1645261200000,0.02549,0.02552,0.02543,0.02544,2340.52
1645264800000,0.02548,0.02551,0.02529,0.02539,4041.71
1645268400000,0.02539,0.02539,0.02496,0.02505,8443.04
1645272000000,0.02506,0.02507,0.02488,0.0249,5205.68
1645275600000,0.02493,0.02519,0.02482,0.02519,8900.73
1645279200000,0.02519,0.0252,0.02507,0.02516,2303.72
1645282800000,0.02516,0.02523,0.0251,0.02515,2277.72
1645286400000,0.02517,0.02525,0.02511,0.02514,2805.74
1645290000000,0.02515,0.02521,0.02511,0.02513,1410.71
1645293600000,0.02511,0.02512,0.02495,0.02495,2826.81
1645297200000,0.02494,0.02511,0.02494,0.02511,2073.25
1645300800000,0.02512,0.02513,0.02501,0.02501,1342.5
1645304400000,0.02502,0.02503,0.02492,0.02493,734.58
1645308000000,0.02494,0.02503,0.02485,0.02503,1416.69
1645311600000,0.025,0.02509,0.02499,0.02509,1025.65
1645315200000,0.02507,0.0251,0.02494,0.02499,4752.47
1645318800000,0.02497,0.02504,0.02493,0.02504,1930.51
1645322400000,0.02505,0.02517,0.025,0.02507,3119.45
1645326000000,0.02508,0.02512,0.02497,0.02508,2367.67
1645329600000,0.02509,0.02513,0.02492,0.02509,9805.39
1645333200000,0.02511,0.02519,0.02495,0.0251,3902.72
1645336800000,0.02509,0.02511,0.02458,0.02475,16784.07
1645340400000,0.02479,0.0249,0.02472,0.02473,4890.78
1645344000000,0.02472,0.02475,0.02456,0.02465,5870.3
1645347600000,0.02468,0.02473,0.02456,0.02468,2768.18
1645351200000,0.0247,0.02476,0.02463,0.02468,2212.33
1645354800000,0.0247,0.02471,0.02464,0.02467,1521.92
1645358400000,0.02465,0.02473,0.02461,0.02461,3206.31
1645362000000,0.02466,0.02468,0.0246,0.02468,1262.76
1645365600000,0.02468,0.02471,0.02448,0.0247,5476.64
1645369200000,0.02469,0.02477,0.02464,0.02473,1190.61
1645372800000,0.02473,0.02477,0.02447,0.02453,2087.5
1645376400000,0.02452,0.02464,0.02452,0.02459,1296.4
1645380000000,0.02462,0.02463,0.02456,0.02457,953.39
1645383600000,0.02457,0.02461,0.02454,0.02459,1197.33
1645387200000,0.02458,0.02458,0.02451,0.02455,905.98
1645390800000,0.02459,0.02461,0.02438,0.02449,2455.89
1645394400000,0.0245,0.0247,0.02448,0.0247,1426.24
1645398000000,0.02468,0.02473,0.02454,0.02455,2791.54
1645401600000,0.02457,0.02466,0.02449,0.02466,2450.73
1645405200000,0.02467,0.02482,0.02465,0.02468,2683.39
1645408800000,0.02472,0.02478,0.02464,0.02477,2131.45
1645412400000,0.02478,0.02482,0.02474,0.02476,957.63
1645416000000,0.02474,0.02489,0.02472,0.02489,1089.14
1645419600000,0.0249,0.02491,0.02478,0.02478,1020.99
1645423200000,0.02477,0.02477,0.02462,0.02462,1816.62
1645426800000,0.02461,0.02475,0.0246,0.02475,1864.11
1645430400000,0.02474,0.02491,0.02471,0.02491,2673.93
1645434000000,0.02492,0.02511,0.02483,0.02508,3123.43
1645437600000,0.02506,0.02506,0.02482,0.02504,5004.87
1645441200000,0.02502,0.02502,0.02471,0.02479,5526.87
1645444800000,0.02479,0.02483,0.02446,0.02462,6093.22
1645448400000,0.02459,0.02467,0.02448,0.02457,3747.57
1645452000000,0.0246,0.025,0.02458,0.02495,5889.82
1645455600000,0.02492,0.02499,0.02485,0.02489,5007.01
1645459200000,0.02488,0.02493,0.02484,0.0249,1865.51
1645462800000,0.0249,0.02491,0.02485,0.02487,1657.6
1645466400000,0.02485,0.02485,0.02454,0.02459,4327.26
1645470000000,0.02459,0.02466,0.02452,0.0246,2870.27
1645473600000,0.02461,0.02466,0.02454,0.02465,1690.21
1645477200000,0.02465,0.02472,0.02406,0.0241,7641.27
1645480800000,0.02411,0.02438,0.02406,0.02433,3825.36
1645484400000,0.02431,0.02437,0.02389,0.02391,8317.56
1645488000000,0.02391,0.02402,0.02376,0.02402,5309.88
1645491600000,0.024,0.02402,0.02386,0.02386,3217.47
1645495200000,0.02389,0.02394,0.02378,0.0238,4111.09
1645498800000,0.02381,0.02381,0.02334,0.02341,7976.03
1645502400000,0.02344,0.02366,0.0233,0.02362,9818.89
1645506000000,0.02361,0.02377,0.0236,0.02366,3325.49
1645509600000,0.02363,0.02381,0.02362,0.02377,2648.4
1645513200000,0.02374,0.02375,0.02358,0.02366,2608.4
1645516800000,0.02367,0.02375,0.02358,0.02373,2220.55
1645520400000,0.02375,0.02379,0.02357,0.02357,3574.59
1645524000000,0.02356,0.024,0.02353,0.02388,12255.81
1645527600000,0.02387,0.02392,0.02365,0.02365,7197.13
1645531200000,0.02364,0.02403,0.02359,0.02388,4559.45
1645534800000,0.02385,0.02389,0.02378,0.02387,2267.87
1645538400000,0.02386,0.02421,0.02385,0.02421,5394.36
1645542000000,0.02418,0.02424,0.02408,0.02409,3023.71
1645545600000,0.02408,0.02411,0.02393,0.02395,2566.93
1645549200000,0.02394,0.02396,0.02384,0.02396,1408.16
1645552800000,0.02392,0.02392,0.02376,0.02378,1878.78
1645556400000,0.02375,0.02376,0.0236,0.02369,3263.48
1645560000000,0.02372,0.02392,0.02369,0.02369,2669.72
1645563600000,0.02372,0.02373,0.02352,0.02352,2713.4
1645567200000,0.02352,0.02362,0.02348,0.0236,1612.79
1645570800000,0.02361,0.02384,0.02361,0.02366,6438.76
1645574400000,0.02369,0.02373,0.02359,0.02359,3387.17
1645578000000,0.02358,0.02361,0.02347,0.02349,1640.52
1645581600000,0.02349,0.02356,0.0234,0.02342,3689.9
1645585200000,0.02344,0.02372,0.02343,0.0236,2951.62
1645588800000,0.02362,0.02374,0.02359,0.02372,2106.58
1645592400000,0.02373,0.02379,0.02362,0.02369,4709.1
1645596000000,0.0237,0.02382,0.0237,0.0237,2711.03
1645599600000,0.02372,0.0241,0.02372,0.02396,5833.1
1645603200000,0.02398,0.02414,0.02396,0.02404,3875.05
1645606800000,0.02402,0.02417,0.02399,0.02412,3418.08
1645610400000,0.02412,0.0244,0.02412,0.02437,3947.41
1645614000000,0.02438,0.02438,0.02425,0.02431,1903.42
1645617600000,0.02432,0.02453,0.02432,0.02453,4072.93
1645621200000,0.02453,0.02465,0.02434,0.02439,6861.12
1645624800000,0.02438,0.0244,0.02421,0.02426,3311.43
1645628400000,0.02426,0.02433,0.02415,0.02418,3470.82
1645632000000,0.02415,0.02436,0.02411,0.02431,2995.96
1645635600000,0.02435,0.02444,0.02406,0.02406,3476.22
1645639200000,0.02411,0.02451,0.02411,0.02437,3806.9
1645642800000,0.02437,0.02446,0.02425,0.02431,2290.06
1645646400000,0.0243,0.02452,0.02423,0.02451,2914.14
1645650000000,0.02448,0.0246,0.0243,0.02432,2804.78
1645653600000,0.0243,0.02437,0.02409,0.02437,2019.17
1645657200000,0.02435,0.02435,0.02389,0.02389,4679.48
1645660800000,0.02388,0.0239,0.02359,0.0236,3449.45
1645664400000,0.02358,0.02362,0.02346,0.02357,2678.5
1645668000000,0.02359,0.02359,0.02309,0.02314,7415.87
1645671600000,0.02316,0.02352,0.02308,0.02324,22670.8
1645675200000,0.02323,0.02337,0.02312,0.02321,10181.07
1645678800000,0.02319,0.02339,0.02277,0.02296,12674.23
1645682400000,0.02297,0.02342,0.02295,0.0233,8349.98
1645686000000,0.02334,0.02341,0.02321,0.02323,7404.55
1645689600000,0.02323,0.02332,0.02309,0.0232,8780.53
1645693200000,0.02322,0.02326,0.02308,0.02308,3032.49
1645696800000,0.02306,0.02331,0.02303,0.02326,4473.94
1645700400000,0.02329,0.02331,0.02307,0.0233,4316.22
1645704000000,0.0233,0.02338,0.02321,0.02327,4117.95
1645707600000,0.0233,0.02351,0.02325,0.02344,13989.16
1645711200000,0.02346,0.02437,0.02332,0.02414,24960.54
1645714800000,0.02412,0.02413,0.02395,0.02401,6631.43
1645718400000,0.02405,0.02411,0.02397,0.02411,3466.54
1645722000000,0.02408,0.02414,0.024,0.02408,3044.32
1645725600000,0.02407,0.02435,0.02404,0.02419,3504.22
1645729200000,0.02418,0.02429,0.02406,0.02428,4881.41
1645732800000,0.0243,0.02447,0.02418,0.02445,9937.65
1645736400000,0.02445,0.02445,0.02423,0.02433,2957.79
1645740000000,0.02437,0.02447,0.02427,0.02427,1634.51
1645743600000,0.02431,0.02451,0.0243,0.02441,2573.37
1645747200000,0.02441,0.02446,0.02425,0.02425,2485.75
1645750800000,0.02424,0.02462,0.02423,0.0244,2954.07
1645754400000,0.02442,0.02459,0.02437,0.02449,2635.97
1645758000000,0.0245,0.0245,0.02432,0.02434,1783.46
1645761600000,0.02434,0.02435,0.02427,0.02428,645.39
1645765200000,0.02427,0.02451,0.02403,0.02403,6077.7
1645768800000,0.02405,0.02419,0.024,0.02403,2725.02
1645772400000,0.02403,0.02405,0.02383,0.02384,2316.37
1645776000000,0.02383,0.02383,0.02368,0.02372,3387.01
1645779600000,0.02371,0.02395,0.02363,0.02392,4064.88
1645783200000,0.02393,0.02397,0.02386,0.02391,1782.62
1645786800000,0.02391,0.02405,0.02386,0.02403,2489.52
1645790400000,0.02405,0.02457,0.02403,0.02444,6518.85
1645794000000,0.02445,0.02503,0.02445,0.02454,11282.08
1645797600000,0.02454,0.02467,0.02439,0.02442,6607.77
1645801200000,0.02443,0.02468,0.02438,0.02466,3422.42
1645804800000,0.02468,0.02469,0.02445,0.02464,3086.61
1645808400000,0.02464,0.0247,0.02445,0.02447,2990.61
1645812000000,0.02447,0.02468,0.02438,0.02463,3102.17
1645815600000,0.02462,0.02483,0.02455,0.02476,4124.45
1645819200000,0.0248,0.02494,0.02475,0.02486,4040.04
1645822800000,0.02486,0.02494,0.02482,0.0249,1482.1
1645826400000,0.02492,0.02511,0.02489,0.02507,2251.95
1645830000000,0.02507,0.02508,0.02459,0.02467,5125.43
1645833600000,0.02464,0.02498,0.02463,0.02474,7314.1
1645837200000,0.02473,0.02478,0.02457,0.02458,3076.65
1645840800000,0.02457,0.0246,0.02449,0.02456,2706.6
1645844400000,0.02456,0.02456,0.02442,0.0245,1975.17
1645848000000,0.0245,0.02461,0.02445,0.0246,1706.68
1645851600000,0.02457,0.02457,0.02419,0.0243,3994.55
1645855200000,0.02432,0.0244,0.02431,0.02434,2003.05
1645858800000,0.02437,0.02449,0.0243,0.02446,2034.47
1645862400000,0.02449,0.02457,0.02421,0.02429,4249.16
1645866000000,0.02427,0.02433,0.02414,0.02428,3084.28
1645869600000,0.02429,0.02439,0.02429,0.02439,1484.87
1645873200000,0.02436,0.0244,0.02416,0.02423,2676.19
1645876800000,0.02425,0.02439,0.02422,0.02433,2821.79
1645880400000,0.02434,0.02437,0.02421,0.02436,2388.67
1645884000000,0.02436,0.02443,0.02427,0.02442,1404.52
1645887600000,0.02442,0.02451,0.02433,0.02433,1229.65
1645891200000,0.02437,0.02446,0.02433,0.0244,1869.86
1645894800000,0.02439,0.02445,0.02436,0.02441,1113.34
1645898400000,0.02438,0.02438,0.02414,0.02428,2783.11
1645902000000,0.02432,0.02458,0.02432,0.02436,2526.34
1645905600000,0.02438,0.02445,0.02429,0.02444,1078.12
1645909200000,0.02441,0.02454,0.02438,0.02444,2423.31
1645912800000,0.02443,0.02445,0.02426,0.0243,1370.4
1645916400000,0.02432,0.02432,0.0241,0.02422,3528.66
1645920000000,0.02426,0.0243,0.02386,0.02387,4922.22
1645923600000,0.0239,0.0241,0.02381,0.02381,5237.94
1645927200000,0.02382,0.02415,0.02382,0.02414,2954.99
1645930800000,0.02411,0.0242,0.02405,0.02411,3462.45
1645934400000,0.02409,0.02421,0.02406,0.02415,1870.64
1645938000000,0.02414,0.02424,0.02409,0.02416,1301.99
1645941600000,0.02414,0.02416,0.02406,0.02412,2812.86
1645945200000,0.02414,0.02415,0.02395,0.02398,1414.25
1645948800000,0.02395,0.02395,0.02379,0.02391,2910.67
1645952400000,0.0239,0.02411,0.02388,0.02406,2864.44
1645956000000,0.0241,0.02428,0.02408,0.02428,2145.77
1645959600000,0.02429,0.02514,0.02429,0.02509,8990.94
1645963200000,0.02512,0.02515,0.02487,0.0251,5825.44
1645966800000,0.02512,0.02513,0.0247,0.02512,8296.9
1645970400000,0.02513,0.02677,0.02501,0.02645,35118.76
1645974000000,0.02646,0.02685,0.02626,0.02679,16971.26
1645977600000,0.02682,0.02724,0.02656,0.02705,19983.41
1645981200000,0.02703,0.02724,0.02688,0.0271,10429.41
1645984800000,0.02708,0.02719,0.02683,0.02719,6181.39
1645988400000,0.02715,0.02731,0.02681,0.02686,7591.42
1645992000000,0.02685,0.02718,0.02669,0.02688,23472.21
1645995600000,0.02688,0.02718,0.02679,0.02703,8199.86
1645999200000,0.02706,0.02716,0.02688,0.027,3232.07
1646002800000,0.02696,0.02725,0.02657,0.02714,7419.97
1646006400000,0.0271,0.0272,0.02688,0.02694,9925.1
1646010000000,0.02694,0.02809,0.02694,0.02771,18287.64
1646013600000,0.02767,0.02793,0.0268,0.02707,16958.79
1646017200000,0.02707,0.02713,0.02671,0.02674,10668.52
1646020800000,0.02678,0.02703,0.0262,0.02638,16729.24
1646024400000,0.02636,0.02649,0.02628,0.02646,5702.33
1646028000000,0.0265,0.02653,0.02612,0.02629,11214.48
1646031600000,0.02627,0.02671,0.02626,0.02637,6894.79
1646035200000,0.02638,0.02682,0.02635,0.02671,6831.05
1646038800000,0.02667,0.02681,0.02654,0.0266,4612.99
1646042400000,0.02664,0.02671,0.02649,0.02662,3570.5
1646046000000,0.02665,0.02674,0.02646,0.02664,4791.16
1646049600000,0.0266,0.02681,0.02652,0.0267,3706.68
1646053200000,0.02666,0.02666,0.02617,0.02623,6679.66
1646056800000,0.02619,0.02689,0.02612,0.02685,12107.61
1646060400000,0.02685,0.02699,0.02662,0.02669,7653.44
1646064000000,0.02673,0.02674,0.02653,0.02666,3909.64
1646067600000,0.02662,0.02662,0.02632,0.02642,2323.32
1646071200000,0.02642,0.02652,0.02639,0.02639,2198.86
1646074800000,0.02638,0.02638,0.02621,0.02621,1875.15
1646078400000,0.02623,0.02629,0.0262,0.02624,2136.21
1646082000000,0.02625,0.02638,0.02624,0.02628,1980.06
1646085600000,0.02631,0.02658,0.02631,0.02635,4486.64
1646089200000,0.02634,0.02664,0.02633,0.02664,3165.97
1646092800000,0.0266,0.02704,0.02656,0.02697,7922.72
1646096400000,0.02694,0.02696,0.02673,0.02683,3331.5
1646100000000,0.02684,0.02686,0.02665,0.02671,3747.32
1646103600000,0.02667,0.02668,0.02634,0.02649,4800.23
1646107200000,0.02646,0.02649,0.02633,0.02633,6636.7
1646110800000,0.02633,0.02636,0.02614,0.02614,2960.17
1646114400000,0.02613,0.02613,0.02544,0.02546,5987.23
1646118000000,0.02543,0.02543,0.02502,0.02512,5898.77
1646121600000,0.02513,0.02518,0.02478,0.02484,7177.51
1646125200000,0.02482,0.02534,0.02455,0.02515,17817.45
1646128800000,0.02513,0.02516,0.02491,0.02516,5906.49
1646132400000,0.02514,0.02605,0.02512,0.026,7896.42
1646136000000,0.02604,0.0261,0.02565,0.02567,5169.46
1646139600000,0.02567,0.02629,0.02564,0.02611,7729.28
1646143200000,0.0261,0.02614,0.02554,0.02562,8357.72
1646146800000,0.02561,0.02561,0.02535,0.02545,5785.84
1646150400000,0.02546,0.02549,0.02518,0.02523,4947.95
1646154000000,0.02524,0.02544,0.02519,0.02531,3665.29
1646157600000,0.02531,0.02535,0.02506,0.02515,3083.07
1646161200000,0.02514,0.02559,0.02507,0.02543,5817.5
1646164800000,0.02547,0.02551,0.02531,0.02537,1972.38
1646168400000,0.02538,0.02545,0.02533,0.02535,2534.93
1646172000000,0.02534,0.02534,0.0252,0.02524,1248.81
1646175600000,0.02525,0.02537,0.02514,0.02531,1934.79
1646179200000,0.02534,0.02535,0.02483,0.02491,3275.09
1646182800000,0.02495,0.02501,0.0248,0.02494,2967.69
1646186400000,0.0249,0.02497,0.02481,0.02497,2018.32
1646190000000,0.02497,0.02535,0.02495,0.0253,3141.75
1646193600000,0.02531,0.02545,0.02518,0.02518,3413.58
1646197200000,0.02517,0.02525,0.02512,0.02513,2872.6
1646200800000,0.02511,0.02511,0.02483,0.02483,2545.78
1646204400000,0.02482,0.02492,0.02471,0.02492,3907.77
1646208000000,0.02492,0.02502,0.02478,0.02487,3664.88
1646211600000,0.02486,0.0252,0.02481,0.02514,4024.93
1646215200000,0.02512,0.02521,0.02508,0.02514,3312.95
1646218800000,0.02514,0.02526,0.02508,0.02521,2118.63
1646222400000,0.0252,0.02548,0.0252,0.02535,4716.63
1646226000000,0.02535,0.02538,0.02503,0.02528,4842.82
1646229600000,0.02523,0.02534,0.02497,0.02514,5476.5
1646233200000,0.02515,0.02521,0.0247,0.0247,5820.4
1646236800000,0.02471,0.02477,0.02466,0.02467,2079.98
1646240400000,0.02466,0.02474,0.02446,0.02451,2830.52
1646244000000,0.02451,0.02468,0.02451,0.02466,2307.14
1646247600000,0.02465,0.02469,0.0246,0.02463,1043.38
1646251200000,0.02462,0.02464,0.02455,0.02455,1115.34
1646254800000,0.02457,0.02464,0.02447,0.02462,857.51
1646258400000,0.02466,0.02475,0.02464,0.02469,1296.31
1646262000000,0.02465,0.02471,0.02447,0.02454,2909.97
1646265600000,0.02452,0.02464,0.02449,0.0246,1163.64
1646269200000,0.02459,0.02471,0.02444,0.02453,2129.74
1646272800000,0.02452,0.02452,0.02424,0.0243,2987.91
1646276400000,0.02428,0.02429,0.02411,0.02422,4055.33
1646280000000,0.02422,0.0243,0.02421,0.02426,1960.43
1646283600000,0.0243,0.02437,0.02428,0.02435,2040.66
1646287200000,0.02434,0.02443,0.02419,0.02443,1663.55
1646290800000,0.02443,0.02447,0.02438,0.02438,1299.93
1646294400000,0.02435,0.02447,0.02432,0.02437,1320.43
1646298000000,0.0244,0.02453,0.02435,0.02448,1164.92
1646301600000,0.02448,0.02451,0.02437,0.0245,1577.45
1646305200000,0.02452,0.02466,0.02452,0.02456,1811.23
1646308800000,0.02456,0.0246,0.02439,0.0244,1703.74
1646312400000,0.02439,0.02441,0.02433,0.02439,1593.88
1646316000000,0.0244,0.02445,0.02414,0.02429,2979.11
1646319600000,0.02427,0.02428,0.02389,0.02418,8647.18
1646323200000,0.02416,0.0242,0.02398,0.024,3105.91
1646326800000,0.02402,0.02405,0.02377,0.02378,2687.88
1646330400000,0.02376,0.02382,0.02369,0.02372,1458.65
1646334000000,0.02373,0.02381,0.02366,0.02367,1448.46
1646337600000,0.02369,0.02377,0.02369,0.02377,1208.27
1646341200000,0.02374,0.02374,0.02369,0.02371,1353.02
1646344800000,0.02373,0.02387,0.02373,0.0238,597.91
1646348400000,0.02378,0.02383,0.02369,0.0237,1495.43
1646352000000,0.02369,0.02373,0.02342,0.02352,4556.53
1646355600000,0.02355,0.02356,0.0233,0.02341,5279.08
1646359200000,0.02341,0.02343,0.02332,0.02332,1676.23
1646362800000,0.02331,0.02333,0.0232,0.02328,2756.74
1646366400000,0.02323,0.02329,0.02318,0.02323,1334.91
1646370000000,0.02323,0.02333,0.02323,0.02327,1927.88
1646373600000,0.0233,0.02339,0.0233,0.02337,1091.94
1646377200000,0.02337,0.02341,0.02334,0.02341,596.06
1646380800000,0.02339,0.02344,0.02328,0.02342,2443.94
1646384400000,0.02338,0.0234,0.02329,0.02336,1597.75
1646388000000,0.02337,0.02351,0.02337,0.02351,1699.86
1646391600000,0.02349,0.02358,0.02348,0.02356,847.08
1646395200000,0.02357,0.02358,0.02345,0.02348,2296.09
1646398800000,0.02345,0.02357,0.02344,0.02351,1983.01
1646402400000,0.02352,0.02363,0.02338,0.02361,4684.78
1646406000000,0.02361,0.02364,0.02346,0.02349,4288.24
1646409600000,0.02349,0.02356,0.02336,0.02348,2713.16
1646413200000,0.02347,0.02358,0.02338,0.02341,1616.34
1646416800000,0.02341,0.02346,0.02334,0.02334,1452.54
1646420400000,0.02334,0.02334,0.02318,0.02318,2672.08
1646424000000,0.02319,0.02341,0.02319,0.0234,2199.75
1646427600000,0.02342,0.02352,0.02335,0.02335,3185.01
1646431200000,0.02339,0.02354,0.02323,0.02354,2853.02
1646434800000,0.0235,0.02361,0.02347,0.02351,1867.34
1646438400000,0.02352,0.024,0.02348,0.0236,6409.59
1646442000000,0.02364,0.02378,0.02353,0.02378,3395.35
1646445600000,0.02379,0.0238,0.02367,0.02369,974.13
1646449200000,0.02369,0.02376,0.02365,0.02371,1797.76
1646452800000,0.02371,0.02384,0.02364,0.02377,2637.23
1646456400000,0.02375,0.0239,0.02374,0.0239,1462.57
1646460000000,0.02391,0.02396,0.02377,0.02377,2254.71
1646463600000,0.02377,0.02378,0.0237,0.0237,1671.91
1646467200000,0.0237,0.02382,0.02367,0.02376,3047.74
1646470800000,0.02377,0.0238,0.0237,0.02374,1766.08
1646474400000,0.02373,0.02374,0.02364,0.02374,1464.99
1646478000000,0.02376,0.02381,0.02366,0.02366,1884.87
1646481600000,0.02366,0.02384,0.02357,0.02362,3699.39
1646485200000,0.02362,0.02362,0.02344,0.02349,3119.58
1646488800000,0.02348,0.02364,0.02342,0.02364,2178.56
1646492400000,0.02365,0.0237,0.0236,0.02365,841.49
1646496000000,0.02363,0.02396,0.0235,0.02386,5643.72
1646499600000,0.02386,0.02386,0.02376,0.02379,1303.72
1646503200000,0.02376,0.02376,0.02368,0.02372,537.75
1646506800000,0.02371,0.02372,0.02364,0.02365,496.45
1646510400000,0.02362,0.02368,0.02342,0.02343,2983.25
1646514000000,0.02343,0.02346,0.02337,0.02337,1557.02
1646517600000,0.02336,0.02346,0.02335,0.02346,326.64
1646521200000,0.02347,0.02347,0.02337,0.02345,962.98
1646524800000,0.02341,0.02343,0.02337,0.02343,541.59
1646528400000,0.02339,0.02339,0.02333,0.02333,393.47
1646532000000,0.02332,0.02332,0.02322,0.02322,2174.6
1646535600000,0.02322,0.02322,0.02301,0.02303,3762.26
1646539200000,0.02303,0.02303,0.0228,0.02289,5331.94
1646542800000,0.02288,0.0229,0.02267,0.02272,4317.72
1646546400000,0.02273,0.02279,0.02272,0.02273,2181.12
1646550000000,0.02275,0.02289,0.02275,0.02288,852.13
1646553600000,0.02287,0.02288,0.02281,0.02288,2297.95
1646557200000,0.02285,0.02296,0.02271,0.02279,3727.08
1646560800000,0.02275,0.02285,0.02272,0.0228,3063.57
1646564400000,0.02278,0.02279,0.02266,0.02278,2371.65
1646568000000,0.0228,0.02289,0.02278,0.02286,958.89
1646571600000,0.02285,0.02303,0.02284,0.02298,1626.69
1646575200000,0.02295,0.02295,0.02279,0.02282,1933.64
1646578800000,0.02282,0.02284,0.02268,0.02272,2249.6
1646582400000,0.02271,0.02276,0.02266,0.02272,1370.16
1646586000000,0.02268,0.02279,0.02261,0.02279,3634.93
1646589600000,0.02279,0.02292,0.02279,0.02284,2020.7
1646593200000,0.02287,0.02292,0.02285,0.0229,686.94
1646596800000,0.02292,0.02301,0.02285,0.02299,1355.89
1646600400000,0.02298,0.0231,0.02278,0.0231,3761.42
1646604000000,0.0231,0.02313,0.02291,0.02291,2719.06
1646607600000,0.0229,0.02291,0.02258,0.02261,4755.52
1646611200000,0.02259,0.02263,0.02239,0.02248,4332.14
1646614800000,0.02249,0.02249,0.02234,0.02238,2515.94
1646618400000,0.02239,0.02257,0.02232,0.02245,3896.97
1646622000000,0.02247,0.02258,0.02231,0.02234,4992.6
1646625600000,0.02234,0.02241,0.02231,0.02235,1487.39
1646629200000,0.02232,0.02232,0.0222,0.0222,3051.94
1646632800000,0.02222,0.02229,0.02218,0.02225,1160.2
1646636400000,0.02225,0.02226,0.02209,0.02215,2117.51
1646640000000,0.02215,0.02218,0.02204,0.02209,3922.76
1646643600000,0.02208,0.02214,0.02205,0.02211,1100.91
1646647200000,0.0221,0.02218,0.02201,0.02212,2833.04
1646650800000,0.0221,0.02215,0.02207,0.02215,787.1
1646654400000,0.02216,0.02238,0.02216,0.02236,2980.74
1646658000000,0.02235,0.02264,0.02234,0.02261,4878.42
1646661600000,0.02264,0.02283,0.02259,0.02272,4967.29
1646665200000,0.02271,0.02297,0.02271,0.02285,4710.42
1646668800000,0.02285,0.0229,0.02279,0.02284,4196.11
1646672400000,0.02283,0.02287,0.02277,0.02278,2610.04
1646676000000,0.02276,0.02276,0.02249,0.02258,6433.98
1646679600000,0.02261,0.02268,0.02238,0.02241,6208.63
1646683200000,0.0224,0.0224,0.02163,0.02166,7314.28
1646686800000,0.02164,0.02169,0.02142,0.02165,6346.57
1646690400000,0.02166,0.02193,0.0216,0.02182,2998.08
1646694000000,0.02185,0.02199,0.0218,0.02182,2139.38
1646697600000,0.02181,0.02216,0.02173,0.02216,3267.38
1646701200000,0.02216,0.02233,0.02216,0.02225,3047.8
1646704800000,0.02224,0.02238,0.02224,0.02234,1817.99
1646708400000,0.02234,0.02238,0.02231,0.02235,1466.09
1646712000000,0.02236,0.02248,0.02236,0.02236,1720.74
1646715600000,0.02236,0.02236,0.02222,0.02224,1413.9
1646719200000,0.02224,0.02227,0.02211,0.02217,4628.45
1646722800000,0.02217,0.02226,0.02209,0.02218,2331.0
1646726400000,0.02217,0.02243,0.02214,0.02234,5897.25
1646730000000,0.02235,0.02239,0.02223,0.02224,1976.33
1646733600000,0.02224,0.0223,0.02215,0.02221,3432.39
1646737200000,0.02218,0.02226,0.02214,0.02219,1772.24
1646740800000,0.02218,0.02235,0.02211,0.02234,5558.99
1646744400000,0.02236,0.02257,0.02227,0.02257,3237.28
1646748000000,0.02258,0.02275,0.02258,0.02266,3836.51
1646751600000,0.02265,0.02269,0.02254,0.02258,3299.98
1646755200000,0.02257,0.02266,0.0224,0.02258,4426.26
1646758800000,0.02262,0.02292,0.02262,0.02282,3268.01
1646762400000,0.02283,0.0229,0.02259,0.02259,2983.71
1646766000000,0.02257,0.02279,0.0225,0.02273,2878.97
1646769600000,0.02276,0.02291,0.02267,0.02291,1795.79
1646773200000,0.02291,0.023,0.02279,0.02297,3197.82
1646776800000,0.02298,0.02319,0.02298,0.02306,4614.3
1646780400000,0.02305,0.02321,0.02304,0.02312,1987.18
1646784000000,0.0231,0.02342,0.02293,0.02342,6763.81
1646787600000,0.02343,0.02391,0.02343,0.02381,4919.3
1646791200000,0.02381,0.02381,0.02358,0.02358,3456.63
1646794800000,0.02357,0.02385,0.02347,0.02356,6821.8
1646798400000,0.02355,0.02371,0.02331,0.0237,6153.12
1646802000000,0.02369,0.02369,0.02347,0.02357,2214.72
1646805600000,0.02355,0.02365,0.0235,0.02358,3315.13
1646809200000,0.02357,0.02367,0.0235,0.02353,1801.04
1646812800000,0.02353,0.02362,0.02347,0.02351,3787.8
1646816400000,0.0235,0.0235,0.02319,0.02334,4005.56
1646820000000,0.02329,0.02333,0.02316,0.0232,2843.52
1646823600000,0.02315,0.02329,0.02301,0.02303,4320.39
1646827200000,0.02303,0.02329,0.02303,0.02327,4471.54
1646830800000,0.02325,0.02325,0.02308,0.02314,2251.59
1646834400000,0.02314,0.0235,0.02312,0.02333,4992.16
1646838000000,0.02335,0.02349,0.02335,0.02349,1467.89
1646841600000,0.02348,0.02386,0.02336,0.02359,5648.17
1646845200000,0.02356,0.0236,0.02345,0.02346,1710.33
1646848800000,0.02346,0.02346,0.02313,0.02321,2979.42
1646852400000,0.02318,0.02332,0.02306,0.02327,2801.51
1646856000000,0.02324,0.02331,0.0232,0.02325,2423.42
1646859600000,0.02323,0.0233,0.02317,0.0233,1934.61
1646863200000,0.02328,0.02335,0.02325,0.02325,1358.13
1646866800000,0.02325,0.02342,0.02318,0.02341,2175.95
1646870400000,0.02343,0.02358,0.02329,0.02329,2522.65
1646874000000,0.0233,0.02339,0.02317,0.02324,6124.59
1646877600000,0.02323,0.02336,0.02314,0.02326,3001.73
1646881200000,0.02323,0.02332,0.02319,0.02328,1958.69
1646884800000,0.02327,0.02351,0.02322,0.02343,7561.46
1646888400000,0.02341,0.02341,0.02282,0.02292,7230.5
1646892000000,0.02295,0.02295,0.02273,0.02295,3808.14
1646895600000,0.02296,0.02308,0.02285,0.02305,3557.49
1646899200000,0.02305,0.0231,0.02286,0.02304,4780.62
1646902800000,0.02304,0.02322,0.02301,0.02309,2300.37
1646906400000,0.02309,0.02311,0.02296,0.02296,1553.14
1646910000000,0.02297,0.02321,0.02297,0.02318,2435.21
1646913600000,0.0232,0.02348,0.0232,0.02344,3333.65
1646917200000,0.02344,0.02372,0.02319,0.02346,8436.05
1646920800000,0.02343,0.02371,0.02338,0.02368,4440.03
1646924400000,0.02368,0.0238,0.02361,0.0238,3642.91
1646928000000,0.02377,0.02393,0.02345,0.02361,3524.65
1646931600000,0.02357,0.02366,0.02344,0.02344,3512.52
1646935200000,0.02345,0.02349,0.02341,0.02346,1732.65
1646938800000,0.02344,0.02344,0.02333,0.02338,2597.6
1646942400000,0.0234,0.02343,0.02334,0.02337,1016.72
1646946000000,0.02338,0.02339,0.02336,0.02339,291.36
1646949600000,0.02336,0.0234,0.02335,0.0234,617.32
1646953200000,0.02341,0.02343,0.02332,0.02333,1124.72
1646956800000,0.0233,0.0234,0.02322,0.02322,2475.41
1646960400000,0.02324,0.02326,0.02304,0.02304,4513.39
1646964000000,0.02303,0.02306,0.02291,0.02303,2301.92
1646967600000,0.02301,0.02333,0.02297,0.02321,7470.92
1646971200000,0.02322,0.02332,0.0232,0.02325,2041.89
1646974800000,0.02325,0.02337,0.02324,0.02337,1719.54
1646978400000,0.02337,0.02358,0.02336,0.02358,2510.25
1646982000000,0.02359,0.02372,0.02354,0.0237,4323.23
1646985600000,0.02371,0.02383,0.02357,0.02357,2287.59
1646989200000,0.02355,0.02369,0.02351,0.02359,2798.35
1646992800000,0.02359,0.02367,0.02359,0.02363,1116.95
1646996400000,0.02362,0.02389,0.02343,0.02378,6518.5
1647000000000,0.02379,0.02384,0.02372,0.02377,2518.35
1647003600000,0.0238,0.02383,0.02365,0.02365,3162.92
1647007200000,0.02364,0.02367,0.02344,0.02348,2892.42
1647010800000,0.02345,0.02345,0.0233,0.02332,1982.41
1647014400000,0.02331,0.02376,0.02325,0.02339,9487.77
1647018000000,0.02338,0.02338,0.02305,0.02306,4498.69
1647021600000,0.02306,0.02312,0.02306,0.02308,1125.54
1647025200000,0.02305,0.0231,0.02303,0.02303,2178.82
1647028800000,0.02302,0.02302,0.02279,0.02283,4121.6
1647032400000,0.02284,0.02303,0.02284,0.02297,2296.82
1647036000000,0.023,0.02308,0.02299,0.02302,1017.25
1647039600000,0.02301,0.02303,0.0229,0.0229,633.06
1647043200000,0.02289,0.0231,0.02285,0.02302,1863.77
1647046800000,0.02302,0.0233,0.02302,0.02328,3493.07
1647050400000,0.02329,0.02346,0.02326,0.02332,2386.9
1647054000000,0.02333,0.0235,0.02333,0.02342,2129.4
1647057600000,0.02344,0.02359,0.02334,0.02353,5615.13
1647061200000,0.02354,0.02371,0.02352,0.02353,2661.21
1647064800000,0.02355,0.02362,0.02352,0.02352,1199.7
1647068400000,0.02352,0.02364,0.02345,0.02345,1644.88
1647072000000,0.02346,0.02346,0.02327,0.02331,2377.13
1647075600000,0.0233,0.0234,0.02323,0.02323,2923.59
1647079200000,0.02322,0.02332,0.02319,0.02325,1736.67
1647082800000,0.02324,0.02325,0.02307,0.02314,2475.04
1647086400000,0.02311,0.02318,0.02301,0.02301,2384.43
1647090000000,0.023,0.02302,0.02292,0.02294,1808.89
1647093600000,0.02292,0.02294,0.02283,0.02283,1378.07
1647097200000,0.02282,0.02282,0.02261,0.02272,4990.14
1647100800000,0.0227,0.02275,0.02263,0.0227,1556.91
1647104400000,0.02268,0.02276,0.02265,0.02265,2313.44
1647108000000,0.02264,0.02265,0.0225,0.02256,3206.41
1647111600000,0.02255,0.02255,0.02248,0.02251,1036.51
1647115200000,0.02252,0.02265,0.02252,0.02258,1886.16
1647118800000,0.02259,0.02274,0.02259,0.02271,2892.59
1647122400000,0.02268,0.02277,0.02268,0.02277,549.67
1647126000000,0.02277,0.02279,0.02272,0.02272,600.88
1647129600000,0.02273,0.02276,0.02266,0.02276,2112.22
1647133200000,0.02277,0.02292,0.02272,0.02291,1765.04
1647136800000,0.02291,0.02299,0.02291,0.02296,1440.82
1647140400000,0.02297,0.02309,0.02297,0.02309,1840.15
1647144000000,0.0231,0.02322,0.02305,0.02318,2485.98
1647147600000,0.0232,0.02323,0.02317,0.02319,1967.37
1647151200000,0.0232,0.02321,0.02317,0.02321,687.11
1647154800000,0.02318,0.02326,0.02317,0.02323,1648.76
1647158400000,0.02327,0.02337,0.0232,0.02336,2609.68
1647162000000,0.02333,0.02335,0.02322,0.02325,866.97
1647165600000,0.02327,0.02343,0.02326,0.02329,1309.73
1647169200000,0.02326,0.02337,0.0231,0.02311,2710.9
1647172800000,0.02308,0.02309,0.02269,0.0227,4587.27
1647176400000,0.02271,0.02274,0.02262,0.02268,4335.53
1647180000000,0.02268,0.02278,0.02265,0.02277,1011.28
1647183600000,0.02277,0.02289,0.02276,0.02289,2282.1
1647187200000,0.02286,0.02287,0.02274,0.02277,1189.19
1647190800000,0.02274,0.02283,0.02269,0.02275,1567.97
1647194400000,0.02275,0.02277,0.02266,0.02268,2219.09
1647198000000,0.0227,0.02274,0.02258,0.02258,5457.98
1647201600000,0.02264,0.02267,0.02261,0.02266,1217.28
1647205200000,0.02264,0.02275,0.02263,0.02274,948.53
1647208800000,0.02274,0.02279,0.02243,0.02257,3867.83
1647212400000,0.02256,0.02271,0.02251,0.02271,3550.25
1647216000000,0.02268,0.02277,0.02255,0.02277,3033.0
1647219600000,0.0228,0.0229,0.0227,0.02271,2650.74
1647223200000,0.0227,0.0227,0.02261,0.02263,974.0
1647226800000,0.02261,0.02268,0.02258,0.02259,1334.78
1647230400000,0.02261,0.02288,0.02261,0.02279,3294.96
1647234000000,0.02278,0.02288,0.02277,0.02277,1182.88
1647237600000,0.0228,0.02294,0.02279,0.02292,1470.36
1647241200000,0.02292,0.02302,0.02291,0.02299,1319.14
1647244800000,0.02301,0.02311,0.02298,0.02306,1659.59
1647248400000,0.02302,0.02311,0.02297,0.02306,1293.87
1647252000000,0.02309,0.02311,0.02305,0.02306,2750.25
1647255600000,0.02306,0.02306,0.02286,0.02287,1252.99
1647259200000,0.02285,0.02307,0.02278,0.02307,2665.74
1647262800000,0.02309,0.02309,0.0229,0.02292,2006.53
1647266400000,0.02291,0.02313,0.0229,0.02299,4080.87
1647270000000,0.02298,0.02319,0.02297,0.02301,4987.16
1647273600000,0.023,0.02307,0.02294,0.02301,1211.59
1647277200000,0.02298,0.023,0.02278,0.02278,2203.58
1647280800000,0.02277,0.0228,0.02265,0.02267,2289.61
1647284400000,0.02264,0.02267,0.02259,0.02267,1682.2
1647288000000,0.02267,0.02268,0.02255,0.02255,1922.88
1647291600000,0.02258,0.02266,0.02257,0.02258,1094.17
1647295200000,0.0226,0.02281,0.0226,0.02272,5121.33
1647298800000,0.02275,0.02279,0.02271,0.02272,1219.55
1647302400000,0.02275,0.02295,0.02272,0.02293,1181.31
1647306000000,0.02296,0.02302,0.02266,0.02273,2652.53
1647309600000,0.02272,0.02293,0.02271,0.02289,1812.18
1647313200000,0.02289,0.02289,0.02272,0.02276,1460.56
1647316800000,0.02277,0.02284,0.02276,0.02279,1266.78
1647320400000,0.02278,0.02278,0.02271,0.02275,1403.0
1647324000000,0.02274,0.02279,0.02272,0.02272,1910.31
1647327600000,0.02271,0.02271,0.02249,0.02259,2901.27
1647331200000,0.02258,0.02258,0.0225,0.0225,2383.44
1647334800000,0.0225,0.02259,0.02248,0.02258,812.18
1647338400000,0.02258,0.02258,0.02254,0.02258,496.62
1647342000000,0.02259,0.02261,0.02255,0.02261,283.95
1647345600000,0.02261,0.02266,0.02261,0.02262,1236.98
1647349200000,0.02261,0.02262,0.02251,0.02261,1907.32
1647352800000,0.02263,0.02278,0.02258,0.02274,2630.28
1647356400000,0.02276,0.02309,0.02276,0.02303,3246.87
1647360000000,0.02303,0.0231,0.02298,0.02308,3272.79
1647363600000,0.02311,0.02312,0.0229,0.02302,2739.13
1647367200000,0.02303,0.02325,0.02296,0.02325,4290.78
1647370800000,0.02326,0.02353,0.02325,0.02331,6001.73
1647374400000,0.02333,0.02336,0.02324,0.02336,2575.24
1647378000000,0.02334,0.02338,0.02326,0.02331,1269.11
1647381600000,0.02329,0.02347,0.02329,0.02331,1299.27
1647385200000,0.02331,0.02349,0.02325,0.02346,3169.09
1647388800000,0.02347,0.0235,0.02326,0.02327,2151.12
1647392400000,0.02327,0.02359,0.02327,0.02354,5056.33
1647396000000,0.02354,0.02383,0.0234,0.02346,9910.58
1647399600000,0.02348,0.02351,0.0232,0.02336,8797.95
1647403200000,0.02339,0.02348,0.02335,0.02347,2317.55
1647406800000,0.02349,0.02385,0.02349,0.02369,10942.8
1647410400000,0.02373,0.02377,0.02357,0.02362,1264.71
1647414000000,0.02363,0.02377,0.02357,0.02377,2745.77
1647417600000,0.02377,0.02378,0.02351,0.02356,3590.24
1647421200000,0.02355,0.02355,0.02337,0.02345,1817.22
1647424800000,0.02345,0.02346,0.02326,0.02326,2794.43
1647428400000,0.02328,0.02337,0.02328,0.02333,1217.52
1647432000000,0.02332,0.02332,0.0232,0.02321,1623.34
1647435600000,0.02321,0.02321,0.02307,0.02311,3964.04
1647439200000,0.02309,0.02311,0.02298,0.02307,3998.06
1647442800000,0.0231,0.02322,0.02307,0.02311,1900.17
1647446400000,0.02312,0.02328,0.02308,0.02317,9608.42
1647450000000,0.02321,0.02328,0.02311,0.02327,2583.13
1647453600000,0.02327,0.02331,0.02285,0.02328,7155.78
1647457200000,0.02331,0.02371,0.02331,0.02361,5481.73
1647460800000,0.02365,0.02394,0.02359,0.02366,6318.01
1647464400000,0.02365,0.02367,0.02354,0.02358,887.06
1647468000000,0.02359,0.02362,0.02349,0.02357,1920.64
1647471600000,0.02357,0.02363,0.02348,0.02359,1190.86
1647475200000,0.02363,0.0237,0.02358,0.0237,1200.63
1647478800000,0.0237,0.02374,0.02363,0.02374,1916.23
1647482400000,0.02373,0.02381,0.0236,0.02367,1857.62
1647486000000,0.02369,0.02378,0.02369,0.02375,1090.78
1647489600000,0.02373,0.02392,0.02364,0.02374,3669.34
1647493200000,0.02372,0.02372,0.02358,0.02366,1772.7
1647496800000,0.02365,0.02398,0.02365,0.02368,5285.52
1647500400000,0.02368,0.02371,0.02365,0.02371,844.92
1647504000000,0.02372,0.02389,0.02371,0.02377,2316.04
1647507600000,0.02377,0.02381,0.02373,0.0238,1128.88
1647511200000,0.0238,0.02389,0.02372,0.02385,1911.28
1647514800000,0.02385,0.02395,0.02382,0.02394,3209.9
1647518400000,0.02393,0.02405,0.02357,0.0237,9168.13
1647522000000,0.02371,0.02401,0.02364,0.024,3090.07
1647525600000,0.024,0.02407,0.02391,0.02391,1680.7
1647529200000,0.0239,0.02402,0.02389,0.02392,1155.47
1647532800000,0.02396,0.02398,0.0238,0.02386,2560.54
1647536400000,0.02385,0.02385,0.02365,0.02368,4076.18
1647540000000,0.02368,0.02372,0.02367,0.02369,1680.75
1647543600000,0.02372,0.02372,0.02361,0.02368,2006.15
1647547200000,0.0237,0.02377,0.02365,0.02371,1697.96
1647550800000,0.02371,0.02371,0.02358,0.02369,1146.8
1647554400000,0.02371,0.02371,0.02345,0.02345,1448.23
1647558000000,0.02345,0.02361,0.02336,0.02355,3328.51
1647561600000,0.02353,0.02356,0.02334,0.02334,2939.83
1647565200000,0.02334,0.02352,0.02334,0.02343,2194.91
1647568800000,0.02343,0.02352,0.02341,0.02349,2444.55
1647572400000,0.02353,0.0236,0.02352,0.02354,1513.7
1647576000000,0.02355,0.02363,0.02351,0.02356,1839.38
1647579600000,0.02356,0.0236,0.02349,0.02359,1355.15
1647583200000,0.0236,0.02369,0.0236,0.02365,2153.05
1647586800000,0.02364,0.02364,0.02341,0.02342,2326.25
1647590400000,0.02344,0.02363,0.02333,0.02362,3792.4
1647594000000,0.0236,0.02367,0.02357,0.02357,1679.7
1647597600000,0.02356,0.02377,0.02352,0.02352,2799.75
1647601200000,0.02355,0.02368,0.02352,0.02362,2008.04
1647604800000,0.02364,0.02437,0.02364,0.02419,7024.34
1647608400000,0.02418,0.02437,0.02389,0.02393,7518.94
1647612000000,0.0239,0.02421,0.02387,0.024,4192.45
1647615600000,0.024,0.02447,0.02395,0.02439,5439.64
1647619200000,0.0244,0.0247,0.02418,0.02458,6178.29
1647622800000,0.02457,0.02461,0.0244,0.0244,2484.03
1647626400000,0.02438,0.02438,0.0242,0.02422,2098.24
1647630000000,0.02421,0.02437,0.02419,0.02435,1824.53
1647633600000,0.02438,0.02448,0.02432,0.02432,2042.08
1647637200000,0.02433,0.02433,0.02428,0.02433,614.88
1647640800000,0.0243,0.0243,0.02414,0.0242,1929.25
1647644400000,0.0242,0.02435,0.0242,0.02426,2947.18
1647648000000,0.02428,0.02479,0.02428,0.0244,7701.75
1647651600000,0.02439,0.02459,0.02429,0.02429,3856.47
1647655200000,0.02429,0.02467,0.02429,0.02436,4120.86
1647658800000,0.0244,0.02464,0.02434,0.02442,5606.98
1647662400000,0.02441,0.02458,0.02431,0.02458,3489.54
1647666000000,0.02457,0.02461,0.02436,0.02442,4470.5
1647669600000,0.02443,0.02452,0.02433,0.02451,4367.14
1647673200000,0.02453,0.02454,0.02437,0.02448,3594.71
1647676800000,0.02446,0.02451,0.02437,0.02444,4015.09
1647680400000,0.02443,0.02445,0.02424,0.02428,3266.86
1647684000000,0.02424,0.02426,0.02413,0.02418,1935.91
1647687600000,0.02421,0.02424,0.02386,0.02395,13106.15
1647691200000,0.02392,0.02409,0.02386,0.02408,5750.04
1647694800000,0.02405,0.02405,0.02383,0.02388,2556.7
1647698400000,0.02388,0.02428,0.02376,0.02427,9521.31
1647702000000,0.02428,0.02463,0.02416,0.02442,4970.39
1647705600000,0.02445,0.02462,0.02429,0.02441,5127.41
1647709200000,0.02439,0.02447,0.02425,0.02441,3441.91
1647712800000,0.0244,0.02452,0.02426,0.02449,3598.97
1647716400000,0.02447,0.0246,0.02441,0.02454,1440.38
1647720000000,0.02451,0.02451,0.02436,0.02445,1761.68
1647723600000,0.02448,0.02448,0.02431,0.02431,840.33
1647727200000,0.02435,0.02435,0.0241,0.02412,1754.29
1647730800000,0.02416,0.02434,0.02416,0.02434,1509.82
1647734400000,0.02434,0.0244,0.02413,0.02416,2414.4
1647738000000,0.02414,0.02426,0.02404,0.02422,4864.22
1647741600000,0.02422,0.0243,0.02413,0.02421,2274.42
1647745200000,0.02421,0.0243,0.02416,0.02421,1656.61
1647748800000,0.02418,0.02428,0.02414,0.02417,1547.89
1647752400000,0.02418,0.02439,0.02418,0.02437,2102.59
1647756000000,0.02441,0.0245,0.02429,0.02429,3009.26
1647759600000,0.02429,0.02435,0.02424,0.02429,1681.77
1647763200000,0.02425,0.02442,0.02422,0.02437,1519.1
1647766800000,0.02437,0.02437,0.0241,0.02416,1416.37
1647770400000,0.02414,0.02421,0.02405,0.02408,1619.98
1647774000000,0.02406,0.02413,0.02399,0.02403,3265.98
1647777600000,0.02401,0.02418,0.02396,0.02407,3385.3
1647781200000,0.02406,0.02406,0.02383,0.02386,4561.81
1647784800000,0.02388,0.02397,0.02384,0.02387,1734.68
1647788400000,0.02384,0.0239,0.02371,0.02376,2357.68
1647792000000,0.02379,0.02387,0.02374,0.02375,2119.21
1647795600000,0.02374,0.02384,0.02361,0.02364,2795.97
1647799200000,0.02364,0.02377,0.02364,0.02374,2435.06
1647802800000,0.02373,0.0238,0.0237,0.02375,440.26
1647806400000,0.02378,0.02385,0.02368,0.02368,1690.01
1647810000000,0.02367,0.0238,0.02364,0.02376,1294.02
1647813600000,0.02374,0.02375,0.0236,0.02372,773.22
1647817200000,0.0237,0.02399,0.0237,0.02386,3112.25
1647820800000,0.02386,0.02408,0.02378,0.02402,5412.38
1647824400000,0.02403,0.02421,0.02396,0.02408,4948.37
1647828000000,0.02407,0.02413,0.02374,0.02376,6497.73
1647831600000,0.02379,0.02393,0.02378,0.02393,4606.29
1647835200000,0.02391,0.02393,0.02378,0.02387,1590.36
1647838800000,0.02388,0.02401,0.02388,0.02397,1487.09
1647842400000,0.024,0.02407,0.02392,0.02392,2882.54
1647846000000,0.02392,0.02423,0.02392,0.02411,3941.09
1647849600000,0.02414,0.02419,0.024,0.02417,2843.87
1647853200000,0.02415,0.02427,0.02404,0.02412,5273.68
1647856800000,0.02413,0.02427,0.02402,0.02408,4690.83
1647860400000,0.02409,0.02429,0.02409,0.0242,4305.3
1647864000000,0.0242,0.02423,0.02401,0.0241,3062.25
1647867600000,0.02412,0.02426,0.02395,0.02395,3457.86
1647871200000,0.02398,0.02398,0.0237,0.02375,4038.21
1647874800000,0.02376,0.02395,0.02376,0.02385,4066.09
1647878400000,0.02388,0.02401,0.0237,0.0237,3464.89
1647882000000,0.02369,0.02371,0.02361,0.02367,4015.39
1647885600000,0.02368,0.0237,0.02352,0.02352,1876.77
1647889200000,0.02351,0.02353,0.02336,0.02345,15107.62
1647892800000,0.02345,0.02356,0.02345,0.02347,1437.68
1647896400000,0.02346,0.02355,0.02326,0.02355,3252.24
1647900000000,0.02351,0.02355,0.02344,0.02344,3675.37
1647903600000,0.02344,0.02361,0.02343,0.02359,4283.73
1647907200000,0.02355,0.02371,0.02346,0.02371,2293.33
1647910800000,0.02372,0.02374,0.02359,0.02374,2185.58
1647914400000,0.02375,0.02412,0.02375,0.02408,8971.61
1647918000000,0.02408,0.02429,0.02398,0.02421,5033.44
1647921600000,0.02419,0.02427,0.02409,0.02427,5241.22
1647925200000,0.02423,0.02491,0.02423,0.02486,9494.8
1647928800000,0.02491,0.02494,0.02453,0.02453,7680.7
1647932400000,0.02452,0.02468,0.02449,0.02455,4103.23
1647936000000,0.02459,0.02471,0.02457,0.02467,3309.04
1647939600000,0.02466,0.02467,0.02455,0.02465,2421.48
1647943200000,0.02464,0.02467,0.02452,0.02467,2976.8
1647946800000,0.02467,0.02467,0.02455,0.02456,2309.23
1647950400000,0.02456,0.02461,0.02447,0.02449,1716.96
1647954000000,0.0245,0.02452,0.02432,0.02433,4208.88
1647957600000,0.02436,0.02447,0.02429,0.02447,2134.54
1647961200000,0.02445,0.02472,0.02435,0.02463,15098.36
1647964800000,0.02462,0.02494,0.02454,0.0248,4510.77
1647968400000,0.02478,0.02492,0.02475,0.0248,2564.31
1647972000000,0.02479,0.02492,0.02475,0.02478,1298.98
1647975600000,0.02474,0.02477,0.02449,0.02454,2743.98
1647979200000,0.02455,0.02459,0.02431,0.02434,3280.41
1647982800000,0.02435,0.02442,0.02434,0.02442,1265.26
1647986400000,0.02438,0.02438,0.02416,0.02417,928.42
1647990000000,0.02415,0.02421,0.02413,0.02413,2091.42
1647993600000,0.02412,0.02424,0.0241,0.02423,1668.74
1647997200000,0.02421,0.02421,0.02409,0.02421,2959.02
1648000800000,0.02422,0.02445,0.02422,0.02445,1884.86
1648004400000,0.02446,0.02448,0.02425,0.02427,3172.18
1648008000000,0.02427,0.02431,0.02416,0.02431,3140.77
1648011600000,0.02428,0.02439,0.02425,0.02436,980.55
1648015200000,0.0244,0.0244,0.02427,0.02435,1645.68
1648018800000,0.02436,0.02439,0.02429,0.0243,2014.25
1648022400000,0.0243,0.02437,0.0242,0.02435,1835.33
1648026000000,0.02433,0.02441,0.02426,0.02436,2386.04
1648029600000,0.02436,0.02451,0.02436,0.02451,1744.29
1648033200000,0.02452,0.02453,0.02439,0.02449,1749.95
1648036800000,0.02449,0.02464,0.02449,0.0245,3346.7
1648040400000,0.0245,0.0245,0.02432,0.02438,2318.5
1648044000000,0.02439,0.02457,0.02435,0.02457,3068.26
1648047600000,0.02454,0.02495,0.02452,0.02472,8099.07
1648051200000,0.02478,0.025,0.02465,0.02476,6009.76
1648054800000,0.02479,0.0248,0.02453,0.02456,4068.51
1648058400000,0.02455,0.02466,0.02455,0.0246,1404.46
1648062000000,0.0246,0.02465,0.0242,0.02424,3849.14
1648065600000,0.02421,0.02426,0.02411,0.02425,2607.92
1648069200000,0.02422,0.02424,0.02418,0.02424,737.23
1648072800000,0.02425,0.02428,0.02413,0.02428,1088.93
1648076400000,0.02429,0.02448,0.02429,0.02448,2911.93
1648080000000,0.02448,0.02465,0.0244,0.02458,3409.79
1648083600000,0.02458,0.02469,0.02447,0.02458,2383.76
1648087200000,0.02459,0.0247,0.02453,0.0247,2174.17
1648090800000,0.02468,0.02471,0.02451,0.02465,3166.67
1648094400000,0.02466,0.02482,0.02466,0.02482,2713.66
1648098000000,0.02483,0.02498,0.02475,0.02495,3123.79
1648101600000,0.02498,0.02501,0.02474,0.02483,5223.91
1648105200000,0.02485,0.02512,0.02484,0.02512,5325.88
1648108800000,0.02513,0.02524,0.02512,0.02513,2868.05
1648112400000,0.02517,0.02522,0.02501,0.02512,2084.37
1648116000000,0.02509,0.02536,0.025,0.02532,3766.42
1648119600000,0.02533,0.02534,0.02517,0.02524,3321.62
1648123200000,0.02525,0.02525,0.02504,0.02505,2203.44
1648126800000,0.02506,0.02519,0.02493,0.02519,3817.99
1648130400000,0.02519,0.02548,0.02508,0.02543,14099.69
1648134000000,0.02547,0.0255,0.02524,0.0254,4904.33
1648137600000,0.02539,0.02552,0.02531,0.02541,3414.88
1648141200000,0.02537,0.02553,0.02527,0.02544,1868.41
1648144800000,0.02542,0.02546,0.02526,0.02527,1990.21
1648148400000,0.02528,0.02558,0.02528,0.02549,3213.08
1648152000000,0.02553,0.02569,0.02553,0.02566,1996.8
1648155600000,0.02566,0.02571,0.02544,0.0257,2740.51
1648159200000,0.02567,0.02585,0.02567,0.02585,1645.61
1648162800000,0.02585,0.0261,0.02585,0.02603,4763.6
1648166400000,0.02604,0.02607,0.02584,0.02599,4608.24
1648170000000,0.02595,0.02606,0.02584,0.02587,3657.7
1648173600000,0.02587,0.02606,0.02579,0.02603,3105.2
1648177200000,0.02604,0.02632,0.02604,0.02607,3196.08
1648180800000,0.0261,0.02638,0.0261,0.02637,2656.55
1648184400000,0.02637,0.02648,0.02628,0.02634,3461.99
1648188000000,0.02633,0.02633,0.02618,0.02628,2785.9
1648191600000,0.02629,0.02648,0.02618,0.02625,3916.74
1648195200000,0.0262,0.02626,0.02597,0.02623,3811.92
1648198800000,0.02622,0.02662,0.02614,0.02662,3508.7
1648202400000,0.02663,0.02666,0.02654,0.0266,5176.17
1648206000000,0.0266,0.02662,0.02637,0.02643,4701.42
1648209600000,0.02642,0.02642,0.02624,0.02629,2891.29
1648213200000,0.02629,0.02629,0.02602,0.02603,4588.13
1648216800000,0.02603,0.02646,0.02603,0.02629,5939.76
1648220400000,0.02627,0.02629,0.02585,0.02592,6846.21
1648224000000,0.02589,0.02597,0.02571,0.02588,7403.96
1648227600000,0.02587,0.02594,0.02571,0.02586,2735.0
1648231200000,0.02588,0.02616,0.02588,0.02609,2603.14
1648234800000,0.02608,0.02611,0.02586,0.02586,3345.8
1648238400000,0.02585,0.02591,0.02582,0.02587,864.53
1648242000000,0.0259,0.02598,0.02588,0.02588,1770.88
1648245600000,0.02587,0.02588,0.02581,0.02581,541.52
1648249200000,0.02578,0.02582,0.02572,0.02578,1142.8
1648252800000,0.02579,0.02585,0.02563,0.02564,2210.94
1648256400000,0.02567,0.02586,0.02567,0.02584,2220.11
1648260000000,0.02585,0.02589,0.02567,0.02576,1609.31
1648263600000,0.02576,0.02581,0.02573,0.02575,737.73
1648267200000,0.02574,0.02577,0.02568,0.02571,1532.82
1648270800000,0.02572,0.02584,0.02569,0.02584,1482.89
1648274400000,0.02585,0.02593,0.02583,0.02583,1702.67
1648278000000,0.02587,0.02598,0.02582,0.02598,2561.11
1648281600000,0.02594,0.02595,0.02579,0.02583,2903.42
1648285200000,0.0258,0.0258,0.0257,0.0257,1067.25
1648288800000,0.02575,0.02583,0.02575,0.02582,1116.21
1648292400000,0.02584,0.02584,0.02574,0.02574,1259.3
1648296000000,0.02576,0.02577,0.02558,0.02569,2388.47
1648299600000,0.02566,0.02568,0.02557,0.02568,1858.24
1648303200000,0.02566,0.02566,0.02549,0.02556,1970.4
1648306800000,0.02557,0.02557,0.02546,0.02546,1166.8
1648310400000,0.02546,0.02549,0.02528,0.02536,2798.84
1648314000000,0.02536,0.02536,0.02528,0.02531,3167.35
1648317600000,0.02531,0.02534,0.02511,0.02515,4969.22
1648321200000,0.02517,0.02524,0.02517,0.02523,429.87
1648324800000,0.02525,0.02535,0.0252,0.02527,2167.39
1648328400000,0.02527,0.02533,0.02525,0.02533,926.07
1648332000000,0.02534,0.02544,0.02534,0.02539,966.01
1648335600000,0.0254,0.02557,0.02538,0.02554,1711.27
1648339200000,0.02552,0.02556,0.02547,0.02555,928.36
1648342800000,0.02555,0.02578,0.02554,0.02573,2465.59
1648346400000,0.02572,0.02579,0.02566,0.02579,1366.26
1648350000000,0.0258,0.02582,0.02572,0.02572,1348.16
1648353600000,0.02575,0.02586,0.02559,0.02582,4236.02
1648357200000,0.02582,0.02593,0.02578,0.02579,3181.29
1648360800000,0.02578,0.02587,0.02574,0.02587,1370.95
1648364400000,0.02585,0.02588,0.02578,0.02578,1000.9
1648368000000,0.02582,0.02585,0.02566,0.02569,1586.8
1648371600000,0.02565,0.02572,0.02563,0.02565,1201.34
1648375200000,0.02567,0.02575,0.02567,0.0257,841.66
1648378800000,0.02569,0.02576,0.02569,0.0257,579.15
1648382400000,0.02575,0.02584,0.02546,0.02553,3398.81
1648386000000,0.02549,0.02567,0.02544,0.02567,2682.1
1648389600000,0.02566,0.02566,0.02542,0.02542,2193.31
1648393200000,0.02542,0.02572,0.02533,0.02572,3273.92
1648396800000,0.02571,0.02595,0.02566,0.02593,2618.82
1648400400000,0.02596,0.02636,0.02577,0.02636,4923.99
1648404000000,0.02637,0.0266,0.02634,0.02643,5122.52
1648407600000,0.02647,0.02657,0.02626,0.02629,2881.04
1648411200000,0.0263,0.02658,0.02629,0.02645,5037.82
1648414800000,0.02644,0.02662,0.02642,0.02657,1761.72
1648418400000,0.02659,0.02659,0.02624,0.02634,5207.15
1648422000000,0.02636,0.02655,0.02623,0.02649,3880.35
1648425600000,0.0265,0.02657,0.02628,0.02657,4083.48
1648429200000,0.02658,0.02691,0.02651,0.02691,9123.07
1648432800000,0.02691,0.02694,0.02672,0.02678,4202.29
1648436400000,0.02681,0.02681,0.02654,0.0266,3316.59
1648440000000,0.02659,0.02659,0.0264,0.02647,2186.37
1648443600000,0.02647,0.0265,0.02624,0.0263,2937.95
1648447200000,0.02629,0.02635,0.02615,0.02633,3587.78
1648450800000,0.02631,0.02631,0.02584,0.02627,8671.71
1648454400000,0.02627,0.02627,0.02611,0.02619,3045.7
1648458000000,0.02618,0.02633,0.02604,0.02604,3339.94
1648461600000,0.02603,0.0264,0.02598,0.02638,3758.69
1648465200000,0.02638,0.02638,0.02614,0.02614,1813.08
1648468800000,0.02618,0.02623,0.02606,0.0261,2204.44
1648472400000,0.02606,0.02616,0.02606,0.02607,2492.55
1648476000000,0.02605,0.02618,0.02597,0.02618,3477.46
1648479600000,0.02619,0.02626,0.02592,0.02592,4018.68
1648483200000,0.02592,0.02601,0.02576,0.02601,3816.66
1648486800000,0.026,0.02607,0.02585,0.02604,1427.32
1648490400000,0.02604,0.02611,0.02592,0.02606,3366.08
1648494000000,0.02605,0.02614,0.02589,0.02589,3792.76
1648497600000,0.02591,0.0261,0.02591,0.02602,3117.81
1648501200000,0.02605,0.02616,0.02573,0.02587,3542.77
1648504800000,0.02586,0.02592,0.02568,0.02569,2551.42
1648508400000,0.02569,0.02574,0.02516,0.02533,8572.8
1648512000000,0.02537,0.02556,0.02535,0.02556,2384.31
1648515600000,0.02556,0.02578,0.02556,0.02575,2477.47
1648519200000,0.02572,0.02572,0.02528,0.02532,10764.22
1648522800000,0.02532,0.02553,0.02532,0.02548,2400.76
1648526400000,0.02549,0.02569,0.02549,0.02567,1971.9
1648530000000,0.02569,0.02602,0.02567,0.02602,4212.42
1648533600000,0.02601,0.02613,0.02591,0.02592,3471.09
1648537200000,0.02591,0.02609,0.02585,0.02585,2207.04
1648540800000,0.02586,0.026,0.02583,0.02583,4306.8
1648544400000,0.02583,0.0259,0.02583,0.02585,2364.05
1648548000000,0.02584,0.02596,0.02574,0.02593,1923.17
1648551600000,0.02594,0.02595,0.0258,0.02595,2512.82
1648555200000,0.02596,0.02642,0.02591,0.02633,4882.8
1648558800000,0.02632,0.02657,0.02618,0.02631,6751.08
1648562400000,0.02631,0.02645,0.02622,0.02639,3626.88
1648566000000,0.0264,0.02643,0.02592,0.02593,5310.2
1648569600000,0.02597,0.02609,0.02568,0.02609,7750.38
1648573200000,0.02608,0.02623,0.02589,0.02605,3610.32
1648576800000,0.026,0.02602,0.02579,0.02586,1805.89
1648580400000,0.02585,0.0259,0.02579,0.02579,1141.22
1648584000000,0.02578,0.02578,0.02559,0.02566,2057.26
1648587600000,0.02568,0.02578,0.02562,0.02563,1946.89
1648591200000,0.02562,0.02573,0.0255,0.0257,2237.08
1648594800000,0.0257,0.02591,0.02568,0.02591,1717.65
1648598400000,0.02587,0.02595,0.02569,0.02581,3307.46
1648602000000,0.02581,0.02584,0.0254,0.02556,5749.99
1648605600000,0.02551,0.02569,0.0255,0.02569,1628.72
1648609200000,0.0257,0.02584,0.0257,0.02577,1850.07
1648612800000,0.02577,0.02584,0.02567,0.02579,1713.25
1648616400000,0.02577,0.02602,0.02577,0.02594,1634.69
1648620000000,0.02594,0.026,0.02574,0.02584,2216.68
1648623600000,0.02583,0.02623,0.0258,0.02617,4473.71
1648627200000,0.02616,0.02651,0.02603,0.02648,5308.81
1648630800000,0.02646,0.02681,0.02637,0.02663,7762.45
1648634400000,0.02665,0.027,0.02665,0.02679,7457.14
1648638000000,0.02676,0.02693,0.02663,0.02689,4027.89
1648641600000,0.02688,0.02688,0.02668,0.02675,1663.55
1648645200000,0.02673,0.02673,0.02638,0.02639,3251.08
1648648800000,0.02639,0.02659,0.02632,0.02648,3821.03
1648652400000,0.02651,0.02656,0.0263,0.02653,2696.88
1648656000000,0.02655,0.02655,0.02593,0.02599,4519.81
1648659600000,0.026,0.02617,0.0259,0.02612,2470.86
1648663200000,0.02616,0.02619,0.02587,0.02587,2449.93
1648666800000,0.02586,0.02605,0.0258,0.02605,2012.91
1648670400000,0.02602,0.02626,0.02586,0.02626,1819.5
1648674000000,0.02627,0.02645,0.02618,0.0262,2165.11
1648677600000,0.02622,0.02649,0.02612,0.02641,2261.9
1648681200000,0.02645,0.02659,0.02643,0.0265,929.57
1648684800000,0.02651,0.02675,0.02648,0.0265,3010.63
1648688400000,0.02651,0.0272,0.02651,0.02712,6667.44
1648692000000,0.02711,0.02787,0.02696,0.02786,13629.5
1648695600000,0.02784,0.02801,0.02751,0.02756,5550.78
1648699200000,0.02757,0.02775,0.02743,0.02746,4617.98
1648702800000,0.02747,0.02757,0.02708,0.02719,8682.1
1648706400000,0.02722,0.02727,0.0271,0.02718,3308.09
1648710000000,0.02719,0.02735,0.02713,0.02734,1195.97
1648713600000,0.02738,0.02739,0.02704,0.02717,2549.3
1648717200000,0.02718,0.02724,0.02704,0.02717,3412.87
1648720800000,0.02719,0.02719,0.02704,0.02718,1800.32
1648724400000,0.02716,0.02716,0.02698,0.02713,1745.27
1648728000000,0.02709,0.02725,0.02703,0.02711,2223.15
1648731600000,0.02716,0.0272,0.02671,0.02673,5884.07
1648735200000,0.0267,0.02679,0.02612,0.02667,16922.43
1648738800000,0.02664,0.02669,0.02642,0.02648,4882.34
1648742400000,0.02649,0.0266,0.02615,0.02624,10439.19
1648746000000,0.02627,0.02641,0.02614,0.02617,5092.59
1648749600000,0.02616,0.02617,0.02598,0.02616,4864.8
1648753200000,0.02614,0.02632,0.02601,0.02628,2383.26
1648756800000,0.02632,0.02635,0.02625,0.02633,804.38
1648760400000,0.02633,0.02638,0.0263,0.02632,714.38
1648764000000,0.02633,0.02633,0.02621,0.02631,1330.95
1648767600000,0.02628,0.02634,0.02612,0.02633,1749.22
1648771200000,0.02633,0.02659,0.02632,0.02655,2476.25
1648774800000,0.02653,0.02659,0.0263,0.02634,3232.74
1648778400000,0.02633,0.02649,0.02624,0.0263,4984.84
1648782000000,0.0263,0.02653,0.0263,0.02652,2067.43
1648785600000,0.02654,0.02661,0.02645,0.02645,2284.04
1648789200000,0.02643,0.02649,0.02634,0.0264,3398.1
1648792800000,0.02637,0.02649,0.02636,0.02647,1182.27
1648796400000,0.02645,0.0265,0.02634,0.02635,1820.22
1648800000000,0.02634,0.02641,0.02624,0.02639,2849.73
1648803600000,0.02635,0.02635,0.02605,0.02611,2034.99
1648807200000,0.0261,0.02611,0.02591,0.02605,3738.97
1648810800000,0.02606,0.02611,0.02596,0.02601,1699.9
1648814400000,0.02598,0.02607,0.02574,0.02599,4548.44
1648818000000,0.02599,0.02638,0.02593,0.02629,2818.59
1648821600000,0.02631,0.0268,0.02626,0.02679,4935.08
1648825200000,0.02677,0.02685,0.02664,0.02674,3503.84
1648828800000,0.02671,0.02692,0.02663,0.02664,3055.84
1648832400000,0.02666,0.02713,0.02666,0.02713,2169.6
1648836000000,0.02713,0.02714,0.0269,0.0269,2846.94
1648839600000,0.02689,0.02689,0.02664,0.02664,2657.21
1648843200000,0.02666,0.02666,0.02637,0.02639,2834.19
1648846800000,0.02639,0.0266,0.02639,0.0266,2062.54
1648850400000,0.0266,0.0266,0.02616,0.02618,2142.46
1648854000000,0.02617,0.02617,0.02587,0.02587,1893.29
1648857600000,0.02587,0.02609,0.02577,0.02609,4849.01
1648861200000,0.02611,0.02632,0.02585,0.02593,4318.18
1648864800000,0.02594,0.02602,0.02572,0.02582,3630.28
1648868400000,0.02581,0.02588,0.02571,0.02588,1919.87
1648872000000,0.02588,0.02613,0.02586,0.02602,3076.25
1648875600000,0.02602,0.02658,0.02602,0.02643,5076.94
1648879200000,0.02643,0.02643,0.02609,0.02626,5572.63
1648882800000,0.02623,0.02636,0.02623,0.02627,1285.25
1648886400000,0.02628,0.02661,0.02628,0.02658,2372.34
1648890000000,0.02655,0.02664,0.02652,0.02664,2104.89
1648893600000,0.02661,0.02661,0.02644,0.02649,1397.34
1648897200000,0.02649,0.02662,0.02646,0.02646,2608.07
1648900800000,0.02644,0.02668,0.02626,0.02646,10611.2
1648904400000,0.02643,0.02645,0.02624,0.02633,2435.81
1648908000000,0.02636,0.02649,0.02623,0.02628,2273.34
1648911600000,0.02628,0.0263,0.02592,0.0262,6640.45
1648915200000,0.02621,0.02648,0.02614,0.02639,5150.69
1648918800000,0.02635,0.02652,0.02633,0.0265,2094.48
1648922400000,0.02647,0.02651,0.02615,0.02633,4307.29
1648926000000,0.02635,0.02653,0.02635,0.02641,1911.09
1648929600000,0.0264,0.02656,0.0264,0.02655,1621.8
1648933200000,0.02654,0.02684,0.02652,0.02684,1440.54
1648936800000,0.02684,0.0269,0.02668,0.02678,2237.94
1648940400000,0.0268,0.02695,0.02661,0.02662,3293.43
1648944000000,0.02665,0.0271,0.02664,0.02702,5509.25
1648947600000,0.02702,0.02702,0.0265,0.02697,5139.65
1648951200000,0.02697,0.02706,0.02681,0.02695,9071.68
1648954800000,0.02691,0.02731,0.02687,0.02731,4961.2
1648958400000,0.02732,0.02739,0.02701,0.02717,5532.15
1648962000000,0.02715,0.02715,0.02688,0.02688,2030.71
1648965600000,0.02686,0.02701,0.02686,0.02694,1466.94
1648969200000,0.02691,0.02691,0.02675,0.02684,1698.66
1648972800000,0.02683,0.02696,0.0266,0.02665,2207.32
1648976400000,0.02666,0.02689,0.02661,0.02678,2150.05
1648980000000,0.02677,0.02682,0.02659,0.02663,1543.02
1648983600000,0.02659,0.0267,0.02645,0.0266,1543.09
1648987200000,0.0266,0.02681,0.02657,0.0266,2138.01
1648990800000,0.02661,0.02661,0.02633,0.02633,2702.13
1648994400000,0.02632,0.02648,0.02627,0.02648,2831.78
1648998000000,0.0265,0.02659,0.0263,0.02637,2014.67
1649001600000,0.0264,0.02643,0.02626,0.02636,1236.99
1649005200000,0.02635,0.02635,0.02605,0.02605,1580.71
1649008800000,0.02603,0.02615,0.02598,0.02608,1576.52
1649012400000,0.02607,0.02619,0.02607,0.02615,1545.94
1649016000000,0.02613,0.02624,0.02608,0.02619,862.68
1649019600000,0.02622,0.02635,0.02622,0.02631,633.33
1649023200000,0.02632,0.02642,0.02624,0.02632,1656.63
1649026800000,0.02636,0.0265,0.02629,0.02638,1962.6
1649030400000,0.02639,0.02642,0.02626,0.02626,2020.71
1649034000000,0.02625,0.02638,0.0262,0.02628,2261.25
1649037600000,0.02627,0.02648,0.02617,0.02648,1312.86
1649041200000,0.02648,0.02659,0.02637,0.02638,1252.83
1649044800000,0.02639,0.02643,0.02625,0.02625,2932.84
1649048400000,0.02624,0.02642,0.02622,0.02639,1330.28
1649052000000,0.02641,0.02651,0.02633,0.02648,1180.05
1649055600000,0.02651,0.02678,0.0265,0.02664,2141.84
1649059200000,0.02663,0.02679,0.02662,0.02679,2671.57
1649062800000,0.02679,0.02723,0.0267,0.02681,8992.02
1649066400000,0.02681,0.02684,0.02656,0.02669,3546.66
1649070000000,0.02666,0.02714,0.02663,0.02705,4289.45
1649073600000,0.02708,0.02711,0.02674,0.0269,5365.09
1649077200000,0.02691,0.02698,0.02661,0.02661,5074.06
1649080800000,0.0266,0.02673,0.02634,0.02635,6064.06
1649084400000,0.02636,0.02639,0.02563,0.02566,9900.92
1649088000000,0.02566,0.02586,0.02561,0.02584,2690.02
1649091600000,0.02585,0.02585,0.02539,0.02553,5431.52
1649095200000,0.02554,0.02571,0.02548,0.02571,2949.35
1649098800000,0.02571,0.02575,0.02564,0.02573,1820.2
1649102400000,0.02572,0.02574,0.02561,0.0257,2496.86
1649106000000,0.02571,0.02581,0.02567,0.02575,700.46
1649109600000,0.02575,0.02577,0.02567,0.02568,699.41
1649113200000,0.02568,0.0258,0.02561,0.0258,1147.09
1649116800000,0.02578,0.02591,0.02569,0.02591,1335.34
1649120400000,0.02592,0.02598,0.02584,0.02584,1392.59
1649124000000,0.02588,0.02611,0.02588,0.02604,2211.65
1649127600000,0.02606,0.02616,0.02587,0.02595,2691.58
1649131200000,0.02592,0.02608,0.02591,0.02602,846.39
1649134800000,0.026,0.02607,0.02574,0.02574,3243.53
1649138400000,0.02572,0.02579,0.02562,0.0257,2107.0
1649142000000,0.02571,0.02572,0.02566,0.02567,484.14
1649145600000,0.02567,0.02567,0.02556,0.02563,815.65
1649149200000,0.02561,0.0257,0.0256,0.0256,447.91
1649152800000,0.02559,0.02559,0.02546,0.02553,1624.41
1649156400000,0.02553,0.02557,0.02551,0.02553,699.93
1649160000000,0.0255,0.02568,0.02548,0.02553,1581.39
1649163600000,0.02554,0.02558,0.02519,0.02539,4551.68
1649167200000,0.02539,0.02546,0.02522,0.02542,4350.08
1649170800000,0.02542,0.02545,0.02533,0.02542,1482.48
1649174400000,0.02543,0.02547,0.02511,0.0252,2933.96
1649178000000,0.02521,0.02532,0.02515,0.02517,1784.09
1649181600000,0.02516,0.02521,0.02514,0.02517,695.0
1649185200000,0.02517,0.02518,0.02502,0.02513,1724.07
1649188800000,0.02514,0.02514,0.02488,0.02496,3083.94
1649192400000,0.02497,0.02509,0.02497,0.02507,1156.15
1649196000000,0.02505,0.02511,0.025,0.025,564.05
1649199600000,0.02499,0.025,0.02487,0.02499,2022.27
1649203200000,0.02496,0.025,0.02439,0.02469,10777.48
1649206800000,0.02471,0.0248,0.02468,0.0247,1923.67
1649210400000,0.02469,0.02483,0.02466,0.02466,1365.28
1649214000000,0.02465,0.02465,0.02449,0.02454,2116.58
1649217600000,0.02457,0.02469,0.0245,0.02464,1412.35
1649221200000,0.02464,0.02478,0.02463,0.02474,1549.39
1649224800000,0.02472,0.02475,0.02469,0.02475,820.41
1649228400000,0.02474,0.02478,0.02463,0.02468,1070.81
1649232000000,0.02469,0.02482,0.02465,0.02477,1158.95
1649235600000,0.02476,0.02476,0.02449,0.02458,3847.1
1649239200000,0.02459,0.02459,0.02432,0.02432,4355.87
1649242800000,0.02432,0.02445,0.02421,0.02431,5821.85
1649246400000,0.0243,0.02449,0.02429,0.02444,2142.35
1649250000000,0.02441,0.02452,0.02421,0.02423,6962.42
1649253600000,0.02423,0.02448,0.02409,0.02437,11362.79
1649257200000,0.02435,0.02435,0.02414,0.02432,2578.15
1649260800000,0.02436,0.02443,0.02405,0.02419,4489.4
1649264400000,0.02416,0.02421,0.02406,0.02416,2867.72
1649268000000,0.02419,0.02431,0.02404,0.0242,2943.94
1649271600000,0.02421,0.02424,0.02406,0.02411,1320.53
1649275200000,0.02413,0.02419,0.02408,0.02416,813.11
1649278800000,0.02412,0.02417,0.0241,0.02414,705.76
1649282400000,0.02412,0.02412,0.02382,0.02391,2742.25
1649286000000,0.02392,0.02396,0.02361,0.02364,4685.51
1649289600000,0.02372,0.02384,0.02355,0.02364,6240.53
1649293200000,0.02365,0.02376,0.0236,0.02361,2359.42
1649296800000,0.0236,0.02366,0.0235,0.02364,2155.5
1649300400000,0.02362,0.02366,0.02344,0.02349,2889.45
1649304000000,0.02345,0.0235,0.02344,0.0235,846.7
1649307600000,0.02348,0.02349,0.02337,0.02347,1684.02
1649311200000,0.02346,0.02348,0.02338,0.02347,1262.3
1649314800000,0.02349,0.02357,0.02345,0.02352,1492.41
1649318400000,0.02356,0.02363,0.02356,0.02362,515.86
1649322000000,0.02358,0.02359,0.02343,0.02347,866.04
1649325600000,0.02348,0.02351,0.02343,0.02345,565.63
1649329200000,0.02345,0.02359,0.02345,0.02351,1983.84
1649332800000,0.02352,0.02356,0.02336,0.02338,1369.71
1649336400000,0.02338,0.02345,0.02329,0.02344,1829.72
1649340000000,0.02341,0.02345,0.02325,0.02333,2678.85
1649343600000,0.02332,0.02339,0.02319,0.02332,2883.95
1649347200000,0.02332,0.0235,0.02331,0.02347,1990.37
1649350800000,0.02346,0.02346,0.02325,0.02332,1035.15
1649354400000,0.02332,0.02334,0.02323,0.02331,1573.86
1649358000000,0.02333,0.02338,0.02331,0.02334,419.58
1649361600000,0.02332,0.02357,0.02321,0.02357,3411.27
1649365200000,0.02356,0.02376,0.02347,0.0237,2567.33
1649368800000,0.02366,0.02392,0.02364,0.02388,2081.94
1649372400000,0.02385,0.02407,0.02385,0.02396,1866.21
1649376000000,0.02395,0.02401,0.02385,0.02385,1365.34
1649379600000,0.02384,0.02393,0.02381,0.02388,1298.3
1649383200000,0.02385,0.02391,0.0238,0.02386,780.8
1649386800000,0.02386,0.02389,0.0238,0.02387,1183.92
1649390400000,0.0239,0.02403,0.0239,0.02403,845.64
1649394000000,0.02405,0.02415,0.02403,0.02403,1600.23
1649397600000,0.02404,0.02405,0.02397,0.02405,581.7
1649401200000,0.02407,0.02426,0.02402,0.02422,1736.35
1649404800000,0.02425,0.02426,0.02392,0.02396,1857.81
1649408400000,0.02396,0.024,0.02386,0.02398,930.6
1649412000000,0.02398,0.02399,0.02372,0.02376,1359.53
1649415600000,0.02375,0.02378,0.02357,0.02358,2302.81
1649419200000,0.02358,0.02359,0.02343,0.02345,2033.7
1649422800000,0.02343,0.02364,0.02339,0.02363,2327.41
1649426400000,0.02361,0.02366,0.02354,0.02362,1864.1
1649430000000,0.02364,0.02368,0.0236,0.02364,1261.54
1649433600000,0.02366,0.02366,0.02342,0.02346,1559.45
1649437200000,0.02342,0.02351,0.02292,0.02311,9041.89
1649440800000,0.02312,0.02325,0.02309,0.02318,2486.4
1649444400000,0.02318,0.02323,0.02302,0.02302,2172.99
1649448000000,0.02305,0.02318,0.02299,0.02318,1910.3
1649451600000,0.02319,0.02327,0.02305,0.02305,1871.92
1649455200000,0.02304,0.02319,0.02301,0.0231,1956.07
1649458800000,0.02309,0.02313,0.02296,0.02309,3902.83
1649462400000,0.02309,0.02323,0.02308,0.02318,1734.38
1649466000000,0.02317,0.02317,0.0231,0.02316,2332.93
1649469600000,0.02319,0.0233,0.02315,0.02318,3207.81
1649473200000,0.0232,0.02334,0.02318,0.02332,1385.53
1649476800000,0.02331,0.02335,0.02318,0.0232,1330.41
1649480400000,0.02321,0.02335,0.0232,0.02326,2279.63
1649484000000,0.0233,0.02335,0.02322,0.02335,1413.1
1649487600000,0.02336,0.02352,0.02331,0.02343,2081.37
1649491200000,0.02343,0.02346,0.02337,0.0234,1941.97
1649494800000,0.02339,0.02342,0.02331,0.02337,1620.71
1649498400000,0.02335,0.02336,0.02322,0.0233,1389.79
1649502000000,0.02329,0.02332,0.02325,0.02332,687.02
1649505600000,0.02332,0.02339,0.02325,0.02332,1403.75
1649509200000,0.02332,0.02338,0.02328,0.02334,1480.75
1649512800000,0.02334,0.0234,0.02326,0.02336,1492.81
1649516400000,0.02336,0.02344,0.02329,0.0233,1706.08
1649520000000,0.0233,0.02347,0.0233,0.02346,1357.86
1649523600000,0.02348,0.02366,0.02348,0.02365,1619.68
1649527200000,0.02367,0.02367,0.02359,0.02364,800.94
1649530800000,0.02365,0.02375,0.02365,0.02367,1069.73
1649534400000,0.02368,0.02377,0.02361,0.02361,977.82
1649538000000,0.02361,0.02372,0.0236,0.02372,1028.85
1649541600000,0.02371,0.02371,0.02356,0.02356,730.21
1649545200000,0.02356,0.02364,0.02354,0.02356,964.09
1649548800000,0.02355,0.02355,0.02346,0.02347,751.25
1649552400000,0.02345,0.02354,0.02344,0.02348,837.72
1649556000000,0.02348,0.02355,0.02346,0.02355,1096.86
1649559600000,0.02356,0.02368,0.02353,0.02359,1976.14
1649563200000,0.02359,0.02361,0.02353,0.02357,534.42
1649566800000,0.0236,0.02363,0.02357,0.02359,551.13
1649570400000,0.0236,0.0237,0.0236,0.02366,517.47
1649574000000,0.02365,0.02365,0.02352,0.02362,748.04
1649577600000,0.02359,0.02365,0.02353,0.02359,808.35
1649581200000,0.0236,0.02363,0.02357,0.02361,467.69
1649584800000,0.02364,0.02375,0.02364,0.02365,795.34
1649588400000,0.02365,0.02371,0.0236,0.02371,653.5
1649592000000,0.02372,0.02378,0.02362,0.02362,1028.75
1649595600000,0.02366,0.02367,0.0236,0.02367,388.27
1649599200000,0.02368,0.02382,0.02368,0.02381,1698.6
1649602800000,0.02381,0.02388,0.02378,0.02383,1126.75
1649606400000,0.02384,0.02407,0.02383,0.02407,1740.96
1649610000000,0.02409,0.02418,0.02403,0.02403,1424.07
1649613600000,0.02405,0.02414,0.024,0.02401,708.24
1649617200000,0.02399,0.02404,0.02396,0.02398,793.46
1649620800000,0.02398,0.024,0.02393,0.02393,612.06
1649624400000,0.02394,0.02396,0.02389,0.02389,275.08
1649628000000,0.02388,0.02393,0.02356,0.02369,2191.06
1649631600000,0.02365,0.02374,0.02358,0.02364,1567.32
1649635200000,0.02362,0.02362,0.02346,0.0236,2283.24
1649638800000,0.02357,0.02358,0.02342,0.02343,1205.18
1649642400000,0.02343,0.02351,0.02339,0.02342,2419.11
1649646000000,0.02341,0.02352,0.02336,0.02336,1640.0
1649649600000,0.02335,0.02338,0.02331,0.02338,2084.25
1649653200000,0.02339,0.02344,0.02334,0.02338,1285.6
1649656800000,0.02334,0.02338,0.02325,0.02335,1477.31
1649660400000,0.02336,0.02336,0.02326,0.02329,985.36
1649664000000,0.02328,0.02328,0.0231,0.02316,2099.79
1649667600000,0.02313,0.02314,0.02272,0.02276,7097.29
1649671200000,0.0228,0.02295,0.02273,0.02285,3864.77
1649674800000,0.02285,0.02303,0.02285,0.02296,2983.68
1649678400000,0.02294,0.02317,0.02293,0.0231,2089.29
1649682000000,0.0231,0.02312,0.02291,0.02305,4074.63
1649685600000,0.02306,0.02314,0.023,0.023,2457.68
1649689200000,0.02301,0.0232,0.02299,0.02299,2845.76
1649692800000,0.02303,0.02308,0.02293,0.02308,2605.48
1649696400000,0.02309,0.02314,0.02287,0.02302,2533.31
1649700000000,0.02301,0.02302,0.02294,0.023,697.87
1649703600000,0.02298,0.02299,0.02291,0.02295,1283.02
1649707200000,0.02296,0.02296,0.02283,0.02283,2246.84
1649710800000,0.02284,0.02287,0.02278,0.0228,1540.39
1649714400000,0.02283,0.02296,0.02276,0.02278,3002.05
1649718000000,0.02283,0.02284,0.02274,0.02274,1328.67
1649721600000,0.02277,0.02296,0.02275,0.02296,1341.16
1649725200000,0.02298,0.02304,0.02295,0.02302,936.02
1649728800000,0.02303,0.02304,0.02298,0.023,733.07
1649732400000,0.02298,0.02301,0.02289,0.02289,795.39
1649736000000,0.02288,0.02293,0.02284,0.02287,838.1
1649739600000,0.02289,0.02291,0.02286,0.02288,706.97
1649743200000,0.02285,0.02285,0.02277,0.02284,1193.7
1649746800000,0.02282,0.02283,0.02279,0.02283,564.27
1649750400000,0.02284,0.02293,0.02284,0.02287,677.42
1649754000000,0.02286,0.02289,0.02284,0.02289,258.24
1649757600000,0.02289,0.02297,0.02288,0.02297,476.34
1649761200000,0.02297,0.02303,0.02284,0.02284,1136.77
1649764800000,0.02284,0.02286,0.02271,0.02278,1881.07
1649768400000,0.02275,0.02282,0.02266,0.02266,1367.17
1649772000000,0.02265,0.02266,0.0225,0.02251,2982.29
1649775600000,0.02249,0.02258,0.02249,0.02254,466.26
1649779200000,0.02257,0.0226,0.02247,0.02247,1497.63
1649782800000,0.02247,0.02258,0.02243,0.02258,1427.97
1649786400000,0.02254,0.02257,0.02237,0.02237,3098.84
1649790000000,0.02237,0.02246,0.0223,0.02233,7362.41
1649793600000,0.02234,0.0224,0.02226,0.02233,1387.39
1649797200000,0.02234,0.02237,0.02234,0.02234,199.53
1649800800000,0.02237,0.02239,0.02228,0.02239,722.04
1649804400000,0.0224,0.02256,0.0224,0.02255,1541.36
1649808000000,0.02252,0.02259,0.0225,0.02258,424.19
1649811600000,0.0226,0.02264,0.02254,0.02259,2182.83
1649815200000,0.02261,0.02263,0.02239,0.02246,2882.63
1649818800000,0.02246,0.02251,0.02243,0.02251,835.6
1649822400000,0.02248,0.02264,0.02246,0.02262,1571.48
1649826000000,0.02261,0.02269,0.02259,0.02265,1402.02
1649829600000,0.02266,0.02269,0.02262,0.02264,838.69
1649833200000,0.02265,0.02283,0.02265,0.02278,1670.26
1649836800000,0.02277,0.02278,0.02263,0.02263,801.21
1649840400000,0.02265,0.02265,0.02258,0.02258,538.08
1649844000000,0.02258,0.02258,0.02246,0.02255,1277.63
1649847600000,0.02257,0.02263,0.02252,0.02252,971.58
1649851200000,0.02256,0.02263,0.02249,0.0226,684.21
1649854800000,0.02258,0.02283,0.02255,0.02283,1857.5
1649858400000,0.0228,0.02315,0.0228,0.02315,3712.2
1649862000000,0.02316,0.02316,0.02296,0.02305,1860.13
1649865600000,0.02302,0.02308,0.02302,0.02304,1036.47
1649869200000,0.02304,0.02304,0.02295,0.02301,1015.85
1649872800000,0.023,0.02316,0.02294,0.02301,1942.25
1649876400000,0.02302,0.02305,0.02285,0.0229,2292.76
1649880000000,0.02288,0.02291,0.02288,0.02291,198.37
1649883600000,0.02292,0.02292,0.02288,0.02291,513.66
1649887200000,0.02287,0.02287,0.02241,0.02281,4564.91
1649890800000,0.0228,0.02289,0.02276,0.02282,1054.91
1649894400000,0.02281,0.02281,0.02271,0.02274,574.51
1649898000000,0.02274,0.02283,0.02272,0.02283,449.7
1649901600000,0.02283,0.02291,0.02283,0.02291,504.33
1649905200000,0.02291,0.023,0.02289,0.023,1401.11
1649908800000,0.02301,0.02307,0.02301,0.02307,364.65
1649912400000,0.02308,0.02309,0.02301,0.02304,399.02
1649916000000,0.023,0.023,0.0229,0.0229,592.12
1649919600000,0.0229,0.02301,0.02285,0.02301,763.32
1649923200000,0.02298,0.02304,0.02296,0.02304,512.33
1649926800000,0.02301,0.02317,0.02299,0.02314,1275.47
1649930400000,0.02314,0.02314,0.02292,0.02298,868.77
1649934000000,0.02298,0.023,0.02293,0.02293,401.57
1649937600000,0.02292,0.02295,0.02279,0.02288,804.11
1649941200000,0.02289,0.02311,0.0227,0.02276,2881.75
1649944800000,0.02273,0.02293,0.0227,0.02291,2220.4
1649948400000,0.02288,0.02299,0.02279,0.02285,1207.16
1649952000000,0.02284,0.02289,0.02266,0.02266,1706.18
1649955600000,0.02265,0.02267,0.0226,0.02261,839.23
1649959200000,0.02261,0.02283,0.02261,0.02276,1240.68
1649962800000,0.02276,0.02276,0.0227,0.0227,544.39
1649966400000,0.0227,0.02282,0.0227,0.02279,483.81
1649970000000,0.0228,0.02285,0.0228,0.0228,324.37
1649973600000,0.02283,0.0229,0.02283,0.02285,406.54
1649977200000,0.02286,0.02288,0.02284,0.02284,425.74
1649980800000,0.02285,0.02321,0.02285,0.02316,2691.45
1649984400000,0.02315,0.02324,0.02315,0.02315,1344.62
1649988000000,0.02315,0.02334,0.02315,0.02331,1726.31
1649991600000,0.02331,0.02355,0.02331,0.02352,5148.95
1649995200000,0.02353,0.02381,0.02347,0.02349,6215.0
1649998800000,0.02348,0.0235,0.02338,0.02338,1266.82
1650002400000,0.02337,0.02341,0.02327,0.02328,2698.78
1650006000000,0.02327,0.02335,0.02317,0.02332,1591.93
1650009600000,0.02331,0.02331,0.02321,0.02323,1015.15
1650013200000,0.02324,0.02324,0.02305,0.02308,1739.49
1650016800000,0.02308,0.02313,0.02305,0.02305,555.28
1650020400000,0.02305,0.02317,0.02305,0.02317,614.75
1650024000000,0.02315,0.02315,0.02308,0.02309,663.92
1650027600000,0.02307,0.02315,0.02299,0.02303,1788.92
1650031200000,0.02303,0.0231,0.02284,0.02303,3024.78
1650034800000,0.02302,0.02321,0.02301,0.02321,1984.13
1650038400000,0.02323,0.02326,0.02311,0.0232,1891.68
1650042000000,0.0232,0.02326,0.02318,0.02326,869.44
1650045600000,0.02325,0.02325,0.0232,0.0232,268.2
1650049200000,0.0232,0.02322,0.02314,0.02322,732.01
1650052800000,0.02324,0.02343,0.0232,0.02338,2236.58
1650056400000,0.02339,0.02339,0.02332,0.02332,272.25
1650060000000,0.02331,0.02339,0.02328,0.02339,404.04
1650063600000,0.02337,0.02352,0.02336,0.0234,934.67
1650067200000,0.02342,0.02344,0.02334,0.02337,628.43
1650070800000,0.02338,0.0234,0.02333,0.02336,410.0
1650074400000,0.02334,0.02339,0.02332,0.02339,441.42
1650078000000,0.02339,0.02339,0.02334,0.02339,259.42
1650081600000,0.02339,0.02351,0.02339,0.02351,467.91
1650085200000,0.02353,0.02362,0.02353,0.02362,909.24
1650088800000,0.02362,0.02363,0.02347,0.02352,772.81
1650092400000,0.02352,0.02355,0.02349,0.02354,798.46
1650096000000,0.02351,0.02351,0.02341,0.02345,522.56
1650099600000,0.02343,0.02343,0.02333,0.02333,353.25
1650103200000,0.02332,0.02336,0.02331,0.02333,491.96
1650106800000,0.02334,0.02334,0.02329,0.0233,251.67
1650110400000,0.02332,0.02339,0.02332,0.02338,434.27
1650114000000,0.0234,0.02344,0.02339,0.02341,563.77
1650117600000,0.02341,0.02341,0.02331,0.02331,1265.72
1650121200000,0.02334,0.02344,0.02316,0.02316,2751.89
1650124800000,0.02318,0.02321,0.02307,0.02315,1613.22
1650128400000,0.02315,0.02315,0.02303,0.02304,462.17
1650132000000,0.02305,0.02306,0.02304,0.02306,214.49
1650135600000,0.02307,0.02307,0.02298,0.02298,706.26
1650139200000,0.02298,0.02302,0.02297,0.02298,306.57
1650142800000,0.02298,0.02305,0.02298,0.02305,366.02
1650146400000,0.02304,0.02311,0.02304,0.02309,682.01
1650150000000,0.0231,0.02318,0.02308,0.02317,728.77
1650153600000,0.02319,0.02326,0.02317,0.02317,888.69
1650157200000,0.02321,0.02325,0.02319,0.02325,1718.8
1650160800000,0.02325,0.02325,0.0231,0.0231,710.57
1650164400000,0.0231,0.0231,0.02303,0.02307,1055.29
1650168000000,0.02305,0.02307,0.02304,0.02307,217.33
1650171600000,0.02307,0.02314,0.02307,0.02314,540.14
1650175200000,0.02315,0.02317,0.02308,0.02309,855.27
1650178800000,0.02311,0.02318,0.02311,0.02315,708.55
1650182400000,0.02314,0.02322,0.02313,0.02319,1145.24
1650186000000,0.02319,0.02319,0.02315,0.02315,417.49
1650189600000,0.02318,0.02319,0.02307,0.02313,636.38
1650193200000,0.02313,0.02314,0.02306,0.02309,797.56
1650196800000,0.0231,0.02311,0.02307,0.0231,1154.19
1650200400000,0.02308,0.02316,0.02302,0.0231,1627.48
1650204000000,0.02309,0.02313,0.02308,0.02312,405.47
1650207600000,0.02314,0.02323,0.02314,0.02323,656.02
1650211200000,0.02322,0.02324,0.0232,0.0232,634.39
1650214800000,0.02321,0.02323,0.02313,0.02313,859.68
1650218400000,0.02315,0.02316,0.02294,0.02296,2070.68
1650222000000,0.02299,0.02305,0.02297,0.02305,760.11
1650225600000,0.02303,0.02303,0.02299,0.023,400.13
1650229200000,0.02302,0.02302,0.02296,0.02296,563.82
1650232800000,0.02295,0.02295,0.02284,0.02286,885.83
1650236400000,0.02283,0.02283,0.02266,0.02273,2480.15
1650240000000,0.02274,0.02277,0.02268,0.02271,1085.37
1650243600000,0.02271,0.02279,0.0227,0.02279,689.73
1650247200000,0.0228,0.02282,0.02274,0.02279,811.52
1650250800000,0.02279,0.02282,0.02269,0.02276,1532.56
1650254400000,0.02276,0.02276,0.02246,0.02246,4321.58
1650258000000,0.02245,0.02247,0.02234,0.02241,1729.96
1650261600000,0.02243,0.02243,0.02236,0.02241,684.46
1650265200000,0.02242,0.02243,0.02236,0.02237,676.59
1650268800000,0.0224,0.02243,0.02233,0.02234,477.27
1650272400000,0.02232,0.02233,0.02228,0.02228,765.78
1650276000000,0.02229,0.02231,0.02227,0.02231,519.52
1650279600000,0.02231,0.02233,0.0223,0.02233,302.52
1650283200000,0.0223,0.02244,0.0223,0.02244,1265.95
1650286800000,0.0224,0.02246,0.02236,0.02236,1455.54
1650290400000,0.02237,0.02239,0.02233,0.02239,940.65
1650294000000,0.02236,0.02236,0.02227,0.02227,1422.01
1650297600000,0.02227,0.02239,0.02221,0.02232,2017.77
1650301200000,0.0223,0.0224,0.02226,0.02236,1972.72
1650304800000,0.02235,0.02242,0.02231,0.02237,983.77
1650308400000,0.02236,0.02236,0.02232,0.02232,576.6
1650312000000,0.0223,0.02232,0.02227,0.02232,792.38
1650315600000,0.02232,0.02238,0.02232,0.02237,361.81
1650319200000,0.02235,0.02248,0.02234,0.02248,1223.63
1650322800000,0.02248,0.02254,0.02246,0.02253,1161.31
1650326400000,0.02251,0.02254,0.0224,0.0224,1630.78
1650330000000,0.02241,0.02241,0.02236,0.02236,567.65
1650333600000,0.02236,0.02236,0.0223,0.0223,1685.28
1650337200000,0.02229,0.02232,0.02226,0.02227,1325.37
1650340800000,0.02228,0.02229,0.02227,0.02228,211.11
1650344400000,0.02231,0.02236,0.0223,0.02236,913.81
1650348000000,0.02235,0.0224,0.02214,0.02214,2776.65
1650351600000,0.02214,0.02214,0.02196,0.02196,3343.19
1650355200000,0.02196,0.02199,0.02191,0.02199,1905.65
1650358800000,0.022,0.02205,0.02194,0.02205,1789.6
1650362400000,0.02207,0.02211,0.02207,0.0221,873.34
1650366000000,0.02211,0.02225,0.0221,0.02221,1655.4
1650369600000,0.02222,0.02246,0.02222,0.02246,1889.03
1650373200000,0.02249,0.02254,0.02248,0.02254,1477.0
1650376800000,0.02252,0.02267,0.02252,0.02256,2917.21
1650380400000,0.02258,0.02272,0.02257,0.02272,1573.21
1650384000000,0.02274,0.02285,0.02274,0.02278,2257.26
1650387600000,0.02276,0.02276,0.02264,0.02264,1242.71
1650391200000,0.02265,0.02271,0.02265,0.02267,947.44
1650394800000,0.02266,0.02268,0.02261,0.02261,1137.85
1650398400000,0.02263,0.02263,0.02257,0.02257,1142.4
1650402000000,0.02257,0.02258,0.02252,0.02256,518.75
1650405600000,0.02254,0.02259,0.02252,0.02252,335.08
1650409200000,0.02255,0.02265,0.02255,0.02262,567.24
1650412800000,0.02262,0.02263,0.02239,0.02239,1972.22
1650416400000,0.02238,0.02246,0.02233,0.02246,1051.92
1650420000000,0.02246,0.02246,0.02236,0.02236,530.35
1650423600000,0.02235,0.02235,0.0223,0.02233,812.66
1650427200000,0.02234,0.02235,0.0223,0.02234,1015.48
1650430800000,0.02234,0.02237,0.02228,0.02237,766.87
1650434400000,0.02238,0.02244,0.02238,0.02238,669.73
1650438000000,0.02242,0.02247,0.02237,0.0224,2355.9
1650441600000,0.0224,0.02243,0.02238,0.0224,602.08
1650445200000,0.02237,0.02237,0.02218,0.02222,1993.2
1650448800000,0.0222,0.02227,0.02211,0.02222,1410.48
1650452400000,0.02225,0.02261,0.02225,0.02261,3702.51
1650456000000,0.02259,0.02265,0.02251,0.02259,2575.91
1650459600000,0.0226,0.02262,0.02222,0.02239,3211.98
1650463200000,0.02235,0.02235,0.02206,0.02206,2248.25
1650466800000,0.02205,0.02205,0.02191,0.02197,4300.4
1650470400000,0.02194,0.02202,0.02193,0.02194,1762.03
1650474000000,0.02197,0.02206,0.02193,0.02206,1320.3
1650477600000,0.02205,0.02205,0.02192,0.02194,2127.75
1650481200000,0.02197,0.02207,0.02197,0.02206,875.57
1650484800000,0.02205,0.02206,0.02195,0.02203,889.43
1650488400000,0.02204,0.02207,0.022,0.022,997.11
1650492000000,0.022,0.02245,0.022,0.02241,2879.37
1650495600000,0.02242,0.02247,0.02225,0.0223,1965.48
1650499200000,0.02229,0.02247,0.02225,0.02241,3868.08
1650502800000,0.02241,0.02254,0.02241,0.02254,947.36
1650506400000,0.02254,0.02259,0.02244,0.02245,1496.37
1650510000000,0.02246,0.0226,0.02246,0.0226,1486.22
1650513600000,0.02262,0.0227,0.02252,0.02252,2977.34
1650517200000,0.02251,0.02254,0.02248,0.02251,910.96
1650520800000,0.02248,0.0225,0.02231,0.02231,3145.38
1650524400000,0.02234,0.02245,0.02228,0.02242,2354.22
1650528000000,0.02243,0.02245,0.02227,0.02238,3337.73
1650531600000,0.02235,0.02235,0.02213,0.02218,3330.52
1650535200000,0.02216,0.0224,0.02212,0.0224,3898.86
1650538800000,0.02239,0.02246,0.02233,0.02246,1696.41
1650542400000,0.02247,0.02259,0.02244,0.02259,4161.73
1650546000000,0.02259,0.02283,0.02257,0.02263,3907.85
1650549600000,0.02263,0.02265,0.02259,0.0226,1087.67
1650553200000,0.02259,0.02262,0.02252,0.02254,1549.05
1650556800000,0.02252,0.02261,0.02247,0.02247,1825.24
1650560400000,0.02245,0.02248,0.02238,0.0224,1451.99
1650564000000,0.02239,0.02245,0.02234,0.02236,1740.51
1650567600000,0.02235,0.02242,0.02187,0.02187,6089.84
1650571200000,0.02186,0.02188,0.02157,0.02173,6491.89
1650574800000,0.02172,0.022,0.02171,0.02196,3009.98
1650578400000,0.02194,0.02199,0.02149,0.02178,7494.54
1650582000000,0.0218,0.02191,0.02179,0.02188,1973.26
1650585600000,0.02187,0.02208,0.02182,0.02203,2649.59
1650589200000,0.02204,0.02209,0.02192,0.022,2225.52
1650592800000,0.02203,0.02203,0.02187,0.02189,851.48
1650596400000,0.02187,0.02191,0.02182,0.02191,960.63
1650600000000,0.02191,0.02208,0.02191,0.02203,2117.49
1650603600000,0.02203,0.02214,0.02202,0.02214,1105.38
1650607200000,0.02211,0.02214,0.02199,0.02199,1213.6
1650610800000,0.02202,0.02209,0.02194,0.02207,2040.79
1650614400000,0.02207,0.02213,0.02207,0.02209,1163.83
1650618000000,0.02206,0.02206,0.02197,0.02197,1738.27
1650621600000,0.02198,0.02198,0.02192,0.02193,674.98
1650625200000,0.02193,0.02195,0.02184,0.02185,1330.87
1650628800000,0.02186,0.02191,0.02178,0.02178,867.93
1650632400000,0.02178,0.02182,0.02162,0.02166,4269.67
1650636000000,0.02167,0.02168,0.02145,0.02146,3762.66
1650639600000,0.02147,0.02172,0.02146,0.02172,2559.17
1650643200000,0.02172,0.02186,0.02166,0.02185,1680.82
1650646800000,0.02184,0.02237,0.0218,0.02207,11280.74
1650650400000,0.02208,0.02209,0.022,0.02202,2150.36
1650654000000,0.02203,0.02212,0.02192,0.02192,2327.25
1650657600000,0.02194,0.02196,0.02187,0.02189,935.94
1650661200000,0.02191,0.02197,0.02189,0.0219,794.18
1650664800000,0.02191,0.02191,0.0218,0.0218,2027.89
1650668400000,0.02182,0.02192,0.02176,0.02188,1332.35
1650672000000,0.0219,0.02199,0.0219,0.02192,1343.11
1650675600000,0.02192,0.02208,0.02192,0.02208,1629.19
1650679200000,0.02206,0.02222,0.02206,0.02218,1790.48
1650682800000,0.0222,0.0224,0.02219,0.02238,2344.95
1650686400000,0.02238,0.0224,0.02214,0.02228,4853.49
1650690000000,0.02228,0.02228,0.0222,0.02223,1619.14
1650693600000,0.02223,0.02228,0.02222,0.02228,1396.77
1650697200000,0.0223,0.02235,0.02226,0.02227,1216.51
1650700800000,0.02227,0.02238,0.02227,0.02232,1423.65
1650704400000,0.02235,0.0224,0.02234,0.02237,798.49
1650708000000,0.02234,0.0225,0.02232,0.02245,6590.94
1650711600000,0.02245,0.02265,0.02244,0.02254,2873.19
1650715200000,0.02253,0.02272,0.02247,0.02261,3126.21
1650718800000,0.02264,0.02267,0.02244,0.02248,2836.09
1650722400000,0.02248,0.02264,0.02248,0.02263,1525.38
1650726000000,0.02263,0.02263,0.02254,0.02254,1743.75
1650729600000,0.02253,0.02256,0.02242,0.02242,1744.93
1650733200000,0.02241,0.02241,0.02226,0.02229,1812.52
1650736800000,0.02225,0.02227,0.02217,0.02222,738.39
1650740400000,0.0222,0.02223,0.02212,0.02216,826.59
1650744000000,0.02214,0.02221,0.02214,0.0222,848.15
1650747600000,0.02217,0.02226,0.02217,0.02226,250.85
1650751200000,0.02227,0.02238,0.02227,0.02233,1615.89
1650754800000,0.02231,0.02234,0.02219,0.02224,2018.91
1650758400000,0.02221,0.02228,0.0222,0.02226,1899.56
1650762000000,0.02225,0.0223,0.02222,0.02224,1170.22
1650765600000,0.02225,0.02234,0.02223,0.02227,990.47
1650769200000,0.02227,0.02239,0.02225,0.02234,1305.25
1650772800000,0.02236,0.02239,0.02226,0.02228,1087.14
1650776400000,0.0223,0.02233,0.02229,0.0223,583.77
1650780000000,0.02232,0.02245,0.02231,0.02245,1297.08
1650783600000,0.02247,0.0226,0.02246,0.02246,1697.97
1650787200000,0.02248,0.02251,0.02246,0.02246,520.72
1650790800000,0.02247,0.02258,0.02241,0.02258,1860.95
1650794400000,0.02258,0.0226,0.02249,0.02255,1105.31
1650798000000,0.02257,0.02261,0.02225,0.02233,2105.31
1650801600000,0.0223,0.0223,0.02217,0.02217,1937.29
1650805200000,0.02217,0.02217,0.02201,0.02202,3024.57
1650808800000,0.02202,0.02213,0.02189,0.02213,2449.56
1650812400000,0.02214,0.02218,0.02199,0.02204,1880.37
1650816000000,0.02205,0.02206,0.02187,0.022,2877.7
1650819600000,0.02197,0.02197,0.02185,0.0219,2289.58
1650823200000,0.02191,0.02199,0.02188,0.02196,929.63
1650826800000,0.02196,0.022,0.02193,0.022,901.14
1650830400000,0.02202,0.02203,0.02187,0.02189,890.57
1650834000000,0.0219,0.02196,0.02187,0.02193,615.02
1650837600000,0.02196,0.02198,0.02184,0.02185,784.11
1650841200000,0.02184,0.02188,0.02179,0.02183,1170.31
1650844800000,0.02184,0.02188,0.0213,0.02137,9004.74
1650848400000,0.02139,0.02145,0.02133,0.0214,2380.36
1650852000000,0.02141,0.02146,0.02136,0.02146,1877.03
1650855600000,0.02145,0.02167,0.02145,0.02167,1656.61
1650859200000,0.02166,0.02166,0.02147,0.02148,1840.48
1650862800000,0.02149,0.02149,0.02134,0.02138,3415.06
1650866400000,0.02139,0.02158,0.02134,0.02142,3886.43
1650870000000,0.02141,0.02144,0.02128,0.02136,6173.6
1650873600000,0.02136,0.02147,0.02136,0.0214,1579.55
1650877200000,0.02138,0.02155,0.02138,0.02151,2367.04
1650880800000,0.02149,0.02151,0.02141,0.02141,1936.01
1650884400000,0.02139,0.02152,0.02136,0.0215,2843.87
1650888000000,0.0215,0.0216,0.0215,0.02156,1335.23
1650891600000,0.02156,0.02168,0.02151,0.02161,3020.03
1650895200000,0.0216,0.02172,0.02157,0.02167,1969.04
1650898800000,0.02168,0.02168,0.02158,0.02161,1917.78
1650902400000,0.02163,0.02181,0.02161,0.02174,3124.88
1650906000000,0.02173,0.02185,0.02165,0.02165,1341.91
1650909600000,0.02164,0.02166,0.02156,0.02164,1056.22
1650913200000,0.02163,0.02172,0.02157,0.02168,1753.0
1650916800000,0.02167,0.02167,0.02157,0.02157,632.12
1650920400000,0.02157,0.02163,0.02157,0.02162,171.84
1650924000000,0.02159,0.02159,0.02151,0.02157,1288.26
1650927600000,0.02158,0.02168,0.02158,0.02161,911.99
1650931200000,0.0216,0.02163,0.02157,0.0216,915.67
1650934800000,0.02158,0.02161,0.02154,0.02154,926.52
1650938400000,0.02153,0.02166,0.02152,0.02166,932.91
1650942000000,0.02164,0.02164,0.02155,0.02157,531.88
1650945600000,0.02154,0.02163,0.02154,0.02162,686.21
1650949200000,0.02163,0.02166,0.02147,0.02154,1463.53
1650952800000,0.02154,0.02154,0.02146,0.02153,738.92
1650956400000,0.02154,0.02161,0.0215,0.02161,1478.98
1650960000000,0.02162,0.02171,0.02162,0.02167,2057.56
1650963600000,0.02168,0.02183,0.02168,0.02183,979.7
1650967200000,0.02183,0.02188,0.02181,0.02181,746.21
1650970800000,0.02185,0.02186,0.02171,0.02171,866.76
1650974400000,0.02172,0.02172,0.02157,0.02159,1505.98
1650978000000,0.02158,0.02164,0.0215,0.02151,1302.57
1650981600000,0.02152,0.02153,0.02127,0.0213,3206.39
1650985200000,0.02127,0.02142,0.02124,0.02129,2979.8
1650988800000,0.0213,0.02141,0.02124,0.02135,3464.26
1650992400000,0.02133,0.02133,0.02109,0.02116,2820.03
1650996000000,0.02113,0.0212,0.02109,0.02114,1652.5
1650999600000,0.02115,0.02116,0.02098,0.021,3323.29
1651003200000,0.021,0.02104,0.02083,0.02096,4458.23
1651006800000,0.02097,0.02101,0.02091,0.02098,1026.95
1651010400000,0.021,0.02102,0.0209,0.02102,1544.73
1651014000000,0.02103,0.02103,0.02069,0.02074,3736.43
1651017600000,0.02074,0.02093,0.02074,0.02086,2795.38
1651021200000,0.02089,0.02101,0.02089,0.021,865.51
1651024800000,0.021,0.021,0.02097,0.021,871.3
1651028400000,0.02101,0.02104,0.02097,0.021,1165.1
1651032000000,0.02101,0.02107,0.021,0.02104,755.47
1651035600000,0.02106,0.02111,0.02105,0.02106,1145.88
1651039200000,0.02107,0.02113,0.02104,0.02112,1663.03
1651042800000,0.02114,0.02115,0.02107,0.0211,1509.82
1651046400000,0.0211,0.02114,0.02108,0.02111,2306.73
1651050000000,0.02115,0.02119,0.02113,0.02115,640.46
1651053600000,0.02115,0.02121,0.02115,0.02118,529.38
1651057200000,0.02116,0.02119,0.02101,0.02113,1722.56
1651060800000,0.02111,0.02124,0.02106,0.02106,1083.99
1651064400000,0.02109,0.02138,0.02109,0.02127,2588.2
1651068000000,0.02125,0.02132,0.02117,0.02131,2996.93
1651071600000,0.02132,0.02141,0.02128,0.02134,817.68
1651075200000,0.02134,0.02142,0.02122,0.02122,2248.11
1651078800000,0.02121,0.02128,0.02112,0.02122,1441.28
1651082400000,0.02121,0.02121,0.02111,0.02111,744.76
1651086000000,0.02111,0.02112,0.02101,0.02102,1260.88
1651089600000,0.02102,0.02106,0.02098,0.02102,1248.52
1651093200000,0.02104,0.02104,0.02099,0.02102,604.41
1651096800000,0.02101,0.02101,0.02093,0.02093,582.59
1651100400000,0.02093,0.02102,0.02089,0.02102,837.22
1651104000000,0.02102,0.02102,0.0209,0.02099,2097.55
1651107600000,0.02097,0.02105,0.0209,0.02092,1287.69
1651111200000,0.02092,0.02115,0.02092,0.02111,1628.71
1651114800000,0.02111,0.02115,0.02109,0.02112,775.97
1651118400000,0.02112,0.02113,0.02107,0.02113,2391.2
1651122000000,0.02115,0.02117,0.02099,0.02102,1479.3
1651125600000,0.02104,0.02109,0.02102,0.02102,1248.6
1651129200000,0.02105,0.0211,0.02103,0.02104,975.07
1651132800000,0.02102,0.02102,0.02055,0.02055,8333.54
1651136400000,0.02055,0.02068,0.02055,0.02061,1551.98
1651140000000,0.02065,0.02066,0.02055,0.02056,939.17
1651143600000,0.02055,0.0206,0.02052,0.02054,1161.82
1651147200000,0.02054,0.02054,0.02038,0.02038,2329.63
1651150800000,0.02037,0.02038,0.02023,0.02029,2866.53
1651154400000,0.02026,0.0203,0.02019,0.02021,2270.99
1651158000000,0.02019,0.02038,0.02011,0.02014,4494.76
1651161600000,0.02012,0.02025,0.02004,0.02021,2805.73
1651165200000,0.02019,0.02027,0.02014,0.02022,1817.22
1651168800000,0.02025,0.02038,0.02025,0.02035,1357.53
1651172400000,0.02036,0.02046,0.02034,0.02034,1914.52
1651176000000,0.02034,0.02034,0.02024,0.02025,1134.01
1651179600000,0.02024,0.02025,0.02003,0.02007,1285.56
1651183200000,0.02005,0.02005,0.01991,0.01991,2347.72
1651186800000,0.0199,0.02012,0.01989,0.02008,2136.07
1651190400000,0.02008,0.02015,0.02004,0.0201,2151.67
1651194000000,0.0201,0.0201,0.01992,0.02002,1726.85
1651197600000,0.02001,0.02008,0.02,0.02005,1296.65
1651201200000,0.02005,0.02006,0.01999,0.02001,823.52
1651204800000,0.02003,0.0202,0.02002,0.02018,2369.34
1651208400000,0.0202,0.02024,0.02003,0.02003,1198.47
1651212000000,0.02006,0.02018,0.02003,0.02018,1256.79
1651215600000,0.02019,0.0202,0.02011,0.02011,915.91
1651219200000,0.02012,0.02014,0.02007,0.02009,1507.95
1651222800000,0.02012,0.02021,0.02009,0.02012,1686.4
1651226400000,0.02012,0.02017,0.01982,0.01996,3671.07
1651230000000,0.01994,0.01998,0.01986,0.01995,1413.4
1651233600000,0.01995,0.02012,0.01992,0.02005,1604.49
1651237200000,0.02006,0.0201,0.01996,0.01996,1593.17
1651240800000,0.01999,0.02004,0.01983,0.01987,1729.48
1651244400000,0.01985,0.01985,0.01977,0.01977,1611.91
1651248000000,0.01978,0.01982,0.01969,0.01976,3911.01
1651251600000,0.01978,0.01993,0.01978,0.01984,3173.6
1651255200000,0.01983,0.01984,0.01964,0.01966,6093.08
1651258800000,0.01965,0.01966,0.01927,0.01935,5447.98
1651262400000,0.01936,0.01939,0.01922,0.01924,3293.93
1651266000000,0.01923,0.01939,0.01923,0.01935,1429.59
1651269600000,0.01935,0.01938,0.01922,0.01938,1381.22
1651273200000,0.01938,0.01944,0.01934,0.01939,1164.85
1651276800000,0.01939,0.01949,0.01937,0.01945,1411.11
1651280400000,0.01945,0.01953,0.01945,0.01953,1153.64
1651284000000,0.01955,0.0196,0.01948,0.01948,1134.28
1651287600000,0.01946,0.01949,0.01935,0.01947,1803.45
1651291200000,0.01947,0.01953,0.01944,0.01949,980.91
1651294800000,0.01947,0.0195,0.01943,0.0195,747.38
1651298400000,0.01951,0.01951,0.01939,0.0194,645.44
1651302000000,0.01941,0.01943,0.01932,0.01932,777.16
1651305600000,0.01932,0.01935,0.01916,0.01934,2723.59
1651309200000,0.01933,0.01935,0.01927,0.01935,1910.92
1651312800000,0.01933,0.0194,0.01927,0.01929,1981.45
1651316400000,0.01932,0.01941,0.01932,0.01938,1309.64
1651320000000,0.01938,0.01946,0.01937,0.01941,1299.66
1651323600000,0.01938,0.01948,0.01929,0.01941,2154.54
1651327200000,0.01941,0.01944,0.01913,0.01913,3127.84
1651330800000,0.01913,0.01927,0.01908,0.01919,3254.22
1651334400000,0.01919,0.01925,0.01916,0.01916,1462.57
1651338000000,0.01914,0.01914,0.01882,0.01885,4306.81
1651341600000,0.01884,0.01894,0.01884,0.01893,2623.33
1651345200000,0.01893,0.01906,0.01889,0.01902,2527.22
1651348800000,0.01904,0.01911,0.01901,0.01906,2339.01
1651352400000,0.01906,0.01956,0.01906,0.01936,4636.56
1651356000000,0.01935,0.01935,0.01902,0.01903,4403.85
1651359600000,0.01906,0.01908,0.01671,0.01792,50689.03
1651363200000,0.01793,0.01811,0.01758,0.01774,11350.45
1651366800000,0.01777,0.01783,0.0175,0.01778,7414.04
1651370400000,0.01778,0.01786,0.01776,0.0178,4805.23
1651374000000,0.01779,0.01785,0.01777,0.01783,2764.59
1651377600000,0.01781,0.01784,0.01767,0.01769,3488.55
1651381200000,0.0177,0.01803,0.0177,0.01803,3472.68
1651384800000,0.01804,0.01809,0.01793,0.01796,1891.34
1651388400000,0.01796,0.01798,0.01793,0.01794,1871.22
1651392000000,0.01797,0.01809,0.01797,0.01807,3035.83
1651395600000,0.01809,0.01811,0.01799,0.01799,804.6
1651399200000,0.01799,0.01813,0.01799,0.01812,2554.0
1651402800000,0.01809,0.01811,0.01799,0.01801,1816.26
1651406400000,0.01803,0.01824,0.01795,0.01801,4720.25
1651410000000,0.01804,0.0182,0.01796,0.01808,4199.32
1651413600000,0.01811,0.01822,0.0181,0.0181,2474.47
1651417200000,0.01809,0.01849,0.01809,0.01843,6650.04
1651420800000,0.01843,0.0185,0.01837,0.01844,3391.54
1651424400000,0.01845,0.01847,0.01828,0.01828,1677.09
1651428000000,0.01828,0.01829,0.01804,0.01805,2489.68
1651431600000,0.01804,0.01806,0.01786,0.01802,4169.3
1651435200000,0.01804,0.01821,0.01798,0.01821,2479.23
1651438800000,0.01821,0.01821,0.01803,0.01805,2435.9
1651442400000,0.01805,0.01813,0.01804,0.01804,1134.2
1651446000000,0.01804,0.0183,0.01804,0.01825,2162.46
1651449600000,0.01822,0.01833,0.01816,0.01827,2201.54
1651453200000,0.0183,0.01835,0.01816,0.01816,1846.81
1651456800000,0.01816,0.01819,0.01808,0.01811,1640.59
1651460400000,0.01812,0.01812,0.018,0.018,1426.5
1651464000000,0.01799,0.01816,0.01798,0.01816,1791.89
1651467600000,0.01817,0.01818,0.01807,0.01812,1089.48
1651471200000,0.01812,0.01813,0.01796,0.01797,1509.76
1651474800000,0.01799,0.01802,0.01792,0.01792,1370.18
1651478400000,0.01791,0.01791,0.01778,0.01781,3343.66
1651482000000,0.01781,0.01781,0.01759,0.01761,4534.06
1651485600000,0.01761,0.01767,0.01758,0.01758,1713.76
1651489200000,0.01758,0.01759,0.01737,0.01737,3910.63
1651492800000,0.0174,0.01756,0.0174,0.01752,4018.13
1651496400000,0.01754,0.01779,0.01746,0.01776,7279.71
1651500000000,0.01776,0.01789,0.01761,0.01782,5043.84
1651503600000,0.01782,0.0179,0.01779,0.01784,4091.29
1651507200000,0.01785,0.01785,0.01767,0.01767,1957.53
1651510800000,0.01766,0.01766,0.0174,0.01746,3522.14
1651514400000,0.01747,0.01754,0.0174,0.0175,3491.91
1651518000000,0.0175,0.01762,0.01747,0.01762,2048.7
1651521600000,0.01762,0.01768,0.01757,0.01759,1898.91
1651525200000,0.01758,0.01776,0.01758,0.01776,1024.14
1651528800000,0.01778,0.01796,0.01778,0.01785,1897.2
1651532400000,0.01783,0.01792,0.0178,0.0178,1459.65
1651536000000,0.01778,0.01778,0.01765,0.01765,2476.96
1651539600000,0.01768,0.01785,0.01764,0.01784,2079.3
1651543200000,0.01786,0.01793,0.01776,0.01785,2166.18
1651546800000,0.01784,0.01802,0.01782,0.01793,1739.06
1651550400000,0.01794,0.01808,0.01794,0.01808,885.81
1651554000000,0.01808,0.01827,0.01797,0.01825,3015.57
1651557600000,0.01825,0.01825,0.01809,0.01818,3136.53
1651561200000,0.01817,0.01818,0.01814,0.01817,1693.09
1651564800000,0.01817,0.01822,0.01807,0.01811,1505.94
1651568400000,0.0181,0.01811,0.01803,0.01807,1572.64
1651572000000,0.01808,0.01809,0.01801,0.01809,1016.49
1651575600000,0.01807,0.0183,0.01806,0.0183,2452.92
1651579200000,0.01831,0.01832,0.01823,0.01823,1760.82
1651582800000,0.01822,0.01823,0.0181,0.01823,2791.5
1651586400000,0.01825,0.01832,0.01817,0.01817,2663.06
1651590000000,0.0182,0.01822,0.01798,0.018,1950.27
1651593600000,0.018,0.018,0.01789,0.01791,1753.29
1651597200000,0.0179,0.01798,0.01787,0.01787,1321.71
1651600800000,0.01786,0.01786,0.01771,0.01775,4083.0
1651604400000,0.01776,0.01776,0.01767,0.01768,1099.38
1651608000000,0.01768,0.01771,0.01763,0.01771,1487.93
1651611600000,0.01772,0.01777,0.01767,0.01776,887.06
1651615200000,0.01777,0.01798,0.01777,0.01787,1957.44
1651618800000,0.01785,0.01789,0.01779,0.01787,2455.13
1651622400000,0.01788,0.01798,0.01784,0.01798,1565.51
1651626000000,0.01799,0.018,0.01787,0.01787,1163.78
1651629600000,0.01788,0.01801,0.01788,0.01801,1556.19
1651633200000,0.01801,0.01806,0.018,0.018,1548.73
1651636800000,0.018,0.01814,0.018,0.01801,1274.6
1651640400000,0.01801,0.01801,0.01789,0.01789,1225.81
1651644000000,0.01788,0.01807,0.01785,0.01807,1795.57
1651647600000,0.01808,0.01817,0.01802,0.01816,1569.81
1651651200000,0.01816,0.01852,0.01816,0.01847,5653.14
1651654800000,0.01848,0.01853,0.01824,0.01832,3418.42
1651658400000,0.0183,0.01874,0.01824,0.01874,4925.16
1651662000000,0.01874,0.01874,0.01856,0.01856,3951.04
1651665600000,0.01855,0.0186,0.01841,0.01849,3201.67
1651669200000,0.01846,0.01847,0.01831,0.01834,2062.33
1651672800000,0.01831,0.01832,0.01813,0.01816,2904.31
1651676400000,0.01816,0.01827,0.01799,0.01799,5195.77
1651680000000,0.01798,0.0183,0.0179,0.01828,5049.94
1651683600000,0.01829,0.01904,0.01809,0.01902,20499.18
1651687200000,0.01902,0.01932,0.01898,0.01923,13643.68
1651690800000,0.01923,0.01949,0.01918,0.01937,5583.84
1651694400000,0.01934,0.01949,0.01934,0.01947,4648.6
1651698000000,0.01948,0.01961,0.01945,0.01961,2652.69
1651701600000,0.01962,0.01964,0.01949,0.01964,2480.2
1651705200000,0.01962,0.01979,0.01962,0.01972,2672.57
1651708800000,0.01971,0.01975,0.0196,0.01968,3126.51
1651712400000,0.0197,0.01979,0.01966,0.01974,2791.13
1651716000000,0.01975,0.01983,0.01975,0.01981,1591.29
1651719600000,0.01977,0.01977,0.01957,0.01957,1574.8
1651723200000,0.01957,0.01962,0.01956,0.01958,623.2
1651726800000,0.01958,0.01959,0.01942,0.01944,1752.22
1651730400000,0.01943,0.01967,0.01943,0.01956,2107.29
1651734000000,0.01954,0.0202,0.01954,0.02002,6532.1
1651737600000,0.02002,0.02003,0.01963,0.01968,5215.58
1651741200000,0.01971,0.01976,0.0195,0.01962,2902.14
1651744800000,0.01965,0.01968,0.01905,0.01915,11099.66
1651748400000,0.01914,0.01926,0.0191,0.01924,4063.03
1651752000000,0.01923,0.01954,0.01923,0.01952,6537.39
1651755600000,0.01953,0.01954,0.01942,0.01943,4186.02
1651759200000,0.01945,0.01957,0.01912,0.01915,11392.7
1651762800000,0.01915,0.01919,0.01871,0.01875,15773.01
1651766400000,0.01876,0.01913,0.01864,0.01896,8029.72
1651770000000,0.01897,0.019,0.01875,0.01879,3607.88
1651773600000,0.01879,0.01891,0.01866,0.01882,5270.58
1651777200000,0.01883,0.01921,0.01883,0.01915,8301.7
1651780800000,0.01915,0.01932,0.019,0.01919,3804.34
1651784400000,0.01918,0.01926,0.01911,0.01916,1328.77
1651788000000,0.01915,0.01928,0.01911,0.01911,1847.64
1651791600000,0.01911,0.01947,0.01911,0.01944,6609.61
1651795200000,0.01942,0.01943,0.01923,0.01935,3399.62
1651798800000,0.01937,0.01941,0.01916,0.01927,3611.56
1651802400000,0.01928,0.01951,0.01928,0.01936,2963.49
1651806000000,0.01936,0.01942,0.0193,0.01934,2175.7
1651809600000,0.01936,0.01941,0.01919,0.01934,3061.97
1651813200000,0.01935,0.0196,0.01926,0.0196,4143.99
1651816800000,0.01957,0.01957,0.01948,0.01951,2300.37
1651820400000,0.01951,0.01956,0.01929,0.01944,4921.27
1651824000000,0.01942,0.01942,0.01896,0.01897,3715.13
1651827600000,0.01897,0.01907,0.0189,0.01899,2758.88
1651831200000,0.01898,0.01908,0.0188,0.01889,3449.27
1651834800000,0.01889,0.01894,0.0187,0.01882,3896.31
1651838400000,0.01883,0.01894,0.01882,0.01885,4402.46
1651842000000,0.01885,0.01888,0.01852,0.01859,7200.47
1651845600000,0.0186,0.01891,0.01859,0.01891,4813.35
1651849200000,0.01893,0.0195,0.01893,0.01926,9081.91
1651852800000,0.01928,0.01964,0.01927,0.01953,6154.68
1651856400000,0.01952,0.01979,0.01947,0.01962,6035.13
1651860000000,0.01961,0.01972,0.01953,0.01958,3503.15
1651863600000,0.01957,0.01975,0.0195,0.01967,4778.46
1651867200000,0.01968,0.01984,0.01965,0.01978,3353.7
1651870800000,0.0198,0.01986,0.01962,0.01969,1924.88
1651874400000,0.01971,0.01987,0.01961,0.01971,4823.31
1651878000000,0.01972,0.02022,0.01972,0.02003,14660.19
1651881600000,0.02003,0.02011,0.01979,0.01996,10303.48
1651885200000,0.01997,0.02007,0.01982,0.01999,8988.76
1651888800000,0.02001,0.0201,0.01968,0.01979,15306.75
1651892400000,0.01978,0.02003,0.01961,0.01968,16511.97
1651896000000,0.01966,0.01987,0.01948,0.0195,11200.37
1651899600000,0.0195,0.01955,0.01942,0.01947,5890.66
1651903200000,0.01947,0.01951,0.01918,0.01919,6710.91
1651906800000,0.01917,0.01939,0.01914,0.01934,4973.04
1651910400000,0.01932,0.01966,0.01932,0.01955,6312.97
1651914000000,0.01958,0.01974,0.01951,0.01963,5275.39
1651917600000,0.01961,0.02005,0.01958,0.02,7036.17
1651921200000,0.02003,0.02029,0.01999,0.02026,8615.5
1651924800000,0.02029,0.02032,0.02006,0.02015,4761.27
1651928400000,0.02017,0.02018,0.01995,0.02004,4754.87
1651932000000,0.02005,0.02005,0.01979,0.0199,4108.49
1651935600000,0.01992,0.02005,0.01985,0.01994,3598.37
1651939200000,0.01995,0.02002,0.01976,0.01993,4404.21
1651942800000,0.01993,0.01993,0.01972,0.01972,3063.51
1651946400000,0.01975,0.01988,0.01975,0.01981,2886.62
1651950000000,0.01979,0.01991,0.01978,0.01982,2487.85
1651953600000,0.0198,0.01985,0.01965,0.01971,3180.93
1651957200000,0.0197,0.01975,0.01943,0.01963,8475.33
1651960800000,0.0196,0.01973,0.01938,0.01951,4203.08
1651964400000,0.01951,0.01969,0.0195,0.01963,4996.93
1651968000000,0.01964,0.01977,0.01955,0.01955,3566.06
1651971600000,0.01958,0.01959,0.01946,0.0195,2959.09
1651975200000,0.01948,0.01953,0.0192,0.0194,10645.39
1651978800000,0.01941,0.01964,0.01936,0.01954,5673.67
1651982400000,0.01953,0.01958,0.01951,0.01952,2397.46
1651986000000,0.0195,0.01957,0.01947,0.01948,2790.36
1651989600000,0.0195,0.01969,0.01948,0.01969,1787.49
1651993200000,0.0197,0.01973,0.01961,0.01961,2867.6
1651996800000,0.01962,0.01981,0.01962,0.01973,3926.23
1652000400000,0.01973,0.01992,0.01969,0.01985,4367.59
1652004000000,0.01983,0.02008,0.01981,0.02008,4213.38
1652007600000,0.02009,0.02026,0.02008,0.02024,3402.4
1652011200000,0.02021,0.02022,0.0201,0.0201,2573.02
1652014800000,0.0201,0.02012,0.01978,0.01982,4822.33
1652018400000,0.01983,0.02002,0.01983,0.01989,4294.05
1652022000000,0.01987,0.02021,0.01986,0.02011,4790.15
1652025600000,0.02011,0.02032,0.0201,0.02023,3401.56
1652029200000,0.0202,0.02035,0.02009,0.0202,8300.91
1652032800000,0.02023,0.02025,0.01987,0.02018,7266.15
1652036400000,0.02018,0.02018,0.01997,0.02,2048.79
1652040000000,0.01998,0.02,0.01976,0.01994,3282.05
1652043600000,0.01993,0.02043,0.01992,0.02018,10726.81
1652047200000,0.02018,0.02035,0.0201,0.02022,4346.11
1652050800000,0.02021,0.02023,0.01997,0.01997,2073.83
1652054400000,0.01997,0.02009,0.01993,0.02005,4309.48
1652058000000,0.02005,0.02008,0.01989,0.01997,2333.55
1652061600000,0.01996,0.01996,0.01972,0.01982,7755.56
1652065200000,0.01983,0.02006,0.01982,0.01982,5245.7
1652068800000,0.01985,0.02001,0.01982,0.01995,2863.68
1652072400000,0.01996,0.02012,0.01991,0.0201,2836.7
1652076000000,0.02011,0.02012,0.01995,0.02003,3300.39
1652079600000,0.02002,0.02024,0.02001,0.02022,4786.63
1652083200000,0.02021,0.02036,0.02018,0.02033,4721.34
1652086800000,0.02034,0.02048,0.02033,0.02038,5174.79
1652090400000,0.02036,0.02046,0.01997,0.0204,13692.26
1652094000000,0.02038,0.0204,0.0202,0.02037,3783.17
1652097600000,0.02036,0.02036,0.02014,0.02015,3052.44
1652101200000,0.02017,0.02037,0.02004,0.02037,6754.07
1652104800000,0.02039,0.02081,0.02035,0.02069,7315.38
1652108400000,0.02072,0.02132,0.02064,0.02121,11450.25
1652112000000,0.0212,0.0212,0.02023,0.02066,19171.38
1652115600000,0.02065,0.02105,0.02049,0.02086,21519.7
1652119200000,0.02085,0.02089,0.02002,0.02067,25335.2
1652122800000,0.02065,0.02076,0.02029,0.02038,15347.92
1652126400000,0.0204,0.02044,0.02015,0.02037,9533.42
1652130000000,0.0204,0.02056,0.02011,0.02016,4165.86
1652133600000,0.02014,0.02037,0.02008,0.02012,3722.53
1652137200000,0.02012,0.02027,0.02,0.02008,10335.14
1652140800000,0.02008,0.02041,0.01986,0.02027,25263.47
1652144400000,0.02029,0.0204,0.01999,0.02,16824.27
1652148000000,0.02,0.02002,0.0197,0.0197,10773.54
1652151600000,0.01969,0.02006,0.01967,0.01992,8492.3
1652155200000,0.01991,0.02006,0.01982,0.01999,9763.86
1652158800000,0.02002,0.0201,0.0199,0.02001,6386.82
1652162400000,0.01998,0.0201,0.0199,0.02,6259.64
1652166000000,0.01998,0.02004,0.01989,0.01993,5171.12
1652169600000,0.0199,0.02014,0.01989,0.02006,4733.02
1652173200000,0.02007,0.0202,0.01992,0.02003,6178.77
1652176800000,0.02004,0.02019,0.02004,0.02011,4060.49
1652180400000,0.02008,0.02026,0.01993,0.01993,4467.88
1652184000000,0.01992,0.02009,0.01985,0.01999,5474.28
1652187600000,0.02002,0.02002,0.01975,0.01995,5707.22
1652191200000,0.01996,0.01998,0.01973,0.01976,8619.01
1652194800000,0.01974,0.01987,0.01961,0.0198,10961.46
1652198400000,0.01982,0.01986,0.01958,0.01968,7007.34
1652202000000,0.01971,0.01976,0.01961,0.01962,6730.9
1652205600000,0.01961,0.01963,0.01937,0.01937,5204.93
1652209200000,0.01938,0.01938,0.0191,0.0191,6151.73
1652212800000,0.01911,0.0192,0.01903,0.01907,3968.39
1652216400000,0.01907,0.0191,0.01885,0.0189,6316.13
1652220000000,0.01893,0.01919,0.01893,0.01909,5344.03
1652223600000,0.0191,0.01925,0.01896,0.01902,8268.01
1652227200000,0.01901,0.01926,0.01901,0.0191,6898.62
1652230800000,0.01907,0.01911,0.01886,0.01889,6066.14
1652234400000,0.01889,0.01915,0.01883,0.01911,7796.42
1652238000000,0.01914,0.0192,0.01901,0.01904,4040.86
1652241600000,0.01901,0.01908,0.01889,0.01893,7052.24
1652245200000,0.01892,0.01923,0.0189,0.01909,8853.33
1652248800000,0.01905,0.0191,0.0188,0.01886,7841.58
1652252400000,0.01888,0.01899,0.01855,0.01895,19729.32
1652256000000,0.01892,0.01908,0.01871,0.01887,12371.14
1652259600000,0.01885,0.01912,0.01859,0.0191,13164.91
1652263200000,0.01913,0.01916,0.01889,0.01891,7999.83
1652266800000,0.01891,0.01904,0.01856,0.01864,8890.17
1652270400000,0.01863,0.01883,0.01783,0.01832,57116.89
1652274000000,0.01803,0.01917,0.01803,0.0187,66910.11
1652277600000,0.01872,0.01902,0.01855,0.01866,26243.49
1652281200000,0.01866,0.01904,0.01847,0.01897,21300.51
1652284800000,0.01898,0.01909,0.01867,0.01871,17268.54
1652288400000,0.01868,0.01883,0.01847,0.01879,15499.82
1652292000000,0.01881,0.01884,0.01841,0.01865,12739.13
1652295600000,0.01866,0.01866,0.01813,0.01827,18651.75
1652299200000,0.01829,0.01849,0.0175,0.0177,28575.07
1652302800000,0.0177,0.0182,0.0177,0.01813,14697.33
1652306400000,0.01813,0.0182,0.01793,0.01803,6961.56
1652310000000,0.01802,0.01821,0.01795,0.01809,10064.46
1652313600000,0.01811,0.01871,0.01788,0.01843,22131.16
1652317200000,0.01843,0.01858,0.01821,0.01829,10106.27
1652320800000,0.01829,0.01842,0.018,0.01824,24985.72
1652324400000,0.01822,0.01848,0.01803,0.01803,25966.31
1652328000000,0.01802,0.01838,0.01791,0.018,37594.89
1652331600000,0.01799,0.01853,0.01757,0.01816,49053.84
1652335200000,0.01815,0.01832,0.01755,0.01755,37977.53
1652338800000,0.01756,0.01815,0.01689,0.01744,73391.33
1652342400000,0.01746,0.01769,0.0171,0.01718,43539.09
1652346000000,0.01718,0.0176,0.01712,0.01719,33761.57
1652349600000,0.01717,0.01754,0.01678,0.01713,37220.95
1652353200000,0.01714,0.01719,0.01661,0.01666,20261.95
1652356800000,0.01664,0.01664,0.01619,0.01656,18022.67
1652360400000,0.01656,0.01665,0.01625,0.01635,11763.47
1652364000000,0.01634,0.01665,0.0163,0.01649,16130.23
1652367600000,0.01652,0.01699,0.01652,0.01697,14831.04
1652371200000,0.01695,0.01756,0.01687,0.01743,17233.6
1652374800000,0.01743,0.01755,0.01727,0.01751,9226.76
1652378400000,0.01754,0.01764,0.01748,0.01753,6861.4
1652382000000,0.01753,0.01765,0.01742,0.01754,4970.74
1652385600000,0.01753,0.01754,0.01724,0.01728,4869.65
1652389200000,0.01726,0.01745,0.01722,0.0174,3967.11
1652392800000,0.0174,0.01754,0.01717,0.01717,5188.11
1652396400000,0.01716,0.01755,0.01715,0.01736,6171.24
1652400000000,0.01738,0.01748,0.01716,0.01743,12170.1
1652403600000,0.01743,0.01763,0.01689,0.01699,12223.95
1652407200000,0.01699,0.01699,0.01662,0.01676,17049.03
1652410800000,0.01676,0.017,0.01676,0.0168,12415.72
1652414400000,0.0168,0.01731,0.01678,0.01729,8007.85
1652418000000,0.01727,0.01761,0.0172,0.01753,11723.66
1652421600000,0.01755,0.01785,0.01751,0.01777,8978.1
1652425200000,0.01774,0.01776,0.01723,0.01726,11998.32
1652428800000,0.01724,0.01731,0.01712,0.01713,7291.43
1652432400000,0.01715,0.01735,0.01712,0.01735,6564.21
1652436000000,0.01732,0.01732,0.01703,0.01712,6177.17
1652439600000,0.01712,0.01712,0.01692,0.01704,5126.38
1652443200000,0.01704,0.0175,0.017,0.01738,10616.34
1652446800000,0.01737,0.01747,0.0172,0.01746,9818.2
1652450400000,0.01746,0.01756,0.01727,0.0173,6296.0
1652454000000,0.01732,0.01733,0.01711,0.01723,6510.49
1652457600000,0.01724,0.01746,0.0171,0.0174,12626.69
1652461200000,0.01739,0.01751,0.01727,0.01729,5122.31
1652464800000,0.0173,0.0175,0.0173,0.01743,6643.96
1652468400000,0.01743,0.01747,0.01733,0.01737,3722.57
1652472000000,0.01737,0.01738,0.0172,0.01727,6232.28
1652475600000,0.01725,0.01738,0.01725,0.01734,1841.92
1652479200000,0.01736,0.01752,0.01731,0.01741,3445.74
1652482800000,0.01741,0.0178,0.01728,0.01768,9088.38
1652486400000,0.01767,0.01786,0.01754,0.0177,7782.4
1652490000000,0.01769,0.01796,0.01763,0.01781,6871.85
1652493600000,0.01778,0.0179,0.0177,0.01788,4284.83
1652497200000,0.01785,0.01797,0.01772,0.01772,4891.64
1652500800000,0.01772,0.01776,0.01743,0.01753,9050.12
1652504400000,0.01754,0.01768,0.0175,0.01756,6453.3
1652508000000,0.01755,0.01755,0.0174,0.01753,4208.25
1652511600000,0.01752,0.0178,0.01746,0.01765,6204.82
1652515200000,0.01765,0.01769,0.01748,0.01765,5359.6
1652518800000,0.01764,0.01779,0.01764,0.01772,3171.4
1652522400000,0.01774,0.0178,0.01739,0.01746,5893.62
1652526000000,0.01744,0.01754,0.01734,0.01736,7090.36
1652529600000,0.01734,0.01751,0.01732,0.01749,6471.26
1652533200000,0.0175,0.01756,0.01739,0.01743,8353.36
1652536800000,0.01743,0.01748,0.01711,0.01715,8532.39
1652540400000,0.01715,0.01726,0.01705,0.01712,8043.93
1652544000000,0.01713,0.0174,0.0171,0.01739,11223.12
1652547600000,0.0174,0.01754,0.0174,0.01754,4049.05
1652551200000,0.01755,0.01763,0.01751,0.01756,4710.89
1652554800000,0.01753,0.01759,0.01743,0.01748,4142.96
1652558400000,0.01749,0.01761,0.01748,0.01755,3714.83
1652562000000,0.01755,0.01769,0.01737,0.01761,4765.52
1652565600000,0.01759,0.01763,0.01745,0.0175,2558.73
1652569200000,0.0175,0.01761,0.0174,0.0174,5161.58
1652572800000,0.01739,0.01756,0.01738,0.01746,8667.42
1652576400000,0.01744,0.01744,0.01725,0.01734,4607.3
1652580000000,0.01735,0.01743,0.0172,0.01739,7480.44
1652583600000,0.0174,0.01751,0.01729,0.01741,5827.27
1652587200000,0.01742,0.01752,0.01731,0.01741,4654.62
1652590800000,0.01741,0.01772,0.0174,0.01764,5300.39
1652594400000,0.01765,0.0177,0.01759,0.01763,4054.84
1652598000000,0.01762,0.0177,0.01744,0.01744,3698.41
1652601600000,0.01745,0.01761,0.01745,0.01754,4234.13
1652605200000,0.01757,0.01764,0.01754,0.0176,2304.06
1652608800000,0.01761,0.01771,0.01749,0.01762,6183.46
1652612400000,0.01765,0.01768,0.01744,0.01748,5823.19
1652616000000,0.0175,0.01756,0.01742,0.01747,5105.11
1652619600000,0.0175,0.01762,0.01741,0.01749,5727.93
1652623200000,0.0175,0.01751,0.01733,0.0175,3823.96
1652626800000,0.01752,0.01763,0.01748,0.01756,5078.3
1652630400000,0.01757,0.01774,0.01753,0.0177,6228.25
1652634000000,0.01769,0.01778,0.01741,0.01746,6140.85
1652637600000,0.01744,0.01753,0.0173,0.01732,8462.38
1652641200000,0.0173,0.01732,0.01713,0.01725,5212.49
1652644800000,0.01723,0.0174,0.0172,0.01734,5691.83
1652648400000,0.01737,0.01749,0.01733,0.01741,2947.01
1652652000000,0.01742,0.01759,0.01738,0.01738,2940.1
1652655600000,0.01737,0.0175,0.01731,0.01748,2974.6
1652659200000,0.01747,0.01747,0.0173,0.01735,4727.71
1652662800000,0.01735,0.01736,0.01708,0.01723,6306.96
1652666400000,0.01723,0.01736,0.01719,0.01735,4057.08
1652670000000,0.01735,0.01736,0.01712,0.01713,3682.47
1652673600000,0.01713,0.01718,0.01708,0.01709,4116.91
1652677200000,0.0171,0.01716,0.01704,0.01706,3166.89
1652680800000,0.01705,0.01713,0.01693,0.01694,6803.99
1652684400000,0.01695,0.01708,0.01683,0.01708,7478.0
1652688000000,0.01708,0.01723,0.01701,0.0172,5010.23
1652691600000,0.01718,0.01718,0.01691,0.01691,4689.22
1652695200000,0.0169,0.01703,0.01687,0.01701,5421.08
1652698800000,0.01698,0.01699,0.01678,0.01696,4031.62
1652702400000,0.01698,0.01714,0.01692,0.01706,5890.44
1652706000000,0.01709,0.01712,0.01689,0.01697,6236.2
1652709600000,0.01696,0.01708,0.01691,0.01691,4931.87
1652713200000,0.01693,0.01705,0.01689,0.01698,4476.17
1652716800000,0.01698,0.01704,0.01694,0.017,4562.92
1652720400000,0.01698,0.01702,0.01687,0.01689,3122.4
1652724000000,0.01686,0.01699,0.01686,0.01699,3397.06
1652727600000,0.01696,0.01698,0.01689,0.01697,3497.14
1652731200000,0.01698,0.01713,0.01691,0.01703,4256.82
1652734800000,0.017,0.01704,0.01697,0.01703,1815.6
1652738400000,0.01704,0.01709,0.0169,0.01702,2678.87
1652742000000,0.01703,0.01706,0.0169,0.017,5209.18
1652745600000,0.01698,0.0172,0.01694,0.01711,5145.85
1652749200000,0.01711,0.01719,0.01701,0.01715,4661.32
1652752800000,0.01716,0.01721,0.0171,0.01714,2336.68
1652756400000,0.01711,0.01716,0.01691,0.01709,4595.73
1652760000000,0.0171,0.01731,0.0171,0.01727,4633.74
1652763600000,0.01726,0.01745,0.01726,0.01731,7240.08
1652767200000,0.01731,0.01732,0.01722,0.01732,2017.26
1652770800000,0.01732,0.01732,0.01713,0.01716,3423.3
1652774400000,0.01716,0.01726,0.01714,0.01726,4415.66
1652778000000,0.01727,0.01751,0.01722,0.01732,10701.89
1652781600000,0.01731,0.01738,0.0172,0.01729,5597.93
1652785200000,0.01727,0.01739,0.01716,0.01717,8447.42
1652788800000,0.01718,0.01738,0.01716,0.01738,4949.66
1652792400000,0.01738,0.01757,0.01729,0.0174,8889.88
1652796000000,0.01742,0.01749,0.01718,0.0172,7595.28
1652799600000,0.01721,0.01726,0.01717,0.01717,4593.88
1652803200000,0.01716,0.01716,0.01708,0.01715,4615.59
1652806800000,0.01714,0.01732,0.01712,0.01721,4102.12
1652810400000,0.01721,0.0173,0.01701,0.01704,6119.54
1652814000000,0.01705,0.01742,0.01705,0.01733,7312.48
1652817600000,0.01734,0.01744,0.0173,0.01742,2485.5
1652821200000,0.01742,0.0175,0.01736,0.01749,1835.35
1652824800000,0.01751,0.01785,0.0175,0.01785,6195.35
1652828400000,0.01783,0.01792,0.01778,0.01788,4029.52
1652832000000,0.01788,0.01805,0.01785,0.01787,6118.4
1652835600000,0.01784,0.01784,0.01771,0.01774,5044.86
1652839200000,0.01776,0.01795,0.01776,0.01788,6772.32
1652842800000,0.01787,0.01788,0.01763,0.01766,5368.64
1652846400000,0.01766,0.01777,0.01766,0.01766,4679.53
1652850000000,0.01769,0.01771,0.01759,0.01766,4417.93
1652853600000,0.01768,0.01768,0.01745,0.01748,4743.23
1652857200000,0.01748,0.01755,0.01738,0.01752,3552.06
1652860800000,0.01753,0.01764,0.01748,0.01749,2368.53
1652864400000,0.01751,0.01761,0.01741,0.01753,5329.67
1652868000000,0.01753,0.01758,0.01739,0.01739,4590.51
1652871600000,0.01741,0.01743,0.01719,0.01724,5296.35
1652875200000,0.01724,0.01734,0.01709,0.01714,6514.02
1652878800000,0.01714,0.01717,0.01699,0.01699,5878.36
1652882400000,0.01702,0.01707,0.01694,0.01694,4422.96
1652886000000,0.01694,0.01698,0.0168,0.01693,7030.2
1652889600000,0.01692,0.01705,0.01686,0.01703,5797.83
1652893200000,0.01701,0.01701,0.01692,0.01694,3769.21
1652896800000,0.01695,0.01699,0.01688,0.01693,3204.97
1652900400000,0.01692,0.01714,0.01692,0.01714,4135.96
1652904000000,0.01715,0.01718,0.01699,0.01713,3903.13
1652907600000,0.01712,0.01712,0.01702,0.01703,856.2
1652911200000,0.01703,0.01704,0.01696,0.01701,2795.11
1652914800000,0.01704,0.01709,0.01691,0.017,5469.31
1652918400000,0.01702,0.01707,0.01687,0.01687,3846.68
1652922000000,0.01689,0.01695,0.01657,0.01665,10054.86
1652925600000,0.01663,0.01671,0.01646,0.0167,10043.83
1652929200000,0.0167,0.01674,0.01657,0.01658,6024.89
1652932800000,0.01657,0.0166,0.01644,0.01645,2446.22
1652936400000,0.01643,0.01643,0.01628,0.01628,2922.65
1652940000000,0.01631,0.01647,0.01631,0.01647,2811.68
1652943600000,0.01645,0.01646,0.01633,0.01634,3315.19
1652947200000,0.01632,0.01635,0.01619,0.01619,4023.69
1652950800000,0.01619,0.01627,0.01613,0.01618,5020.42
1652954400000,0.01616,0.01621,0.01608,0.01608,3423.22
1652958000000,0.01607,0.01654,0.01598,0.01647,10773.02
1652961600000,0.01649,0.01651,0.01637,0.01645,4266.8
1652965200000,0.01647,0.01666,0.01647,0.01661,6534.79
1652968800000,0.0166,0.01668,0.01654,0.0166,4778.18
1652972400000,0.01658,0.01675,0.01655,0.01668,5710.87
1652976000000,0.01666,0.0169,0.01665,0.01674,8834.69
1652979600000,0.01677,0.01682,0.01663,0.01682,5226.35
1652983200000,0.01683,0.01686,0.0167,0.01671,7150.91
1652986800000,0.01672,0.01674,0.01661,0.01661,2528.22
1652990400000,0.0166,0.01674,0.01659,0.01673,1926.38
1652994000000,0.01671,0.01678,0.0167,0.01678,1320.84
1652997600000,0.01675,0.01675,0.01667,0.01675,2096.1
1653001200000,0.01677,0.01699,0.01672,0.01692,8523.16
1653004800000,0.01694,0.01701,0.01686,0.01701,3406.61
1653008400000,0.01702,0.0171,0.017,0.01702,5273.92
1653012000000,0.01702,0.0171,0.01699,0.01707,3060.03
1653015600000,0.01706,0.01719,0.01705,0.01715,4598.14
1653019200000,0.01715,0.01749,0.01715,0.01731,12092.45
1653022800000,0.0173,0.01747,0.01729,0.01742,4921.0
1653026400000,0.01742,0.01742,0.01715,0.01723,4463.42
1653030000000,0.01723,0.01726,0.01713,0.01724,4161.64
1653033600000,0.01724,0.0173,0.01719,0.01719,3679.61
1653037200000,0.01716,0.01724,0.01706,0.01724,4012.73
1653040800000,0.01721,0.01732,0.0172,0.01732,3124.53
1653044400000,0.01731,0.01767,0.01731,0.01735,18862.06
1653048000000,0.01736,0.01754,0.01726,0.01736,8930.99
1653051600000,0.01736,0.01738,0.01716,0.0173,5966.8
1653055200000,0.01727,0.01769,0.01699,0.01753,12906.61
1653058800000,0.01755,0.01764,0.01743,0.01752,11165.86
1653062400000,0.01754,0.01758,0.01707,0.01709,16756.31
1653066000000,0.0171,0.01714,0.01677,0.01679,12606.0
1653069600000,0.01679,0.01679,0.01662,0.01669,5569.17
1653073200000,0.0167,0.01681,0.01668,0.01672,4795.65
1653076800000,0.01669,0.0168,0.0166,0.01664,4474.77
1653080400000,0.01665,0.01669,0.01657,0.01662,2094.09
1653084000000,0.01664,0.01684,0.01659,0.01679,3448.49
1653087600000,0.01681,0.01694,0.01681,0.01685,4148.81
1653091200000,0.01685,0.01689,0.01666,0.01676,5376.38
1653094800000,0.01677,0.01677,0.01663,0.01672,3908.62
1653098400000,0.01676,0.01712,0.01675,0.017,5693.17
1653102000000,0.01703,0.01717,0.01695,0.01716,6729.02
1653105600000,0.01718,0.0172,0.01707,0.01709,2275.73
1653109200000,0.01712,0.01714,0.01691,0.01695,4025.48
1653112800000,0.01696,0.01703,0.01692,0.01699,2232.29
1653116400000,0.01698,0.01698,0.01684,0.01697,3949.49
1653120000000,0.01695,0.01701,0.0169,0.01694,2719.21
1653123600000,0.01692,0.01693,0.01688,0.01688,1143.17
1653127200000,0.01691,0.01693,0.01683,0.01683,1841.07
1653130800000,0.01683,0.01695,0.01678,0.01695,2790.18
1653134400000,0.01695,0.01697,0.01683,0.01688,3944.36
1653138000000,0.0169,0.01694,0.01683,0.01687,2216.46
1653141600000,0.01688,0.01692,0.01678,0.01691,2711.21
1653145200000,0.01694,0.01701,0.01688,0.01697,3708.01
1653148800000,0.01698,0.01705,0.01694,0.01695,4384.99
1653152400000,0.01697,0.01698,0.01692,0.01696,1751.05
1653156000000,0.01695,0.01709,0.01695,0.01705,2400.43
1653159600000,0.01703,0.0171,0.01687,0.01691,3752.43
1653163200000,0.01689,0.01689,0.0168,0.01681,1943.4
1653166800000,0.01684,0.01692,0.01675,0.01675,2005.63
1653170400000,0.01675,0.01677,0.01668,0.01669,2653.61
1653174000000,0.0167,0.01679,0.01669,0.01676,1873.63
1653177600000,0.01675,0.01685,0.0167,0.01685,2155.42
1653181200000,0.01683,0.01686,0.0167,0.01671,1562.19
1653184800000,0.0167,0.01674,0.01654,0.01656,5756.14
1653188400000,0.01655,0.01655,0.01632,0.01643,4785.13
1653192000000,0.01643,0.01649,0.01634,0.01637,2298.24
1653195600000,0.01635,0.01651,0.01631,0.01642,3252.45
1653199200000,0.01645,0.01669,0.01645,0.01669,2514.1
1653202800000,0.01669,0.01672,0.01659,0.01663,3329.67
1653206400000,0.01665,0.01666,0.01654,0.0166,2543.74
1653210000000,0.01662,0.01671,0.01653,0.01667,7108.38
1653213600000,0.01669,0.01685,0.01662,0.01685,3301.28
1653217200000,0.01686,0.01687,0.01669,0.0167,3171.51
1653220800000,0.01669,0.01694,0.01669,0.01692,3209.58
1653224400000,0.01691,0.01695,0.01686,0.01689,1505.05
1653228000000,0.0169,0.01703,0.0169,0.01701,3970.03
1653231600000,0.01702,0.01705,0.01684,0.0169,4101.41
1653235200000,0.01691,0.01694,0.0168,0.01691,2359.82
1653238800000,0.0169,0.01697,0.01685,0.01685,2181.93
1653242400000,0.01682,0.01691,0.01682,0.01686,1197.82
1653246000000,0.01686,0.01693,0.01685,0.01692,3183.63
1653249600000,0.0169,0.01697,0.01688,0.01696,717.89
1653253200000,0.01696,0.01709,0.01696,0.01709,1651.46
1653256800000,0.0171,0.01727,0.0171,0.01721,3520.57
1653260400000,0.0172,0.01732,0.01718,0.01719,2578.75
1653264000000,0.01717,0.01733,0.01716,0.01722,2732.35
1653267600000,0.01719,0.0172,0.01695,0.01696,3504.07
1653271200000,0.01695,0.01706,0.01689,0.01703,3610.53
1653274800000,0.01706,0.01706,0.01701,0.01705,1480.18
1653278400000,0.01702,0.01722,0.01702,0.01713,6224.91
1653282000000,0.01717,0.01721,0.0171,0.01717,1993.61
1653285600000,0.01716,0.01754,0.01715,0.01754,6361.37
1653289200000,0.01752,0.01816,0.01746,0.01804,18737.68
1653292800000,0.01806,0.01815,0.01776,0.01784,14140.06
1653296400000,0.01783,0.01802,0.01767,0.01783,11267.05
1653300000000,0.01781,0.01785,0.01764,0.01764,3055.35
1653303600000,0.01768,0.01768,0.01747,0.01753,4658.34
1653307200000,0.01754,0.01757,0.0174,0.0175,6625.44
1653310800000,0.01749,0.0175,0.01731,0.01736,6045.5
1653314400000,0.01733,0.01754,0.01732,0.01741,3514.17
1653318000000,0.01746,0.01752,0.01739,0.01741,3979.6
1653321600000,0.0174,0.0176,0.0174,0.01751,4163.6
1653325200000,0.0175,0.0176,0.01746,0.01749,3453.68
1653328800000,0.01748,0.01752,0.0174,0.01742,2397.18
1653332400000,0.01743,0.01743,0.01717,0.0173,10757.32
1653336000000,0.01728,0.01738,0.01726,0.01734,5257.49
1653339600000,0.01735,0.01772,0.01735,0.01763,5808.27
1653343200000,0.01763,0.01767,0.01732,0.01758,5686.92
1653346800000,0.01759,0.01775,0.01754,0.01775,4745.21
1653350400000,0.01776,0.01787,0.01767,0.01767,6180.41
1653354000000,0.01769,0.01769,0.01749,0.01758,5222.33
1653357600000,0.01758,0.01765,0.01755,0.01756,2396.03
1653361200000,0.01754,0.01759,0.01751,0.01756,3032.89
1653364800000,0.01759,0.01771,0.01749,0.0175,7494.8
1653368400000,0.01749,0.0175,0.01726,0.01731,5403.97
1653372000000,0.01733,0.0175,0.0173,0.0173,6061.4
1653375600000,0.01733,0.01736,0.01724,0.01733,1985.07
1653379200000,0.01733,0.01754,0.01729,0.01754,4316.78
1653382800000,0.01755,0.01765,0.0175,0.01755,5690.75
1653386400000,0.01755,0.01763,0.01751,0.01758,1885.44
1653390000000,0.01759,0.01761,0.01746,0.0175,2687.85
1653393600000,0.0175,0.01754,0.01741,0.01744,2160.74
1653397200000,0.01742,0.01742,0.01685,0.01686,15972.58
1653400800000,0.01686,0.01713,0.01681,0.01706,7266.24
1653404400000,0.01708,0.01733,0.01703,0.0173,8880.9
1653408000000,0.01732,0.01732,0.01696,0.01707,7382.02
1653411600000,0.01704,0.01704,0.01683,0.0169,4336.09
1653415200000,0.01693,0.01701,0.01691,0.01691,3002.05
1653418800000,0.0169,0.01695,0.01682,0.01691,2775.24
1653422400000,0.01688,0.0169,0.01669,0.01689,6672.81
1653426000000,0.01688,0.01693,0.0168,0.01693,2398.58
1653429600000,0.01691,0.01701,0.01689,0.01701,1525.83
1653433200000,0.01701,0.01714,0.01701,0.01705,2218.35
1653436800000,0.01704,0.0171,0.01698,0.01699,1770.54
1653440400000,0.01697,0.01698,0.0168,0.01696,2791.51
1653444000000,0.01697,0.01723,0.01697,0.01711,4639.97
1653447600000,0.01711,0.01711,0.01696,0.01704,3027.86
1653451200000,0.01704,0.01714,0.01694,0.01702,6356.98
1653454800000,0.01701,0.01722,0.01694,0.01701,7711.55
1653458400000,0.01699,0.017,0.01681,0.01684,4569.31
1653462000000,0.01683,0.01687,0.01679,0.01686,2312.21
1653465600000,0.01683,0.01686,0.01674,0.01686,2457.38
1653469200000,0.01681,0.01684,0.01675,0.01683,1787.41
1653472800000,0.01681,0.01683,0.01672,0.01679,1780.01
1653476400000,0.0168,0.0168,0.01664,0.01669,6705.61
1653480000000,0.01664,0.01672,0.01654,0.0167,3681.81
1653483600000,0.01669,0.01685,0.01668,0.01676,4585.28
1653487200000,0.01676,0.01717,0.01675,0.01698,12801.93
1653490800000,0.01695,0.01699,0.01688,0.01698,2808.26
1653494400000,0.01694,0.01694,0.01681,0.01693,3530.61
1653498000000,0.01692,0.01695,0.0168,0.0168,1701.33
1653501600000,0.0168,0.01694,0.01679,0.01694,6033.72
1653505200000,0.01696,0.01698,0.01685,0.01685,1612.09
1653508800000,0.01684,0.01684,0.01679,0.01681,1806.54
1653512400000,0.01682,0.01708,0.01682,0.01707,3379.67
1653516000000,0.01709,0.01721,0.01706,0.01718,1459.11
1653519600000,0.01722,0.01726,0.01717,0.01726,2072.89
1653523200000,0.01725,0.01763,0.01725,0.01744,9465.61
1653526800000,0.01744,0.01754,0.01738,0.01743,2148.7
1653530400000,0.01746,0.01748,0.01734,0.01734,2149.2
1653534000000,0.01733,0.01733,0.01698,0.01704,8867.58
1653537600000,0.01704,0.01704,0.0168,0.01686,3181.24
1653541200000,0.01687,0.0172,0.01687,0.01689,9500.8
1653544800000,0.01688,0.01688,0.01651,0.01655,7017.19
1653548400000,0.01654,0.01686,0.0165,0.01686,7163.12
1653552000000,0.01683,0.01684,0.01619,0.01641,29868.12
1653555600000,0.01642,0.01643,0.01628,0.01638,6230.24
1653559200000,0.01636,0.01636,0.01614,0.01617,6074.02
1653562800000,0.01617,0.01617,0.016,0.01606,8862.27
1653566400000,0.01604,0.01618,0.01601,0.01618,3536.45
1653570000000,0.01615,0.01645,0.01603,0.01641,16076.0
1653573600000,0.01642,0.01654,0.01633,0.01647,6261.19
1653577200000,0.01649,0.01656,0.01638,0.01638,4308.88
1653580800000,0.01638,0.01653,0.01636,0.01637,3671.62
1653584400000,0.01637,0.01641,0.01621,0.01622,2932.37
1653588000000,0.01622,0.01631,0.01617,0.01622,3182.01
1653591600000,0.01622,0.01623,0.01606,0.01609,4695.13
1653595200000,0.0161,0.01618,0.0161,0.01611,3220.71
1653598800000,0.0161,0.01628,0.0161,0.01626,1627.25
1653602400000,0.0162,0.01629,0.01618,0.01622,2223.79
1653606000000,0.0162,0.01633,0.01615,0.01631,3921.47
1653609600000,0.01634,0.01641,0.01627,0.0163,6111.05
1653613200000,0.01629,0.01643,0.01592,0.01596,8187.47
1653616800000,0.01594,0.01688,0.01577,0.01642,34021.33
1653620400000,0.01641,0.01645,0.016,0.01625,17221.63
1653624000000,0.01625,0.01634,0.01607,0.01608,5993.15
1653627600000,0.01611,0.01625,0.01583,0.01622,11965.28
1653631200000,0.01619,0.01633,0.01612,0.01629,6596.4
1653634800000,0.01629,0.01647,0.01618,0.01619,5936.79
1653638400000,0.01617,0.0162,0.01591,0.01592,8118.17
1653642000000,0.01593,0.01603,0.01577,0.016,5845.53
1653645600000,0.01601,0.01613,0.01588,0.01596,8338.95
1653649200000,0.01596,0.0163,0.01593,0.01602,10207.62
1653652800000,0.01603,0.01616,0.01591,0.016,9939.04
1653656400000,0.01602,0.0161,0.01599,0.01609,2960.09
1653660000000,0.01609,0.01609,0.01592,0.01592,3566.8
1653663600000,0.01593,0.01608,0.01588,0.01596,6413.89
1653667200000,0.01595,0.01595,0.01571,0.01571,5987.74
1653670800000,0.0157,0.01578,0.01557,0.0156,14250.37
1653674400000,0.01563,0.0157,0.01552,0.01564,5451.36
1653678000000,0.01563,0.01565,0.01552,0.01565,5036.34
1653681600000,0.01564,0.01571,0.01562,0.01565,2407.8
1653685200000,0.01565,0.01571,0.01554,0.01554,1210.38
1653688800000,0.01554,0.01567,0.01551,0.01552,2888.19
1653692400000,0.01551,0.01558,0.01538,0.01556,5501.93
1653696000000,0.01557,0.01578,0.01556,0.01578,6000.1
1653699600000,0.01575,0.01582,0.01564,0.01571,3912.64
1653703200000,0.01571,0.01571,0.01547,0.01561,4638.73
1653706800000,0.01558,0.01579,0.01557,0.01578,4255.37
1653710400000,0.01576,0.01588,0.01575,0.01583,3881.47
1653714000000,0.01581,0.01601,0.01579,0.0159,3554.76
1653717600000,0.0159,0.01594,0.01585,0.01585,2065.49
1653721200000,0.01584,0.01585,0.01561,0.01566,4351.43
1653724800000,0.01566,0.01574,0.01563,0.01573,2056.3
1653728400000,0.01573,0.01581,0.01567,0.01581,1890.27
1653732000000,0.01581,0.01583,0.01568,0.0157,1858.86
1653735600000,0.01568,0.01593,0.01568,0.01584,5034.57
1653739200000,0.01582,0.01585,0.01578,0.01585,2647.46
1653742800000,0.01581,0.01612,0.01579,0.01605,7496.06
1653746400000,0.01605,0.01611,0.01585,0.01585,4395.46
1653750000000,0.01585,0.01607,0.01582,0.01598,4148.39
1653753600000,0.01594,0.01601,0.01591,0.01598,2033.73
1653757200000,0.01598,0.01606,0.01593,0.01604,4249.45
1653760800000,0.01603,0.01616,0.01602,0.01616,2422.37
1653764400000,0.01615,0.01615,0.016,0.01612,2685.51
1653768000000,0.0161,0.0161,0.01604,0.01609,1905.2
1653771600000,0.0161,0.01613,0.01604,0.01607,1010.84
1653775200000,0.01603,0.0161,0.01599,0.0161,1501.75
1653778800000,0.01608,0.01621,0.01608,0.0162,3058.33
1653782400000,0.0162,0.01634,0.01616,0.01621,2715.57
1653786000000,0.01621,0.01622,0.016,0.016,4895.79
1653789600000,0.01599,0.01601,0.01585,0.01587,4975.18
1653793200000,0.0159,0.01605,0.0159,0.01603,2222.59
1653796800000,0.01605,0.01609,0.01601,0.01603,1843.38
1653800400000,0.01605,0.01608,0.01601,0.01603,1227.81
1653804000000,0.01608,0.01611,0.01606,0.0161,2861.66
1653807600000,0.01607,0.01615,0.01607,0.01612,1452.85
1653811200000,0.01615,0.01616,0.0161,0.01613,1101.19
1653814800000,0.0161,0.0161,0.01599,0.01603,2668.19
1653818400000,0.01605,0.01614,0.01605,0.01613,2627.44
1653822000000,0.01615,0.01618,0.0161,0.01618,1139.84
1653825600000,0.01619,0.01634,0.01614,0.01622,11520.5
1653829200000,0.01624,0.01624,0.01616,0.01618,1740.0
1653832800000,0.01619,0.01621,0.01614,0.01614,1586.47
1653836400000,0.01612,0.01613,0.016,0.01602,2644.81
1653840000000,0.01602,0.01618,0.01602,0.01611,3987.97
1653843600000,0.01609,0.01613,0.01601,0.01605,1941.24
1653847200000,0.01605,0.01613,0.016,0.016,1385.6
1653850800000,0.01599,0.01612,0.01599,0.01609,2225.79
1653854400000,0.01612,0.0162,0.01612,0.01617,3206.5
1653858000000,0.01617,0.01625,0.01614,0.01622,1220.12
1653861600000,0.01622,0.01622,0.01605,0.01608,2570.62
1653865200000,0.01608,0.01618,0.01608,0.01616,2123.62
1653868800000,0.01615,0.01619,0.01607,0.01608,1663.78
1653872400000,0.01611,0.01636,0.01611,0.01631,4014.76
1653876000000,0.01631,0.01646,0.01627,0.01641,7234.69
1653879600000,0.01642,0.01646,0.01633,0.01637,3563.04
1653883200000,0.01639,0.01648,0.01634,0.01636,3092.15
1653886800000,0.01636,0.01669,0.01636,0.01667,5120.81
1653890400000,0.01666,0.01677,0.01654,0.01677,7291.46
1653894000000,0.01678,0.01718,0.01677,0.01709,10074.63
1653897600000,0.01709,0.01711,0.01703,0.01705,2729.29
1653901200000,0.01703,0.01714,0.01703,0.01714,2018.26
1653904800000,0.01715,0.01715,0.01698,0.01709,2661.06
1653908400000,0.01706,0.01708,0.01688,0.01688,4627.87
1653912000000,0.01688,0.01694,0.01679,0.01688,4580.59
1653915600000,0.01692,0.01711,0.01682,0.01709,6478.68
1653919200000,0.01711,0.01728,0.01711,0.01725,5703.81
1653922800000,0.01726,0.01745,0.01726,0.01733,5579.9
1653926400000,0.01732,0.01744,0.01732,0.01736,4335.72
1653930000000,0.01735,0.01743,0.0173,0.01734,2429.02
1653933600000,0.01734,0.01745,0.01733,0.01737,2771.99
1653937200000,0.01734,0.0174,0.01733,0.01737,1917.92
1653940800000,0.01739,0.01751,0.01734,0.01742,4684.3
1653944400000,0.01743,0.01771,0.01736,0.01748,5686.0
1653948000000,0.0175,0.0176,0.0175,0.01755,1905.04
1653951600000,0.01753,0.01756,0.01748,0.01756,1308.31
1653955200000,0.01759,0.01769,0.01751,0.01753,3928.63
1653958800000,0.01751,0.01758,0.01745,0.01758,2856.92
1653962400000,0.0176,0.01766,0.01756,0.01761,3283.04
1653966000000,0.01762,0.01765,0.01743,0.01746,12181.22
1653969600000,0.01749,0.01763,0.01744,0.01754,5372.66
1653973200000,0.01752,0.01757,0.01746,0.01753,3449.82
1653976800000,0.01749,0.01769,0.01749,0.01768,2811.62
1653980400000,0.01771,0.01783,0.01769,0.0178,2529.53
1653984000000,0.01782,0.01821,0.0177,0.01803,13746.92
1653987600000,0.01807,0.01813,0.01773,0.01784,7684.76
1653991200000,0.01786,0.01804,0.01784,0.01798,6007.52
1653994800000,0.018,0.01821,0.018,0.0181,4966.16
1653998400000,0.01806,0.01826,0.01795,0.01795,6169.2
1654002000000,0.01798,0.01817,0.01775,0.0179,6520.37
1654005600000,0.0179,0.0181,0.01787,0.01793,5836.96
1654009200000,0.01794,0.01824,0.0178,0.01816,5781.93
1654012800000,0.01813,0.01815,0.01784,0.01786,4607.45
1654016400000,0.01785,0.01785,0.01768,0.01779,2628.12
1654020000000,0.01781,0.01783,0.01753,0.01762,3858.29
1654023600000,0.01761,0.01771,0.01759,0.01763,2709.39
1654027200000,0.01766,0.01776,0.01764,0.01776,1546.03
1654030800000,0.01775,0.01782,0.01772,0.01772,1123.95
1654034400000,0.01772,0.01782,0.01772,0.01773,1113.77
1654038000000,0.01771,0.01783,0.01769,0.01778,1231.54
1654041600000,0.01775,0.01785,0.01757,0.01771,7151.02
1654045200000,0.01773,0.01786,0.01773,0.01785,3354.79
1654048800000,0.01785,0.01785,0.01759,0.01769,6805.93
1654052400000,0.0177,0.0177,0.01746,0.01751,5076.5
1654056000000,0.01747,0.01755,0.01739,0.01755,3654.01
1654059600000,0.01757,0.01766,0.01744,0.01766,3368.54
1654063200000,0.01767,0.01787,0.01767,0.01786,3201.74
1654066800000,0.01785,0.01787,0.01772,0.01777,2627.74
1654070400000,0.01775,0.01788,0.01773,0.01784,1888.74
1654074000000,0.01788,0.01793,0.01776,0.01777,3810.71
1654077600000,0.01778,0.01783,0.01772,0.0178,1893.69
1654081200000,0.01782,0.0179,0.01769,0.01781,4475.81
1654084800000,0.01782,0.01791,0.01776,0.01791,3309.07
1654088400000,0.0179,0.01817,0.01789,0.01792,7775.51
1654092000000,0.01791,0.01797,0.01762,0.01771,6174.44
1654095600000,0.01768,0.01785,0.01764,0.01774,5384.93
1654099200000,0.01774,0.01776,0.01764,0.01767,3903.63
1654102800000,0.01767,0.01772,0.01752,0.01758,3084.81
1654106400000,0.01759,0.01772,0.01754,0.0176,2929.4
1654110000000,0.01758,0.01762,0.01741,0.01742,3772.17
1654113600000,0.01741,0.01742,0.01712,0.01732,4866.77
1654117200000,0.01734,0.01746,0.01732,0.01741,1904.49
1654120800000,0.01739,0.0174,0.01706,0.01706,3503.44
1654124400000,0.01709,0.01724,0.01707,0.01713,2241.03
1654128000000,0.01711,0.01714,0.0169,0.01696,4343.67
1654131600000,0.01694,0.01704,0.01694,0.01701,3166.39
1654135200000,0.017,0.01708,0.01695,0.01702,3222.66
1654138800000,0.01702,0.01705,0.01698,0.01703,2397.7
1654142400000,0.01704,0.01704,0.01685,0.01685,2785.67
1654146000000,0.01688,0.01706,0.01688,0.01704,2550.98
1654149600000,0.01703,0.01717,0.01699,0.01717,2947.12
1654153200000,0.01718,0.01735,0.01712,0.01714,5572.89
1654156800000,0.01715,0.01726,0.01711,0.01726,3046.55
1654160400000,0.01726,0.01729,0.01721,0.01725,2459.13
1654164000000,0.01727,0.01734,0.0172,0.01733,2044.81
1654167600000,0.01733,0.01738,0.01726,0.01729,2331.53
1654171200000,0.01726,0.0173,0.01718,0.0172,2176.2
1654174800000,0.01722,0.01727,0.01709,0.01717,3315.59
1654178400000,0.01719,0.01724,0.01714,0.01719,1928.11
1654182000000,0.01722,0.01725,0.01715,0.01717,2995.1
1654185600000,0.01715,0.01721,0.01705,0.01716,4513.54
1654189200000,0.01716,0.01723,0.01706,0.01707,3001.87
1654192800000,0.0171,0.01722,0.0171,0.01718,2119.52
1654196400000,0.01721,0.01722,0.01702,0.01709,2773.67
1654200000000,0.01713,0.01721,0.01713,0.01719,1655.42
1654203600000,0.01718,0.0172,0.01709,0.01711,881.17
1654207200000,0.01708,0.01724,0.01708,0.01718,1000.2
1654210800000,0.01716,0.01729,0.01714,0.01719,3294.78
1654214400000,0.01717,0.01719,0.01709,0.0171,1671.45
1654218000000,0.01709,0.01724,0.01705,0.01721,2707.28
1654221600000,0.01719,0.01723,0.01715,0.01715,1763.0
1654225200000,0.01714,0.01719,0.0171,0.01716,1925.62
1654228800000,0.01717,0.01722,0.01708,0.01708,1521.06
1654232400000,0.01711,0.01715,0.0171,0.01711,1371.13
1654236000000,0.01713,0.01715,0.01704,0.01704,2345.9
1654239600000,0.01705,0.01708,0.01697,0.01703,2372.75
1654243200000,0.01704,0.01709,0.01701,0.01703,1554.56
1654246800000,0.01703,0.01706,0.01692,0.01692,2178.01
1654250400000,0.01692,0.01694,0.01676,0.01676,4569.59
1654254000000,0.01675,0.01707,0.01675,0.01702,4523.29
1654257600000,0.01701,0.01701,0.0168,0.01684,3491.39
1654261200000,0.01684,0.01696,0.01683,0.01695,3318.45
1654264800000,0.01697,0.01711,0.01697,0.01709,3154.15
1654268400000,0.01709,0.01717,0.01702,0.01702,3725.88
1654272000000,0.01701,0.01713,0.01701,0.01712,1541.01
1654275600000,0.01711,0.01713,0.01701,0.01704,1806.65
1654279200000,0.01702,0.01706,0.017,0.01706,2029.04
1654282800000,0.01706,0.0171,0.01703,0.01707,1807.28
1654286400000,0.01708,0.01721,0.01708,0.01714,2319.17
1654290000000,0.01714,0.01721,0.01712,0.0172,710.85
1654293600000,0.01721,0.01724,0.01712,0.01715,1619.21
1654297200000,0.01717,0.01717,0.01698,0.01699,2005.6
1654300800000,0.01698,0.01704,0.01696,0.01699,2092.07
1654304400000,0.01703,0.01705,0.01696,0.017,2315.8
1654308000000,0.017,0.01701,0.01672,0.01681,4391.56
1654311600000,0.01677,0.0168,0.01672,0.01678,2420.19
1654315200000,0.0168,0.01707,0.0168,0.01707,5359.56
1654318800000,0.01707,0.01707,0.01695,0.01698,1932.11
1654322400000,0.01698,0.01703,0.01697,0.017,710.52
1654326000000,0.01699,0.01701,0.01696,0.017,893.45
1654329600000,0.01698,0.01709,0.01696,0.01709,1180.46
1654333200000,0.01704,0.01706,0.01693,0.01702,2193.09
1654336800000,0.01703,0.01704,0.01694,0.01698,1820.13
1654340400000,0.017,0.017,0.01687,0.01691,1711.18
1654344000000,0.01691,0.01691,0.01677,0.01681,2809.86
1654347600000,0.01677,0.01683,0.01673,0.01677,3366.38
1654351200000,0.01677,0.0169,0.01663,0.0169,4831.92
1654354800000,0.01691,0.01695,0.01685,0.01686,1948.13
1654358400000,0.01683,0.01688,0.01682,0.01685,1282.2
1654362000000,0.01684,0.01693,0.01681,0.01693,687.19
1654365600000,0.01693,0.01698,0.01693,0.01694,886.88
1654369200000,0.01693,0.01693,0.01688,0.01693,1682.04
1654372800000,0.01695,0.01705,0.01695,0.01703,2417.49
1654376400000,0.01703,0.0171,0.01703,0.0171,908.95
1654380000000,0.01709,0.01716,0.01694,0.01695,2793.94
1654383600000,0.01695,0.01701,0.01687,0.01701,2942.01
1654387200000,0.01702,0.01714,0.01702,0.01708,2573.97
1654390800000,0.01707,0.01709,0.017,0.017,1589.89
1654394400000,0.017,0.01709,0.017,0.01706,1278.03
1654398000000,0.01706,0.01707,0.01696,0.017,1977.09
1654401600000,0.017,0.01704,0.01698,0.01701,1241.91
1654405200000,0.01701,0.01703,0.01697,0.01699,2160.85
1654408800000,0.01699,0.01699,0.0169,0.0169,2809.25
1654412400000,0.01688,0.01698,0.01686,0.01686,2799.67
1654416000000,0.01688,0.01696,0.01688,0.01692,1870.47
1654419600000,0.01692,0.01692,0.01677,0.01678,3152.17
1654423200000,0.01677,0.01682,0.01677,0.01681,1309.74
1654426800000,0.01679,0.01679,0.01663,0.01674,3832.78
1654430400000,0.01676,0.01678,0.01672,0.01673,2002.08
1654434000000,0.01678,0.01679,0.01668,0.01669,1971.68
1654437600000,0.01669,0.01683,0.01669,0.0168,1676.14
1654441200000,0.01679,0.01693,0.01679,0.01693,2724.92
1654444800000,0.01689,0.01707,0.01687,0.01694,5141.67
1654448400000,0.01694,0.01716,0.01694,0.01707,3789.07
1654452000000,0.01704,0.01711,0.01702,0.01709,993.11
1654455600000,0.01706,0.01724,0.01704,0.01724,3050.65
1654459200000,0.01724,0.01729,0.01717,0.01717,4235.7
1654462800000,0.01717,0.01717,0.0171,0.01712,1377.19
1654466400000,0.01713,0.01718,0.01702,0.01707,1778.02
1654470000000,0.0171,0.0171,0.01698,0.01704,2007.25
1654473600000,0.01706,0.01714,0.01703,0.01712,2275.04
1654477200000,0.01714,0.01722,0.01714,0.01718,2092.04
1654480800000,0.01717,0.01723,0.01715,0.01722,1897.32
1654484400000,0.01724,0.01731,0.0172,0.01731,3263.82
1654488000000,0.0173,0.01732,0.01719,0.01723,2110.05
1654491600000,0.01723,0.01731,0.0172,0.0172,1835.54
1654495200000,0.01722,0.01726,0.01718,0.01721,3598.82
1654498800000,0.01724,0.01729,0.01718,0.01724,3302.71
1654502400000,0.01726,0.0173,0.0172,0.0173,2589.08
1654506000000,0.01727,0.01741,0.01727,0.01741,3818.01
1654509600000,0.01741,0.01748,0.01736,0.01737,3389.53
1654513200000,0.01736,0.01737,0.01728,0.01736,3049.61
1654516800000,0.01738,0.01741,0.01732,0.01736,2072.87
1654520400000,0.01735,0.01742,0.01728,0.01735,3332.15
1654524000000,0.01739,0.01749,0.01725,0.01743,4291.01
1654527600000,0.01744,0.01756,0.01736,0.01755,5867.74
1654531200000,0.01753,0.01763,0.01744,0.01756,3254.73
1654534800000,0.01754,0.01754,0.01736,0.01743,3190.31
1654538400000,0.01744,0.01757,0.01744,0.01754,1873.35
1654542000000,0.01755,0.01759,0.01754,0.01754,845.83
1654545600000,0.01755,0.01817,0.01755,0.01788,10855.47
1654549200000,0.01791,0.01791,0.0177,0.01785,3069.84
1654552800000,0.01786,0.01792,0.01778,0.01786,2206.82
1654556400000,0.01782,0.01827,0.01781,0.01822,10876.69
1654560000000,0.01825,0.01838,0.01766,0.01769,13081.42
1654563600000,0.01765,0.01776,0.01756,0.01766,2814.27
1654567200000,0.01766,0.01766,0.01745,0.01755,4475.84
1654570800000,0.01755,0.01803,0.01753,0.01793,7772.28
1654574400000,0.01791,0.01817,0.01781,0.01816,12743.38
1654578000000,0.01814,0.01846,0.01808,0.01808,14124.71
1654581600000,0.01811,0.01831,0.01801,0.01803,5994.95
1654585200000,0.01806,0.01808,0.01796,0.01796,3640.23
1654588800000,0.01794,0.01807,0.0179,0.01799,2595.71
1654592400000,0.01802,0.01811,0.01794,0.01804,2803.02
1654596000000,0.01804,0.01815,0.01804,0.01807,1412.08
1654599600000,0.01807,0.01839,0.01792,0.01826,6936.87
1654603200000,0.01822,0.01833,0.01808,0.01813,7030.49
1654606800000,0.01812,0.01826,0.01805,0.01825,10260.58
1654610400000,0.01825,0.01828,0.01819,0.01823,2693.75
1654614000000,0.01823,0.01824,0.01811,0.01812,2670.05
1654617600000,0.0181,0.01814,0.01805,0.01807,2050.78
1654621200000,0.01806,0.01811,0.01795,0.01798,1770.8
1654624800000,0.01797,0.01814,0.01794,0.01795,2736.74
1654628400000,0.01793,0.01805,0.01788,0.01791,4602.73
1654632000000,0.01794,0.0182,0.01794,0.0182,3119.59
1654635600000,0.01821,0.01854,0.01819,0.01845,3205.07
1654639200000,0.01843,0.01846,0.01806,0.01806,5393.91
1654642800000,0.01807,0.01813,0.01797,0.01799,2441.18
1654646400000,0.01801,0.01807,0.01794,0.01796,3183.45
1654650000000,0.01797,0.01806,0.01791,0.01803,4357.06
1654653600000,0.01804,0.01815,0.01804,0.01815,2291.8
1654657200000,0.01811,0.01812,0.01787,0.01789,6263.25
1654660800000,0.0179,0.01795,0.01778,0.01779,5234.94
1654664400000,0.01778,0.01802,0.01778,0.0179,10181.91
1654668000000,0.01791,0.01791,0.01776,0.01776,2687.86
1654671600000,0.01779,0.01783,0.01765,0.01776,5052.37
1654675200000,0.01773,0.01773,0.01757,0.01759,4054.98
1654678800000,0.01759,0.01772,0.01757,0.01766,3956.45
1654682400000,0.01767,0.01781,0.01757,0.01776,4828.3
1654686000000,0.01774,0.01775,0.01768,0.01775,2059.25
1654689600000,0.01775,0.01776,0.01755,0.01768,3417.11
1654693200000,0.01768,0.01773,0.01764,0.01764,2865.48
1654696800000,0.01763,0.01778,0.01761,0.01771,3537.63
1654700400000,0.01771,0.01776,0.01767,0.01768,1525.56
1654704000000,0.01766,0.01767,0.01758,0.01764,2323.28
1654707600000,0.01765,0.01767,0.01763,0.01764,335.97
1654711200000,0.01767,0.01773,0.01758,0.01763,1940.63
1654714800000,0.01761,0.01766,0.01761,0.01761,405.89
1654718400000,0.01763,0.01768,0.01762,0.01765,757.03
1654722000000,0.01764,0.01772,0.01763,0.01772,582.17
1654725600000,0.0177,0.01771,0.01759,0.01763,743.64
1654729200000,0.01762,0.01763,0.01753,0.01763,960.1
1654732800000,0.01763,0.01765,0.01755,0.01763,1738.26
1654736400000,0.01764,0.0177,0.01761,0.01761,1142.31
1654740000000,0.0176,0.01775,0.0176,0.01775,1363.03
1654743600000,0.01771,0.01778,0.01771,0.01777,481.67
1654747200000,0.01776,0.01779,0.01774,0.01779,641.5
1654750800000,0.01776,0.01781,0.01776,0.0178,505.64
1654754400000,0.01782,0.01782,0.01782,0.01782,83.44
1654758000000,0.01783,0.01789,0.01778,0.01789,2138.6
1654761600000,0.01789,0.01802,0.0178,0.01798,4167.11
1654765200000,0.01797,0.01829,0.01797,0.01824,6151.13
1654768800000,0.01823,0.01823,0.01797,0.01798,2918.44
1654772400000,0.01798,0.01798,0.01784,0.01784,2019.84
1654776000000,0.01784,0.01792,0.01779,0.01792,1922.17
1654779600000,0.01792,0.01795,0.01784,0.01793,3227.77
1654783200000,0.0179,0.01801,0.01789,0.01789,1932.3
1654786800000,0.01792,0.01806,0.01792,0.01806,1762.35
1654790400000,0.01805,0.01807,0.01792,0.01806,3967.94
1654794000000,0.01808,0.01809,0.01792,0.01795,2080.0
1654797600000,0.01796,0.01797,0.01791,0.01794,1165.05
1654801200000,0.01792,0.01807,0.0179,0.01792,2414.73
1654804800000,0.01789,0.01794,0.01784,0.01793,2390.41
1654808400000,0.01796,0.01802,0.01795,0.01802,1081.53
1654812000000,0.01799,0.01799,0.01787,0.01788,790.03
1654815600000,0.01787,0.01798,0.01785,0.01794,2260.29
1654819200000,0.01795,0.018,0.01772,0.01777,5226.57
1654822800000,0.01779,0.01784,0.01772,0.0178,2927.65
1654826400000,0.0178,0.01788,0.01774,0.0178,3011.62
1654830000000,0.01782,0.01791,0.01775,0.01775,4690.72
1654833600000,0.01777,0.01777,0.01769,0.01776,1985.52
1654837200000,0.01775,0.01778,0.0177,0.01772,1858.46
1654840800000,0.01773,0.01777,0.01762,0.01762,2531.92
1654844400000,0.01762,0.01767,0.0176,0.01762,2027.57
1654848000000,0.01762,0.0177,0.01762,0.01763,2116.8
1654851600000,0.0176,0.01763,0.01751,0.0176,4016.77
1654855200000,0.01761,0.0177,0.01758,0.01758,2802.35
1654858800000,0.01761,0.01761,0.0175,0.0175,1323.77
1654862400000,0.01749,0.01749,0.01706,0.01706,9041.61
1654866000000,0.01705,0.01706,0.01682,0.01686,8181.31
1654869600000,0.01685,0.01685,0.01659,0.01674,6684.82
1654873200000,0.01676,0.01698,0.01672,0.01696,4818.52
1654876800000,0.01694,0.01699,0.01674,0.01692,7085.42
1654880400000,0.01694,0.01701,0.01691,0.01693,3831.38
1654884000000,0.01691,0.01703,0.01691,0.01703,2230.11
1654887600000,0.01699,0.01708,0.01699,0.01701,2097.89
1654891200000,0.01703,0.01703,0.01692,0.01692,2080.27
1654894800000,0.01694,0.01703,0.01694,0.01702,1082.7
1654898400000,0.01702,0.01702,0.01693,0.01693,712.69
1654902000000,0.01691,0.01692,0.01672,0.01682,3225.38
1654905600000,0.01679,0.01683,0.01676,0.01681,2688.77
1654909200000,0.01682,0.01688,0.01676,0.01688,2814.88
1654912800000,0.01688,0.01694,0.01682,0.01694,3876.56
1654916400000,0.01694,0.01696,0.01692,0.01696,815.95
1654920000000,0.01695,0.01695,0.01687,0.01687,1101.95
1654923600000,0.01686,0.01711,0.01686,0.01707,5085.15
1654927200000,0.01704,0.01704,0.01694,0.01697,740.97
1654930800000,0.01695,0.0171,0.01692,0.01693,3674.94
1654934400000,0.01693,0.01719,0.01661,0.01661,11813.95
1654938000000,0.0166,0.01686,0.01648,0.01671,7720.07
1654941600000,0.01671,0.01672,0.01662,0.01662,2194.84
1654945200000,0.01664,0.01664,0.01642,0.01647,8243.37
1654948800000,0.01649,0.01658,0.01643,0.01643,3473.03
1654952400000,0.01646,0.01662,0.01643,0.01654,6162.4
1654956000000,0.01654,0.01657,0.01647,0.01655,2969.68
1654959600000,0.01654,0.01657,0.01623,0.01631,8186.88
1654963200000,0.01631,0.01641,0.01619,0.01619,7730.68
1654966800000,0.0162,0.0163,0.01617,0.01627,5565.82
1654970400000,0.01625,0.01641,0.01621,0.01639,4015.98
1654974000000,0.01637,0.01643,0.01629,0.01629,1693.41
1654977600000,0.01631,0.01636,0.01628,0.01628,2308.59
1654981200000,0.01632,0.01636,0.01629,0.01634,1088.12
1654984800000,0.01631,0.01637,0.0163,0.01632,803.12
1654988400000,0.01629,0.01629,0.01616,0.01625,3028.88
1654992000000,0.01625,0.01629,0.01623,0.01623,989.69
1654995600000,0.01624,0.01629,0.01619,0.01623,4557.03
1654999200000,0.01623,0.01633,0.01616,0.01632,6253.16
1655002800000,0.01632,0.01635,0.01617,0.01629,7286.05
1655006400000,0.0163,0.01635,0.01615,0.01622,3847.21
1655010000000,0.01621,0.01637,0.01615,0.01628,6466.52
1655013600000,0.0163,0.01641,0.01624,0.01638,8455.43
1655017200000,0.01636,0.01651,0.01634,0.01646,11292.59
1655020800000,0.01646,0.01654,0.01638,0.01639,5767.58
1655024400000,0.0164,0.01645,0.01633,0.01633,3311.32
1655028000000,0.01632,0.01634,0.01624,0.01624,4021.25
1655031600000,0.01624,0.01624,0.01612,0.01623,4825.36
1655035200000,0.01624,0.01637,0.01624,0.01636,3358.09
1655038800000,0.01633,0.01642,0.01624,0.01625,3585.05
1655042400000,0.01629,0.01665,0.01627,0.01659,8723.47
1655046000000,0.01659,0.01679,0.01659,0.01678,7008.88
1655049600000,0.01678,0.01681,0.01663,0.01668,2554.58
1655053200000,0.01671,0.01674,0.01636,0.01636,4596.11
1655056800000,0.01636,0.01638,0.01627,0.01638,1899.32
1655060400000,0.01636,0.01644,0.01629,0.01641,1881.9
1655064000000,0.01642,0.01645,0.01634,0.01634,1535.62
1655067600000,0.01633,0.01637,0.01631,0.01631,266.61
1655071200000,0.01633,0.01635,0.01626,0.01626,1884.77
1655074800000,0.0163,0.01631,0.01593,0.01593,6414.51
1655078400000,0.01593,0.01615,0.01588,0.01603,12588.4
1655082000000,0.01602,0.01621,0.01595,0.01621,10325.46
1655085600000,0.01619,0.01623,0.01561,0.01574,19169.55
1655089200000,0.01575,0.01612,0.01574,0.01604,20929.8
1655092800000,0.01603,0.01631,0.01598,0.01616,10090.17
1655096400000,0.01616,0.01617,0.01582,0.01601,14253.9
1655100000000,0.01601,0.01603,0.01579,0.01588,11741.87
1655103600000,0.01588,0.01594,0.01564,0.01579,15290.16
1655107200000,0.01576,0.01601,0.01564,0.01601,19960.64
1655110800000,0.01597,0.01612,0.01574,0.0161,18809.85
1655114400000,0.01608,0.01612,0.0159,0.01596,9242.17
1655118000000,0.01594,0.01604,0.01583,0.01604,8208.26
1655121600000,0.01605,0.0162,0.01602,0.01617,9378.02
1655125200000,0.01615,0.01627,0.0161,0.01627,5577.27
1655128800000,0.01623,0.01632,0.01611,0.01628,7674.22
1655132400000,0.0163,0.01634,0.0162,0.01629,3783.47
1655136000000,0.01627,0.01631,0.01612,0.01624,6817.21
1655139600000,0.01625,0.01625,0.01613,0.01623,5415.52
1655143200000,0.01625,0.01636,0.01622,0.01627,2722.69
1655146800000,0.01631,0.01638,0.01629,0.01631,3495.26
1655150400000,0.01632,0.01649,0.01629,0.01636,4607.09
1655154000000,0.01632,0.01644,0.01618,0.01618,3565.71
1655157600000,0.01618,0.01621,0.016,0.01603,4903.6
1655161200000,0.01602,0.01644,0.01602,0.01644,5628.62
1655164800000,0.01645,0.01654,0.01639,0.01654,3973.92
1655168400000,0.01648,0.0166,0.01637,0.01655,9274.63
1655172000000,0.01658,0.01668,0.01634,0.01666,9706.41
1655175600000,0.01666,0.01675,0.01651,0.01651,6581.76
1655179200000,0.01653,0.01666,0.01647,0.01651,4341.09
1655182800000,0.01651,0.01683,0.01639,0.01683,10725.97
1655186400000,0.01683,0.01689,0.0167,0.01671,5514.31
1655190000000,0.01669,0.0168,0.01648,0.01664,6598.96
1655193600000,0.01666,0.01669,0.01647,0.01654,6009.88
1655197200000,0.01654,0.01655,0.01636,0.01642,4883.74
1655200800000,0.01644,0.01648,0.01641,0.01642,2617.27
1655204400000,0.01644,0.01658,0.01637,0.01656,3006.16
1655208000000,0.01655,0.0167,0.0164,0.0166,5546.17
1655211600000,0.01658,0.01673,0.01653,0.01663,3644.29
1655215200000,0.0166,0.01662,0.01644,0.01652,5959.36
1655218800000,0.01655,0.01669,0.01652,0.01665,3665.21
1655222400000,0.01667,0.01672,0.01661,0.01662,3123.3
1655226000000,0.01663,0.01667,0.01657,0.01662,2003.94
1655229600000,0.01665,0.01679,0.01664,0.01672,3452.08
1655233200000,0.01676,0.01692,0.01674,0.01688,3845.5
1655236800000,0.01688,0.01688,0.01678,0.01678,1920.03
1655240400000,0.01682,0.01703,0.01681,0.01681,2872.21
1655244000000,0.01681,0.01697,0.01678,0.01695,2938.21
1655247600000,0.01692,0.01757,0.01692,0.01732,13834.45
1655251200000,0.01732,0.01744,0.01719,0.01743,8594.16
1655254800000,0.0174,0.01758,0.01723,0.01755,8741.68
1655258400000,0.01755,0.01755,0.0172,0.01732,7158.5
1655262000000,0.01731,0.0174,0.0172,0.0172,4248.48
1655265600000,0.01719,0.01725,0.01706,0.01714,6907.89
1655269200000,0.01713,0.01729,0.01705,0.01712,7868.14
1655272800000,0.01711,0.01712,0.01693,0.01704,5263.47
1655276400000,0.01704,0.01715,0.01694,0.01715,5028.29
1655280000000,0.01711,0.01714,0.01695,0.01696,9352.61
1655283600000,0.017,0.01733,0.01691,0.01729,7131.47
1655287200000,0.0173,0.0173,0.01694,0.01712,9631.47
1655290800000,0.01716,0.01725,0.01706,0.01715,3255.2
1655294400000,0.01713,0.01717,0.01708,0.01713,5894.02
1655298000000,0.01714,0.01732,0.01714,0.01732,5364.63
1655301600000,0.01734,0.01745,0.01732,0.01736,5084.55
1655305200000,0.01738,0.01768,0.01738,0.01768,6014.87
1655308800000,0.01769,0.01795,0.01754,0.01781,21077.43
1655312400000,0.01779,0.01856,0.01773,0.01845,16298.11
1655316000000,0.01844,0.01893,0.01818,0.01873,30993.95
1655319600000,0.01875,0.01912,0.01864,0.01879,16213.61
1655323200000,0.01881,0.01901,0.01875,0.01899,7755.65
1655326800000,0.01901,0.0193,0.01896,0.0191,8660.51
1655330400000,0.0191,0.01926,0.01872,0.01872,4941.23
1655334000000,0.01878,0.019,0.01872,0.01893,5224.84
1655337600000,0.01894,0.01894,0.01861,0.01865,6402.78
1655341200000,0.01864,0.01868,0.01819,0.0186,16375.77
1655344800000,0.01862,0.01862,0.0185,0.01862,5193.8
1655348400000,0.01861,0.01864,0.0185,0.0185,3289.55
1655352000000,0.0185,0.01866,0.0184,0.0185,5353.16
1655355600000,0.01849,0.01862,0.01831,0.01837,6411.43
1655359200000,0.01837,0.01863,0.01831,0.01855,6028.65
1655362800000,0.01857,0.01871,0.01849,0.01869,6811.03
1655366400000,0.01865,0.01881,0.01856,0.01869,9124.55
1655370000000,0.01866,0.01866,0.0182,0.0182,15230.63
1655373600000,0.0182,0.01852,0.0182,0.01852,6971.5
1655377200000,0.0185,0.01855,0.01834,0.01847,6229.73
1655380800000,0.01846,0.01877,0.01838,0.01856,9378.5
1655384400000,0.01857,0.01868,0.01817,0.01824,17076.06
1655388000000,0.01824,0.0188,0.01823,0.01835,24552.18
1655391600000,0.01835,0.01848,0.01813,0.01833,19279.51
1655395200000,0.01833,0.01838,0.01819,0.01837,6153.67
1655398800000,0.01839,0.01841,0.0182,0.01823,7794.93
1655402400000,0.01821,0.01821,0.01805,0.01809,2901.79
1655406000000,0.0181,0.01816,0.01793,0.01797,4564.8
1655409600000,0.01797,0.01826,0.01796,0.01815,3787.88
1655413200000,0.01815,0.01843,0.01815,0.01825,2433.58
1655416800000,0.0183,0.01836,0.018,0.01806,4872.24
1655420400000,0.01807,0.01828,0.01806,0.01827,3663.97
1655424000000,0.01823,0.01841,0.01818,0.01826,5511.57
1655427600000,0.01826,0.01832,0.01812,0.01812,5865.49
1655431200000,0.01812,0.01812,0.0179,0.01793,7743.77
1655434800000,0.01793,0.01803,0.01788,0.01793,5569.11
1655438400000,0.01796,0.018,0.01788,0.0179,3349.73
1655442000000,0.01787,0.01795,0.01787,0.01795,2031.54
1655445600000,0.01797,0.01798,0.01788,0.01793,2426.45
1655449200000,0.01794,0.018,0.01783,0.01795,3066.96
1655452800000,0.01797,0.01805,0.01783,0.01785,4829.25
1655456400000,0.01783,0.01796,0.01778,0.01796,4372.8
1655460000000,0.01796,0.01811,0.01789,0.01808,2515.3
1655463600000,0.01807,0.01821,0.01798,0.01798,3646.04
1655467200000,0.01799,0.01808,0.01796,0.01803,3683.11
1655470800000,0.01803,0.01823,0.01791,0.0181,7309.97
1655474400000,0.01809,0.01834,0.01806,0.01827,3506.89
1655478000000,0.01829,0.01838,0.01825,0.0183,3338.9
1655481600000,0.01827,0.01838,0.01816,0.01822,4967.0
1655485200000,0.01819,0.01827,0.01814,0.0182,3009.56
1655488800000,0.01825,0.01833,0.01824,0.01824,1704.64
1655492400000,0.01826,0.01828,0.01811,0.01811,2303.97
1655496000000,0.01812,0.01835,0.01812,0.01829,3815.99
1655499600000,0.01828,0.01831,0.01818,0.01829,1505.53
1655503200000,0.01826,0.01826,0.01813,0.01814,1537.48
1655506800000,0.01812,0.01836,0.01811,0.01823,3148.53
1655510400000,0.01822,0.01871,0.01822,0.01866,8251.24
1655514000000,0.01868,0.01899,0.01859,0.01859,6908.66
1655517600000,0.01857,0.01868,0.01853,0.01861,3422.63
1655521200000,0.01859,0.01863,0.01854,0.01854,2121.91
1655524800000,0.01855,0.01867,0.01855,0.01865,1164.11
1655528400000,0.01863,0.01864,0.01854,0.0186,1216.91
1655532000000,0.01861,0.01883,0.01826,0.01852,12633.74
1655535600000,0.01853,0.01855,0.0182,0.01824,8831.76
1655539200000,0.01824,0.01836,0.018,0.01821,7048.33
1655542800000,0.01821,0.01838,0.01811,0.01812,3523.01
1655546400000,0.01815,0.01845,0.01815,0.01843,4888.76
1655550000000,0.01845,0.01873,0.01845,0.01856,8691.85
1655553600000,0.01857,0.01865,0.01845,0.01849,4067.04
1655557200000,0.01847,0.01859,0.01846,0.01852,2393.95
1655560800000,0.01853,0.01859,0.01795,0.01822,20743.41
1655564400000,0.01823,0.01831,0.01813,0.01831,2519.72
1655568000000,0.01827,0.01839,0.01821,0.01826,4167.26
1655571600000,0.01826,0.01838,0.01816,0.01833,4694.98
1655575200000,0.01835,0.01848,0.01828,0.01842,5226.58
1655578800000,0.01843,0.0185,0.01827,0.01827,3421.75
1655582400000,0.01831,0.0185,0.01812,0.01823,11987.31
1655586000000,0.01821,0.01832,0.0179,0.0182,5752.78
1655589600000,0.0182,0.01836,0.01816,0.01819,6545.76
1655593200000,0.01821,0.01867,0.01811,0.01851,12927.57
1655596800000,0.01851,0.01872,0.01848,0.01849,5088.8
1655600400000,0.01849,0.0186,0.01841,0.0186,3542.87
1655604000000,0.0186,0.01861,0.01841,0.0185,4434.96
1655607600000,0.01851,0.01869,0.01851,0.01856,3278.91
1655611200000,0.01857,0.01861,0.01847,0.01847,2196.95
1655614800000,0.01847,0.01873,0.01839,0.01858,10266.89
1655618400000,0.01857,0.01882,0.01856,0.01863,9935.56
1655622000000,0.01863,0.01878,0.01857,0.0186,4681.02
1655625600000,0.01859,0.01869,0.01852,0.01866,5732.45
1655629200000,0.01864,0.01881,0.01861,0.01877,7350.3
1655632800000,0.01878,0.01885,0.01851,0.01884,13721.74
1655636400000,0.01883,0.01899,0.01866,0.01893,7065.92
1655640000000,0.01892,0.01904,0.01871,0.01878,6997.62
1655643600000,0.01878,0.01894,0.01877,0.0189,3671.96
1655647200000,0.01887,0.01901,0.01869,0.01893,3843.27
1655650800000,0.01892,0.01924,0.01881,0.01919,6689.15
1655654400000,0.01919,0.01928,0.01905,0.01915,7380.29
1655658000000,0.01914,0.01935,0.01913,0.01934,5056.36
1655661600000,0.01935,0.01968,0.01935,0.01959,9213.55
1655665200000,0.01959,0.01967,0.01952,0.01956,4596.2
1655668800000,0.01959,0.01969,0.01941,0.01957,5738.66
1655672400000,0.01957,0.01962,0.01949,0.0195,1492.13
1655676000000,0.0195,0.01972,0.01925,0.01925,3179.71
1655679600000,0.0193,0.01966,0.0193,0.01948,6586.27
1655683200000,0.01949,0.01954,0.01922,0.01922,10854.05
1655686800000,0.01924,0.01958,0.01924,0.01951,11491.61
1655690400000,0.01952,0.01955,0.01929,0.01931,6485.66
1655694000000,0.01931,0.01949,0.01931,0.01949,3365.61
1655697600000,0.01951,0.01975,0.01951,0.01954,10168.83
1655701200000,0.01951,0.01968,0.0195,0.01968,12442.87
1655704800000,0.0197,0.01996,0.01962,0.01989,13323.28
1655708400000,0.01988,0.01989,0.01965,0.01971,7117.46
1655712000000,0.01974,0.0199,0.01965,0.01986,7473.74
1655715600000,0.01986,0.01986,0.01965,0.01969,4153.01
1655719200000,0.0197,0.0198,0.01953,0.01978,6561.54
1655722800000,0.01979,0.02025,0.01979,0.0202,13438.05
1655726400000,0.02022,0.02022,0.01988,0.01988,5924.09
1655730000000,0.01987,0.02015,0.01962,0.01967,6067.29
1655733600000,0.01969,0.01983,0.01964,0.01977,4129.33
1655737200000,0.01976,0.01979,0.01947,0.0195,3814.81
1655740800000,0.01955,0.01962,0.01936,0.0196,4261.32
1655744400000,0.01959,0.01975,0.01956,0.01962,2890.42
1655748000000,0.01963,0.01963,0.01946,0.01947,3077.87
1655751600000,0.01947,0.01964,0.0194,0.01961,2906.63
1655755200000,0.01957,0.01977,0.01957,0.01977,1826.0
1655758800000,0.01978,0.01986,0.01944,0.01944,3029.77
1655762400000,0.01948,0.01948,0.01933,0.01944,2080.51
1655766000000,0.01944,0.01988,0.01944,0.01985,3715.19
1655769600000,0.01987,0.01996,0.01981,0.01993,2713.58
1655773200000,0.01994,0.02007,0.01994,0.02003,2895.12
1655776800000,0.02005,0.02005,0.01993,0.02004,2341.4
1655780400000,0.02007,0.02022,0.02003,0.02015,3066.42
1655784000000,0.02018,0.02023,0.02009,0.02014,3083.99
1655787600000,0.02019,0.02041,0.02016,0.02029,4809.31
1655791200000,0.02033,0.02041,0.02024,0.02027,4353.19
1655794800000,0.02025,0.02026,0.02005,0.02016,5258.07
1655798400000,0.02018,0.02066,0.02018,0.02051,5543.76
1655802000000,0.02051,0.02067,0.02043,0.02046,3105.17
1655805600000,0.0205,0.02058,0.0205,0.02057,1457.33
1655809200000,0.02058,0.02058,0.02013,0.02013,4185.5
1655812800000,0.02013,0.02021,0.02006,0.02007,2049.38
1655816400000,0.02007,0.02063,0.01999,0.02061,7535.39
1655820000000,0.02063,0.02208,0.02056,0.02206,21879.55
1655823600000,0.02203,0.02221,0.02164,0.02208,16347.59
1655827200000,0.02209,0.02235,0.0219,0.02203,8378.47
1655830800000,0.02201,0.02218,0.02182,0.02216,4510.24
1655834400000,0.02214,0.02327,0.02203,0.02206,30982.94
1655838000000,0.02201,0.02204,0.02164,0.02165,10543.21
1655841600000,0.02166,0.02178,0.02145,0.02145,8578.97
1655845200000,0.02144,0.02174,0.02139,0.02173,4035.01
1655848800000,0.02171,0.02176,0.02133,0.02172,6326.79
1655852400000,0.02173,0.02184,0.0216,0.02167,4043.48
1655856000000,0.02171,0.02176,0.0213,0.0215,17452.54
1655859600000,0.02149,0.02188,0.02127,0.02131,20997.28
1655863200000,0.02134,0.02156,0.02116,0.02153,12039.82
1655866800000,0.02153,0.02213,0.0215,0.02188,14930.95
1655870400000,0.02188,0.02226,0.02174,0.0219,14223.05
1655874000000,0.02192,0.02209,0.0217,0.02172,5116.54
1655877600000,0.0217,0.02221,0.02168,0.02209,7076.96
1655881200000,0.02209,0.0221,0.02167,0.02169,8555.57
1655884800000,0.02171,0.02183,0.02165,0.02173,3766.76
1655888400000,0.02178,0.02234,0.02178,0.02233,5315.51
1655892000000,0.02232,0.02236,0.02208,0.0221,5801.01
1655895600000,0.02209,0.02273,0.02203,0.02246,8864.56
1655899200000,0.02247,0.0236,0.0224,0.02346,23584.31
1655902800000,0.02347,0.02383,0.02338,0.02338,28954.91
1655906400000,0.02339,0.02431,0.02326,0.02391,17493.98
1655910000000,0.02394,0.02419,0.02365,0.02377,18460.61
1655913600000,0.02377,0.02393,0.02355,0.02382,18570.15
1655917200000,0.02383,0.02389,0.02362,0.02362,6877.18
1655920800000,0.02363,0.024,0.02363,0.02396,4644.35
1655924400000,0.02395,0.02399,0.02335,0.02335,6271.24
1655928000000,0.02337,0.02363,0.02337,0.02341,6100.56
1655931600000,0.0234,0.02356,0.02334,0.02349,2852.03
1655935200000,0.02348,0.02362,0.02333,0.02362,2850.64
1655938800000,0.02362,0.02375,0.02322,0.02325,5211.43
1655942400000,0.02329,0.02387,0.02317,0.02378,12007.73
1655946000000,0.02375,0.02408,0.02361,0.02392,12522.55
1655949600000,0.02396,0.02424,0.02391,0.02412,7057.92
1655953200000,0.02413,0.02421,0.02371,0.02372,11312.53
1655956800000,0.02373,0.02377,0.02347,0.02351,16725.46
1655960400000,0.02349,0.02353,0.02325,0.02326,4458.56
1655964000000,0.02324,0.02347,0.02304,0.02345,3544.21
1655967600000,0.02341,0.02345,0.02334,0.02339,2359.18
1655971200000,0.02337,0.02372,0.02336,0.02343,4731.7
1655974800000,0.02345,0.02359,0.02343,0.02355,2101.97
1655978400000,0.02359,0.02529,0.02359,0.02445,28597.53
1655982000000,0.02444,0.02461,0.02417,0.02422,9981.51
1655985600000,0.0242,0.02444,0.02415,0.02428,6307.15
1655989200000,0.02432,0.02453,0.02414,0.02425,5810.62
1655992800000,0.02427,0.02441,0.02383,0.02387,7294.54
1655996400000,0.02385,0.02413,0.02369,0.02401,5139.76
1656000000000,0.02403,0.02403,0.0235,0.02354,7087.25
1656003600000,0.02354,0.02356,0.0234,0.02348,2343.73
1656007200000,0.02349,0.02359,0.02343,0.02353,2278.01
1656010800000,0.02349,0.02394,0.02344,0.02369,7162.53
1656014400000,0.0237,0.02406,0.02359,0.02396,5909.69
1656018000000,0.02401,0.02447,0.02393,0.02414,3273.24
1656021600000,0.02416,0.02447,0.02415,0.02415,2985.19
1656025200000,0.02417,0.02466,0.02417,0.02458,4541.3
1656028800000,0.02459,0.025,0.02454,0.02466,4765.56
1656032400000,0.02465,0.025,0.02461,0.02484,5375.33
1656036000000,0.02484,0.02484,0.02427,0.02431,4963.1
1656039600000,0.02435,0.02436,0.02389,0.02391,3876.1
1656043200000,0.02391,0.02417,0.02375,0.02378,3797.75
1656046800000,0.02378,0.02378,0.02343,0.02345,3166.03
1656050400000,0.02342,0.02348,0.02327,0.02331,2476.13
1656054000000,0.02333,0.02367,0.02329,0.02367,2564.51
1656057600000,0.02366,0.02371,0.02353,0.02362,1875.76
1656061200000,0.02361,0.02365,0.02342,0.02342,2159.35
1656064800000,0.02343,0.02356,0.02339,0.02347,1417.62
1656068400000,0.02345,0.02378,0.02343,0.02365,5017.37
1656072000000,0.02363,0.02388,0.02363,0.02382,4822.96
1656075600000,0.02384,0.02395,0.02362,0.02379,4717.74
1656079200000,0.02383,0.02399,0.0237,0.02379,2785.54
1656082800000,0.02379,0.02411,0.02345,0.02348,13200.29
1656086400000,0.02348,0.02354,0.02296,0.02301,6974.29
1656090000000,0.02301,0.02323,0.02293,0.02293,3382.56
1656093600000,0.02296,0.02314,0.02289,0.02305,2534.49
1656097200000,0.02306,0.02308,0.02283,0.02293,3245.07
1656100800000,0.02289,0.02312,0.02269,0.0227,3919.69
1656104400000,0.02272,0.02286,0.02271,0.02286,2130.19
1656108000000,0.02281,0.02304,0.02278,0.02293,2297.27
1656111600000,0.02291,0.02292,0.02279,0.02279,1124.66
1656115200000,0.02277,0.02294,0.02276,0.02292,2623.32
1656118800000,0.02293,0.02308,0.02293,0.02298,2261.82
1656122400000,0.02299,0.02326,0.02273,0.02286,4597.09
1656126000000,0.02288,0.02292,0.02266,0.02274,2337.74
1656129600000,0.02274,0.02295,0.0227,0.02286,3029.92
1656133200000,0.02285,0.02296,0.02282,0.02287,1688.44
1656136800000,0.02286,0.02298,0.02284,0.02298,1955.33
1656140400000,0.02297,0.02326,0.02297,0.02305,2976.22
1656144000000,0.02307,0.02322,0.02296,0.02296,2321.49
1656147600000,0.02298,0.02304,0.02292,0.02303,1374.02
1656151200000,0.02303,0.02314,0.02294,0.0231,1702.09
1656154800000,0.0231,0.02318,0.02288,0.02295,1869.01
1656158400000,0.02291,0.02291,0.0225,0.02265,4690.02
1656162000000,0.02266,0.02292,0.02258,0.02285,3166.73
1656165600000,0.02286,0.02308,0.02285,0.02287,3006.69
1656169200000,0.02288,0.02308,0.02277,0.02297,4930.18
1656172800000,0.02296,0.02302,0.02288,0.02299,3879.81
1656176400000,0.02298,0.02305,0.02289,0.02292,2024.45
1656180000000,0.02299,0.02317,0.02289,0.02317,2490.04
1656183600000,0.02316,0.02355,0.02313,0.02338,4498.03
1656187200000,0.02335,0.0236,0.02327,0.02356,3059.32
1656190800000,0.0236,0.02398,0.0236,0.02388,4180.42
1656194400000,0.02389,0.024,0.02369,0.02373,1553.62
1656198000000,0.02372,0.02378,0.02346,0.02346,2218.81
1656201600000,0.02346,0.02369,0.0234,0.02366,2060.4
1656205200000,0.02369,0.02386,0.02357,0.02366,3453.21
1656208800000,0.02361,0.02363,0.02335,0.02347,2200.34
1656212400000,0.02339,0.02348,0.02338,0.02348,632.15
1656216000000,0.0235,0.02364,0.02339,0.0236,1773.53
1656219600000,0.02355,0.02367,0.0234,0.02349,1551.06
1656223200000,0.02348,0.02375,0.02337,0.02369,3396.06
1656226800000,0.02367,0.02373,0.02353,0.02353,1986.84
1656230400000,0.02352,0.02357,0.02335,0.02335,1636.89
1656234000000,0.02334,0.02336,0.02315,0.02325,2170.5
1656237600000,0.02325,0.02333,0.02313,0.02327,1998.52
1656241200000,0.02326,0.02371,0.02324,0.02362,4372.3
1656244800000,0.02365,0.0241,0.02363,0.02367,7794.41
1656248400000,0.02373,0.02377,0.02332,0.02332,4437.56
1656252000000,0.02329,0.0234,0.02319,0.02319,1743.07
1656255600000,0.02319,0.02339,0.02298,0.02339,3875.95
1656259200000,0.02337,0.02385,0.02337,0.0237,4123.17
1656262800000,0.02374,0.02389,0.02367,0.02388,2019.3
1656266400000,0.02389,0.02391,0.0236,0.0238,3018.78
1656270000000,0.02385,0.02448,0.02385,0.02436,6282.82
1656273600000,0.02439,0.02532,0.02428,0.02497,13523.14
1656277200000,0.02499,0.02511,0.02457,0.02457,5460.21
1656280800000,0.02457,0.02457,0.02427,0.02434,3903.75
1656284400000,0.02436,0.02439,0.02388,0.02391,3015.49
1656288000000,0.02391,0.02417,0.0238,0.02411,3814.0
1656291600000,0.0241,0.02416,0.02397,0.02411,2600.62
1656295200000,0.02411,0.02429,0.02404,0.02429,2562.59
1656298800000,0.02424,0.02424,0.02401,0.02404,1473.88
1656302400000,0.02404,0.02404,0.02384,0.02392,1623.25
1656306000000,0.02395,0.02397,0.02379,0.0238,1437.78
1656309600000,0.02379,0.02387,0.02366,0.02386,1760.62
1656313200000,0.02384,0.02416,0.02384,0.02398,3751.75
1656316800000,0.024,0.02449,0.024,0.02446,5004.28
1656320400000,0.02441,0.02466,0.02434,0.0246,3089.78
1656324000000,0.02458,0.0246,0.02441,0.02447,1812.78
1656327600000,0.02442,0.02443,0.02418,0.02421,3316.02
1656331200000,0.02424,0.02427,0.0239,0.02406,2315.19
1656334800000,0.02404,0.0243,0.02355,0.0236,6623.3
1656338400000,0.0236,0.02367,0.02334,0.02367,6799.67
1656342000000,0.0236,0.0236,0.02323,0.02324,2865.69
1656345600000,0.02323,0.02326,0.02308,0.02315,2526.94
1656349200000,0.02315,0.02331,0.02295,0.02297,2187.5
1656352800000,0.02294,0.02307,0.02278,0.02286,3240.96
1656356400000,0.02289,0.02289,0.02272,0.02273,1625.47
1656360000000,0.02279,0.0229,0.02275,0.02275,1055.51
1656363600000,0.02279,0.02282,0.0227,0.02277,1170.63
1656367200000,0.02275,0.02299,0.02268,0.02289,2435.93
1656370800000,0.02295,0.02301,0.02278,0.0228,1801.21
1656374400000,0.02283,0.02306,0.02283,0.02287,2873.99
1656378000000,0.02288,0.02288,0.02231,0.02236,3991.69
1656381600000,0.02235,0.0224,0.02221,0.02235,2312.51
1656385200000,0.0224,0.02242,0.02227,0.02227,868.09
1656388800000,0.02227,0.02228,0.02214,0.02228,1836.52
1656392400000,0.02229,0.02229,0.02215,0.02216,1286.39
1656396000000,0.02214,0.02236,0.02213,0.02236,1854.11
1656399600000,0.02236,0.02253,0.02232,0.02234,2711.69
1656403200000,0.02233,0.02257,0.02226,0.02257,3061.63
1656406800000,0.02258,0.02262,0.02241,0.02248,1803.81
1656410400000,0.02251,0.02251,0.02232,0.02246,1322.08
1656414000000,0.02247,0.02268,0.02238,0.02267,2505.85
1656417600000,0.02266,0.02285,0.02264,0.02273,2931.54
1656421200000,0.02275,0.02276,0.02265,0.02276,1319.22
1656424800000,0.02271,0.02271,0.02238,0.02255,2954.35
1656428400000,0.02254,0.0226,0.0216,0.02169,7916.63
1656432000000,0.02172,0.0219,0.02172,0.02183,2863.15
1656435600000,0.02182,0.02195,0.02174,0.02188,1385.43
1656439200000,0.02192,0.02193,0.02163,0.0217,3928.38
1656442800000,0.02171,0.02206,0.02169,0.02206,3435.81
1656446400000,0.02207,0.02221,0.02205,0.02213,2291.59
1656450000000,0.02214,0.02219,0.02203,0.02203,1614.07
1656453600000,0.02201,0.02201,0.02131,0.02143,7915.28
1656457200000,0.02143,0.02167,0.02143,0.02167,3166.42
1656460800000,0.02169,0.0218,0.02161,0.02163,2841.65
1656464400000,0.02166,0.02178,0.02161,0.02173,2768.48
1656468000000,0.02174,0.02198,0.02174,0.02189,8527.24
1656471600000,0.02189,0.02209,0.02162,0.02192,16101.06
1656475200000,0.02194,0.02202,0.02176,0.02182,7503.13
1656478800000,0.02184,0.02193,0.02169,0.02193,2926.53
1656482400000,0.02195,0.02232,0.02187,0.02225,7674.32
1656486000000,0.02224,0.02266,0.02215,0.02218,10584.45
1656489600000,0.02218,0.02237,0.02217,0.02217,2188.54
1656493200000,0.0222,0.02244,0.0222,0.02242,3006.23
1656496800000,0.02244,0.0225,0.0223,0.02238,1551.0
1656500400000,0.02236,0.02255,0.02225,0.02251,2174.14
1656504000000,0.02256,0.02264,0.02251,0.02251,3512.52
1656507600000,0.0225,0.02287,0.02247,0.02287,3861.64
1656511200000,0.02283,0.0236,0.02282,0.02351,7870.1
1656514800000,0.02357,0.02395,0.02342,0.02382,5176.94
1656518400000,0.02383,0.02383,0.02312,0.02319,8105.96
1656522000000,0.0232,0.02343,0.02316,0.02337,5165.16
1656525600000,0.02338,0.02348,0.02326,0.02332,2186.45
1656529200000,0.02329,0.02362,0.02323,0.02354,2576.91
1656532800000,0.02352,0.02371,0.02337,0.02343,3601.14
1656536400000,0.0234,0.02347,0.02334,0.02337,965.24
1656540000000,0.02336,0.02347,0.02299,0.02313,5167.16
1656543600000,0.02319,0.02336,0.02302,0.02329,7908.84
1656547200000,0.0233,0.02335,0.02293,0.02295,5856.44
1656550800000,0.02293,0.02332,0.02288,0.02312,7147.99
1656554400000,0.02312,0.02325,0.0229,0.02304,6079.45
1656558000000,0.02305,0.02305,0.02282,0.02295,2038.9
1656561600000,0.02297,0.02322,0.02297,0.02303,2926.06
1656565200000,0.0231,0.02318,0.02291,0.02318,2329.59
1656568800000,0.02314,0.02323,0.02268,0.02308,11792.16
1656572400000,0.02308,0.02351,0.02304,0.02326,7108.32
1656576000000,0.02324,0.02326,0.02257,0.02273,11137.46
1656579600000,0.02279,0.02295,0.02274,0.0228,3530.1
1656583200000,0.02281,0.02329,0.02272,0.02282,11059.99
1656586800000,0.02278,0.02278,0.02228,0.02244,7586.3
1656590400000,0.02245,0.0227,0.02229,0.0227,3664.3
1656594000000,0.02267,0.0227,0.0222,0.02237,5153.5
1656597600000,0.02238,0.02249,0.02234,0.02241,2559.03
1656601200000,0.0224,0.02255,0.02232,0.02248,3215.75
1656604800000,0.02248,0.02253,0.02221,0.02227,4696.82
1656608400000,0.02231,0.02244,0.02225,0.02232,1207.78
1656612000000,0.02234,0.02234,0.02216,0.02226,2603.45
1656615600000,0.02225,0.02276,0.02217,0.02275,6055.22
1656619200000,0.02273,0.0228,0.02261,0.02264,3527.79
1656622800000,0.0226,0.02262,0.02248,0.02248,2049.21
1656626400000,0.02255,0.02266,0.02245,0.02256,909.32
1656630000000,0.02262,0.02286,0.02221,0.02286,6650.67
1656633600000,0.0228,0.02281,0.02248,0.02264,6545.19
1656637200000,0.02264,0.02273,0.02238,0.0227,9761.87
1656640800000,0.02269,0.02269,0.0221,0.02226,11932.25
1656644400000,0.02227,0.02236,0.02221,0.02221,4691.97
1656648000000,0.0222,0.02224,0.02202,0.02209,5153.88
1656651600000,0.02203,0.02228,0.02196,0.0221,2904.13
1656655200000,0.02215,0.02228,0.02213,0.02219,2293.58
1656658800000,0.02218,0.02232,0.02203,0.02203,2753.11
1656662400000,0.02208,0.02213,0.02189,0.02189,2088.81
1656666000000,0.02189,0.02205,0.02184,0.02198,2590.01
1656669600000,0.02199,0.02207,0.02183,0.02194,2942.3
1656673200000,0.02193,0.02209,0.02186,0.02201,2287.16
1656676800000,0.02206,0.02228,0.02204,0.02204,2525.84
1656680400000,0.02207,0.02248,0.02201,0.02234,3857.33
1656684000000,0.02231,0.0224,0.02224,0.02227,2033.7
1656687600000,0.02229,0.02241,0.02223,0.02224,1790.09
1656691200000,0.02226,0.02229,0.02221,0.02224,1188.78
1656694800000,0.02223,0.02233,0.0222,0.02229,1289.61
1656698400000,0.02229,0.02232,0.02219,0.02228,1145.32
1656702000000,0.0223,0.02242,0.02226,0.02241,1528.61
1656705600000,0.02242,0.0225,0.02238,0.02243,1689.38
1656709200000,0.02239,0.02245,0.02233,0.02239,521.27
1656712800000,0.02239,0.02245,0.02231,0.02238,1517.32
1656716400000,0.02238,0.02245,0.02233,0.02241,1070.57
1656720000000,0.02242,0.0225,0.02226,0.02226,2563.12
1656723600000,0.02226,0.02248,0.02224,0.02244,1948.49
1656727200000,0.02243,0.02243,0.02213,0.02218,2778.32
1656730800000,0.02215,0.02215,0.02206,0.02207,1244.8
1656734400000,0.02211,0.02212,0.02193,0.02196,1769.39
1656738000000,0.02199,0.02264,0.02199,0.02247,6985.61
1656741600000,0.02247,0.02256,0.02226,0.02237,7993.92
1656745200000,0.02239,0.02267,0.02237,0.02256,3367.54
1656748800000,0.02257,0.02298,0.02256,0.02277,4950.3
1656752400000,0.02276,0.0228,0.02259,0.02272,3091.59
1656756000000,0.02273,0.02273,0.02259,0.02261,2040.42
1656759600000,0.02259,0.02276,0.02257,0.02276,773.1
1656763200000,0.02277,0.02312,0.02277,0.02307,3250.96
1656766800000,0.02307,0.02311,0.02282,0.02306,2799.0
1656770400000,0.02307,0.02336,0.02307,0.02316,4404.52
1656774000000,0.02317,0.02317,0.02233,0.02247,14601.06
1656777600000,0.02246,0.02271,0.02241,0.02266,4125.0
1656781200000,0.02262,0.02269,0.02253,0.02261,1344.73
1656784800000,0.02256,0.02268,0.02256,0.02262,1367.17
1656788400000,0.02257,0.02266,0.02245,0.02256,997.06
1656792000000,0.02257,0.02263,0.02246,0.02246,1450.76
1656795600000,0.0225,0.0226,0.0225,0.0226,301.53
1656799200000,0.0226,0.02273,0.02251,0.02255,1217.44
1656802800000,0.02255,0.02257,0.02251,0.02252,324.57
1656806400000,0.02251,0.0226,0.02247,0.02251,1533.53
1656810000000,0.0225,0.02263,0.02236,0.02258,2213.45
1656813600000,0.02261,0.02263,0.02249,0.02255,1959.9
1656817200000,0.02252,0.02263,0.0224,0.02249,2621.83
1656820800000,0.02249,0.02257,0.0221,0.02239,6378.96
1656824400000,0.0224,0.02252,0.0222,0.02223,4410.11
1656828000000,0.02227,0.02229,0.02212,0.02215,1409.18
1656831600000,0.02217,0.02226,0.02209,0.02214,1431.02
1656835200000,0.0221,0.02233,0.02204,0.02214,2900.01
1656838800000,0.02216,0.02235,0.02215,0.0223,1130.8
1656842400000,0.02228,0.02235,0.02226,0.02233,425.47
1656846000000,0.0223,0.02231,0.02218,0.02218,705.43
1656849600000,0.02223,0.02228,0.02214,0.02228,1064.5
1656853200000,0.02229,0.02231,0.02208,0.02209,1449.94
1656856800000,0.0221,0.02221,0.02204,0.02219,1420.9
1656860400000,0.02221,0.02228,0.02217,0.02222,1863.15
1656864000000,0.02221,0.02226,0.02217,0.02226,528.26
1656867600000,0.02227,0.02231,0.02225,0.02231,490.46
1656871200000,0.02227,0.02227,0.02221,0.02223,591.98
1656874800000,0.02222,0.02235,0.02217,0.02228,1219.25
1656878400000,0.02226,0.02254,0.02226,0.02251,2305.85
